,Day_length,Tmax,Tmin,Tavg,ResultSpeed,ResultDir,AvgSpeed,Sunset,Sunrise,Heat,Depart,DewPoint,WetBulb,Cool,PrecipTotal,StnPressure,Latitude,Longitude,Month,Day_length_exp,Tavg_shift,Heat_exp,Cool_shift,Tmax_shift,Tmin_shift,Depart_shift,ResultSpeed_shift,ResultDir_exp,PrecipTotal_exp,WetBulb_exp,Species_CULEX ERRATICUS,Species_CULEX PIPIENS,Species_CULEX PIPIENS/RESTUANS,Species_CULEX RESTUANS,Species_CULEX SALINARIUS,Species_CULEX TARSALIS,Species_CULEX TERRITANS
0,53760,88.0,62.5,75.5,5.8,17.0,6.95,1917,421,0.0,10,53.45788043478261,65.5,10.5,0.0,29.415,41.95469,-87.800991,5,53760.0,75.5,0.0,10.5,88.0,62.5,62.5,5.8,17.0,0.0,65.5,0,0,1,0,0,0,0
1,53760,88.0,62.5,75.5,5.8,17.0,6.95,1917,421,0.0,10,53.45788043478261,65.5,10.5,0.0,29.415,41.95469,-87.800991,5,53760.0,75.5,0.0,10.5,88.0,62.5,62.5,5.8,17.0,0.0,65.5,0,0,0,1,0,0,0
2,53760,88.0,62.5,75.5,5.8,17.0,6.95,1917,421,0.0,10,53.45788043478261,65.5,10.5,0.0,29.415,41.994991,-87.769279,5,53760.0,75.5,0.0,10.5,88.0,62.5,62.5,5.8,17.0,0.0,65.5,0,0,0,1,0,0,0
3,53760,88.0,62.5,75.5,5.8,17.0,6.95,1917,421,0.0,10,53.45788043478261,65.5,10.5,0.0,29.415,41.974089,-87.824812,5,53760.0,75.5,0.0,10.5,88.0,62.5,62.5,5.8,17.0,0.0,65.5,0,0,1,0,0,0,0
4,53760,88.0,62.5,75.5,5.8,17.0,6.95,1917,421,0.0,10,53.45788043478261,65.5,10.5,0.0,29.415,41.974089,-87.824812,5,53760.0,75.5,0.0,10.5,88.0,62.5,62.5,5.8,17.0,0.0,65.5,0,0,0,1,0,0,0
5,53760,88.0,62.5,75.5,5.8,17.0,6.95,1917,421,0.0,10,53.45788043478261,65.5,10.5,0.0,29.415,41.9216,-87.666455,5,53760.0,75.5,0.0,10.5,88.0,62.5,62.5,5.8,17.0,0.0,65.5,0,0,0,1,0,0,0
6,53760,88.0,62.5,75.5,5.8,17.0,6.95,1917,421,0.0,10,53.45788043478261,65.5,10.5,0.0,29.415,41.891118,-87.65449100000002,5,53760.0,75.5,0.0,10.5,88.0,62.5,62.5,5.8,17.0,0.0,65.5,0,0,0,1,0,0,0
7,53760,88.0,62.5,75.5,5.8,17.0,6.95,1917,421,0.0,10,53.45788043478261,65.5,10.5,0.0,29.415,41.867108,-87.654224,5,53760.0,75.5,0.0,10.5,88.0,62.5,10.0,5.8,17.0,0.0,65.5,0,0,1,0,0,0,0
8,53760,88.0,62.5,75.5,5.8,17.0,6.95,1917,421,0.0,10,53.45788043478261,65.5,10.5,0.0,29.415,41.867108,-87.654224,5,53760.0,75.5,0.0,10.5,88.0,62.5,10.0,5.8,17.0,0.0,65.5,0,0,0,1,0,0,0
9,53760,88.0,62.5,75.5,5.8,17.0,6.95,1917,421,0.0,10,53.45788043478261,65.5,10.5,0.0,29.415,41.896282,-87.655232,5,53760.0,75.5,0.0,10.5,88.0,62.5,10.0,5.8,17.0,0.0,65.5,0,0,0,1,0,0,0
10,53760,88.0,62.5,75.5,5.8,17.0,6.95,1917,421,0.0,10,53.45788043478261,65.5,10.5,0.0,29.415,41.919343,-87.694259,5,53760.0,75.5,0.0,10.5,88.0,62.5,10.0,5.8,17.0,0.0,65.5,0,0,1,0,0,0,0
11,53760,88.0,62.5,75.5,5.8,17.0,6.95,1917,421,0.0,10,53.45788043478261,65.5,10.5,0.0,29.415,41.921965,-87.632085,5,53760.0,75.5,0.0,10.5,88.0,62.5,10.0,5.8,17.0,0.0,65.5,0,0,1,0,0,0,0
12,53760,88.0,62.5,75.5,5.8,17.0,6.95,1917,421,0.0,10,53.45788043478261,65.5,10.5,0.0,29.415,41.921965,-87.632085,5,53760.0,75.5,0.0,10.5,88.0,62.5,10.0,5.8,17.0,0.0,65.5,0,0,0,1,0,0,0
13,53760,88.0,62.5,75.5,5.8,17.0,6.95,1917,421,0.0,10,53.45788043478261,65.5,10.5,0.0,29.415,41.688324,-87.676709,5,53760.0,75.5,0.0,10.5,88.0,62.5,10.0,5.8,17.0,0.0,65.5,0,0,1,0,0,0,0
14,53760,88.0,62.5,75.5,5.8,17.0,6.95,1917,421,0.0,10,53.45788043478261,65.5,10.5,0.0,29.415,41.688324,-87.676709,5,53760.0,75.5,0.0,10.5,88.0,62.5,10.0,5.8,17.0,0.0,65.5,0,0,0,1,0,0,0
15,53760,88.0,62.5,75.5,5.8,17.0,6.95,1917,421,0.0,10,53.45788043478261,65.5,10.5,0.0,29.415,41.862292,-87.64886,5,53760.0,75.5,0.0,10.5,88.0,62.5,10.0,5.8,17.0,0.0,65.5,0,0,0,1,0,0,0
16,53760,88.0,62.5,75.5,5.8,17.0,6.95,1917,421,0.0,10,53.45788043478261,65.5,10.5,0.0,29.415,41.720848,-87.666014,5,53760.0,75.5,0.0,10.5,88.0,62.5,10.0,5.8,17.0,0.0,65.5,0,0,0,1,0,0,0
17,53760,88.0,62.5,75.5,5.8,17.0,6.95,1917,421,0.0,10,53.45788043478261,65.5,10.5,0.0,29.415,41.731922,-87.677512,5,53760.0,75.5,0.0,10.5,88.0,62.5,10.0,5.8,17.0,0.0,65.5,0,1,0,0,0,0,0
18,53760,88.0,62.5,75.5,5.8,17.0,6.95,1917,421,0.0,10,53.45788043478261,65.5,10.5,0.0,29.415,41.731922,-87.677512,5,53760.0,75.5,0.0,10.5,88.0,62.5,10.0,5.8,17.0,0.0,65.5,0,0,0,1,0,0,0
19,53760,88.0,62.5,75.5,5.8,17.0,6.95,1917,421,0.0,10,53.45788043478261,65.5,10.5,0.0,29.415,41.891126,-87.61156,5,53760.0,75.5,0.0,10.5,88.0,62.5,10.0,5.8,17.0,0.0,65.5,0,0,1,0,0,0,0
20,53760,88.0,62.5,75.5,5.8,17.0,6.95,1917,421,0.0,10,53.45788043478261,65.5,10.5,0.0,29.415,41.891126,-87.61156,5,53760.0,75.5,0.0,10.5,88.0,62.5,10.0,5.8,17.0,0.0,65.5,0,0,0,1,0,0,0
21,53760,88.0,62.5,75.5,5.8,17.0,6.95,1917,421,0.0,10,53.45788043478261,65.5,10.5,0.0,29.415,41.999129,-87.795585,5,53760.0,75.5,0.0,10.5,88.0,62.5,10.0,5.8,17.0,0.0,65.5,0,0,1,0,0,0,0
22,53760,88.0,62.5,75.5,5.8,17.0,6.95,1917,421,0.0,10,53.45788043478261,65.5,10.5,0.0,29.415,42.01743,-87.68776899999996,5,53760.0,75.5,0.0,10.5,88.0,62.5,10.0,5.8,17.0,0.0,65.5,0,0,1,0,0,0,0
23,53760,88.0,62.5,75.5,5.8,17.0,6.95,1917,421,0.0,10,53.45788043478261,65.5,10.5,0.0,29.415,41.907645,-87.760886,5,53760.0,75.5,0.0,10.5,88.0,62.5,10.0,5.8,17.0,0.0,65.5,0,0,0,1,0,0,0
24,53760,88.0,62.5,75.5,5.8,17.0,6.95,1917,421,0.0,10,53.45788043478261,65.5,10.5,0.0,29.415,41.732984,-87.649642,5,53760.0,75.5,0.0,10.5,88.0,62.5,10.0,5.8,17.0,0.0,65.5,0,0,0,1,0,0,0
25,54360,63.5,49.0,56.5,5.7,4.0,7.85,1923,417,8.5,-9,53.45788043478261,51.5,0.0,0.345,29.13000000000001,41.95469,-87.800991,6,53783.076923076915,75.5,0.3269230769230769,10.5,88.0,62.5,10.0,5.8,16.5,0.01326923076923077,64.96153846153847,0,1,0,0,0,0,0
26,54360,63.5,49.0,56.5,5.7,4.0,7.85,1923,417,8.5,-9,53.45788043478261,51.5,0.0,0.345,29.13000000000001,41.95469,-87.800991,6,53804.444444444445,75.5,0.6296296296296297,10.5,88.0,62.5,10.0,5.8,16.037037037037038,0.025555555555555557,64.46296296296296,0,0,1,0,0,0,0
27,54360,63.5,49.0,56.5,5.7,4.0,7.85,1923,417,8.5,-9,53.45788043478261,51.5,0.0,0.345,29.13000000000001,41.95469,-87.800991,6,53824.285714285725,75.5,0.9107142857142856,10.5,88.0,62.5,10.0,5.8,15.607142857142858,0.03696428571428571,64.0,0,0,0,1,0,0,0
28,54360,63.5,49.0,56.5,5.7,4.0,7.85,1923,417,8.5,-9,53.45788043478261,51.5,0.0,0.345,29.13000000000001,41.98196400000001,-87.812827,6,53842.758620689645,75.5,1.1724137931034482,10.5,88.0,62.5,10.0,5.8,15.20689655172414,0.04758620689655172,63.56896551724138,0,0,0,1,0,0,0
29,54360,63.5,49.0,56.5,5.7,4.0,7.85,1923,417,8.5,-9,53.45788043478261,51.5,0.0,0.345,29.13000000000001,41.99247800000001,-87.862995,6,53860.0,75.5,1.4166666666666667,10.5,88.0,62.5,10.0,5.8,14.833333333333336,0.0575,63.16666666666666,0,0,0,1,0,0,0
30,54360,63.5,49.0,56.5,5.7,4.0,7.85,1923,417,8.5,-9,53.45788043478261,51.5,0.0,0.345,29.13000000000001,41.944869,-87.832763,6,53876.12903225807,75.5,1.6451612903225807,10.5,88.0,62.5,10.0,5.8,14.483870967741936,0.0667741935483871,62.79032258064516,0,0,0,1,0,0,0
31,54360,63.5,49.0,56.5,5.7,4.0,7.85,1923,417,8.5,-9,53.45788043478261,51.5,0.0,0.345,29.13000000000001,41.974089,-87.824812,6,53891.25,75.5,1.859375,10.5,88.0,62.5,10.0,5.8,14.15625,0.07546875,62.4375,0,0,1,0,0,0,0
32,54360,63.5,49.0,56.5,5.7,4.0,7.85,1923,417,8.5,-9,53.45788043478261,51.5,0.0,0.345,29.13000000000001,41.974089,-87.824812,6,53905.454545454544,56.5,2.060606060606061,0.0,63.5,62.5,-9.0,5.8,13.848484848484848,0.08363636363636362,62.10606060606061,0,0,0,1,0,0,0
33,54360,63.5,49.0,56.5,5.7,4.0,7.85,1923,417,8.5,-9,53.45788043478261,51.5,0.0,0.345,29.13000000000001,42.011601,-87.81150600000002,6,53918.823529411755,56.5,2.25,0.0,63.5,62.5,-9.0,5.8,13.558823529411766,0.09132352941176468,61.79411764705882,0,0,0,1,0,0,0
34,54360,63.5,49.0,56.5,5.7,4.0,7.85,1923,417,8.5,-9,53.45788043478261,51.5,0.0,0.345,29.13000000000001,41.94983,-87.69845699999998,6,53931.428571428565,56.5,2.4285714285714284,0.0,63.5,62.5,-9.0,5.8,13.285714285714285,0.09857142857142856,61.5,0,0,0,1,0,0,0
35,54360,63.5,49.0,56.5,5.7,4.0,7.85,1923,417,8.5,-9,53.45788043478261,51.5,0.0,0.345,29.13000000000001,41.979243,-87.750938,6,53943.33333333334,56.5,2.5972222222222223,0.0,63.5,49.0,-9.0,5.8,13.027777777777779,0.10541666666666663,61.22222222222222,0,0,0,1,0,0,0
36,54360,63.5,49.0,56.5,5.7,4.0,7.85,1923,417,8.5,-9,53.45788043478261,51.5,0.0,0.345,29.13000000000001,41.986921,-87.689778,6,53954.59459459459,56.5,2.756756756756757,0.0,63.5,49.0,-9.0,5.8,12.783783783783786,0.11189189189189186,60.95945945945946,0,0,0,1,0,0,0
37,54360,63.5,49.0,56.5,5.7,4.0,7.85,1923,417,8.5,-9,53.45788043478261,51.5,0.0,0.345,29.13000000000001,41.801498,-87.763416,6,53965.26315789473,56.5,2.9078947368421053,0.0,63.5,49.0,-9.0,5.8,12.552631578947368,0.11802631578947365,60.71052631578947,0,0,1,0,0,0,0
38,54360,63.5,49.0,56.5,5.7,4.0,7.85,1923,417,8.5,-9,53.45788043478261,51.5,0.0,0.345,29.13000000000001,41.906638,-87.701431,6,53975.38461538462,56.5,3.051282051282051,0.0,63.5,49.0,-9.0,5.8,12.333333333333336,0.1238461538461538,60.47435897435897,0,0,0,1,0,0,0
39,54360,63.5,49.0,56.5,5.7,4.0,7.85,1923,417,8.5,-9,53.45788043478261,51.5,0.0,0.345,29.13000000000001,41.9216,-87.666455,6,53985.0,56.5,3.1875,0.0,63.5,49.0,-9.0,5.8,12.125,0.12937499999999996,60.25,0,1,0,0,0,0,0
40,54360,63.5,49.0,56.5,5.7,4.0,7.85,1923,417,8.5,-9,53.45788043478261,51.5,0.0,0.345,29.13000000000001,41.9216,-87.666455,6,53994.146341463405,56.5,3.317073170731707,0.0,63.5,49.0,-9.0,5.8,11.926829268292684,0.13463414634146334,60.036585365853654,0,0,1,0,0,0,0
41,54360,63.5,49.0,56.5,5.7,4.0,7.85,1923,417,8.5,-9,53.45788043478261,51.5,0.0,0.345,29.13000000000001,41.9216,-87.666455,6,54002.857142857145,56.5,3.4404761904761907,0.0,63.5,49.0,-9.0,5.8,11.738095238095234,0.1396428571428571,59.83333333333334,0,0,0,1,0,0,0
42,54360,63.5,49.0,56.5,5.7,4.0,7.85,1923,417,8.5,-9,53.45788043478261,51.5,0.0,0.345,29.13000000000001,41.891118,-87.65449100000002,6,54011.162790697665,56.5,3.5581395348837215,0.0,63.5,49.0,-9.0,5.8,11.55813953488372,0.14441860465116274,59.639534883720934,0,0,0,1,0,0,0
43,54360,63.5,49.0,56.5,5.7,4.0,7.85,1923,417,8.5,-9,53.45788043478261,51.5,0.0,0.345,29.13000000000001,41.867108,-87.654224,6,54019.09090909091,56.5,3.6704545454545454,0.0,63.5,49.0,-9.0,5.8,11.386363636363635,0.14897727272727265,59.45454545454545,0,1,0,0,0,0,0
44,54360,63.5,49.0,56.5,5.7,4.0,7.85,1923,417,8.5,-9,53.45788043478261,51.5,0.0,0.345,29.13000000000001,41.867108,-87.654224,6,54026.66666666666,56.5,3.7777777777777777,0.0,63.5,49.0,-9.0,5.8,11.222222222222221,0.15333333333333327,59.27777777777778,0,0,1,0,0,0,0
45,54360,63.5,49.0,56.5,5.7,4.0,7.85,1923,417,8.5,-9,53.45788043478261,51.5,0.0,0.345,29.13000000000001,41.867108,-87.654224,6,54033.91304347825,56.5,3.8804347826086962,0.0,63.5,49.0,-9.0,5.8,11.065217391304348,0.15749999999999992,59.10869565217392,0,0,0,1,0,0,0
46,54360,63.5,49.0,56.5,5.7,4.0,7.85,1923,417,8.5,-9,53.45788043478261,51.5,0.0,0.345,29.13000000000001,41.896282,-87.655232,6,54040.85106382979,56.5,3.9787234042553186,0.0,63.5,49.0,-9.0,5.8,10.914893617021274,0.16148936170212758,58.94680851063829,0,0,0,1,0,0,0
47,54360,63.5,49.0,56.5,5.7,4.0,7.85,1923,417,8.5,-9,53.45788043478261,51.5,0.0,0.345,29.13000000000001,41.919343,-87.694259,6,54047.5,56.5,4.072916666666667,0.0,63.5,49.0,-9.0,5.8,10.770833333333336,0.16531249999999992,58.79166666666666,0,0,1,0,0,0,0
48,54360,63.5,49.0,56.5,5.7,4.0,7.85,1923,417,8.5,-9,53.45788043478261,51.5,0.0,0.345,29.13000000000001,41.919343,-87.694259,6,54053.87755102041,56.5,4.163265306122448,0.0,63.5,49.0,-9.0,5.8,10.63265306122449,0.1689795918367346,58.64285714285714,0,0,0,1,0,0,0
49,54360,63.5,49.0,56.5,5.7,4.0,7.85,1923,417,8.5,-9,53.45788043478261,51.5,0.0,0.345,29.13000000000001,41.921965,-87.632085,6,54060.0,56.5,4.25,0.0,63.5,49.0,-9.0,5.8,10.5,0.17249999999999993,58.5,0,0,0,1,0,0,0
50,54360,63.5,49.0,56.5,5.7,4.0,7.85,1923,417,8.5,-9,53.45788043478261,51.5,0.0,0.345,29.13000000000001,41.688324,-87.676709,6,54065.882352941175,56.5,4.333333333333333,0.0,63.5,49.0,-9.0,5.8,10.372549019607844,0.1758823529411764,58.362745098039206,0,0,0,1,0,0,0
51,54360,63.5,49.0,56.5,5.7,4.0,7.85,1923,417,8.5,-9,53.45788043478261,51.5,0.0,0.345,29.13000000000001,41.723195,-87.64997,6,54071.53846153847,56.5,4.413461538461538,0.0,63.5,49.0,-9.0,5.8,10.25,0.17913461538461534,58.230769230769226,0,0,0,1,0,0,0
52,54360,63.5,49.0,56.5,5.7,4.0,7.85,1923,417,8.5,-9,53.45788043478261,51.5,0.0,0.345,29.13000000000001,41.868077,-87.666901,6,54076.98113207547,56.5,4.4905660377358485,0.0,63.5,49.0,-9.0,5.8,10.132075471698114,0.1822641509433962,58.10377358490565,0,0,1,0,0,0,0
53,54360,63.5,49.0,56.5,5.7,4.0,7.85,1923,417,8.5,-9,53.45788043478261,51.5,0.0,0.345,29.13000000000001,41.868077,-87.666901,6,54082.22222222222,56.5,4.564814814814816,0.0,63.5,49.0,-9.0,5.7,10.018518518518519,0.18527777777777776,57.981481481481474,0,0,0,1,0,0,0
54,54360,63.5,49.0,56.5,5.7,4.0,7.85,1923,417,8.5,-9,53.45788043478261,51.5,0.0,0.345,29.13000000000001,41.869216,-87.627561,6,54087.272727272735,56.5,4.636363636363637,0.0,63.5,49.0,-9.0,5.7,9.909090909090908,0.18818181818181814,57.86363636363637,0,0,1,0,0,0,0
55,54360,63.5,49.0,56.5,5.7,4.0,7.85,1923,417,8.5,-9,53.45788043478261,51.5,0.0,0.345,29.13000000000001,41.720848,-87.666014,6,54092.142857142855,56.5,4.705357142857143,0.0,63.5,49.0,-9.0,5.7,9.803571428571429,0.19098214285714285,57.75,0,0,1,0,0,0,0
56,54360,63.5,49.0,56.5,5.7,4.0,7.85,1923,417,8.5,-9,53.45788043478261,51.5,0.0,0.345,29.13000000000001,41.731922,-87.677512,6,54096.84210526317,56.5,4.771929824561403,0.0,63.5,49.0,-9.0,5.7,9.701754385964913,0.1936842105263158,57.64035087719297,0,1,0,0,0,0,0
57,54360,63.5,49.0,56.5,5.7,4.0,7.85,1923,417,8.5,-9,53.45788043478261,51.5,0.0,0.345,29.13000000000001,41.731922,-87.677512,6,54101.379310344826,56.5,4.836206896551723,0.0,63.5,49.0,-9.0,5.7,9.603448275862071,0.19629310344827589,57.53448275862069,0,0,1,0,0,0,0
58,54360,63.5,49.0,56.5,5.7,4.0,7.85,1923,417,8.5,-9,53.45788043478261,51.5,0.0,0.345,29.13000000000001,41.731922,-87.677512,6,54105.762711864416,56.5,4.898305084745763,0.0,63.5,49.0,-9.0,5.7,9.508474576271187,0.19881355932203396,57.432203389830505,0,0,0,1,0,0,0
59,54360,63.5,49.0,56.5,5.7,4.0,7.85,1923,417,8.5,-9,53.45788043478261,51.5,0.0,0.345,29.13000000000001,41.662014,-87.72460799999998,6,54110.0,56.5,4.958333333333333,0.0,63.5,49.0,-9.0,5.7,9.416666666666666,0.20125000000000004,57.33333333333334,0,1,0,0,0,0,0
60,54360,63.5,49.0,56.5,5.7,4.0,7.85,1923,417,8.5,-9,53.45788043478261,51.5,0.0,0.345,29.13000000000001,41.662014,-87.72460799999998,6,54114.098360655735,56.5,5.0163934426229515,0.0,63.5,49.0,-9.0,5.7,9.327868852459016,0.20360655737704925,57.23770491803279,0,0,1,0,0,0,0
61,54360,63.5,49.0,56.5,5.7,4.0,7.85,1923,417,8.5,-9,53.45788043478261,51.5,0.0,0.345,29.13000000000001,41.662014,-87.72460799999998,6,54118.06451612903,56.5,5.07258064516129,0.0,63.5,49.0,-9.0,5.7,9.241935483870966,0.2058870967741936,57.145161290322584,0,0,0,1,0,0,0
62,54360,63.5,49.0,56.5,5.7,4.0,7.85,1923,417,8.5,-9,53.45788043478261,51.5,0.0,0.345,29.13000000000001,41.961743,-87.76007,6,54121.90476190476,56.5,5.126984126984127,0.0,63.5,49.0,-9.0,5.7,9.158730158730158,0.20809523809523814,57.055555555555564,0,0,1,0,0,0,0
63,54360,63.5,49.0,56.5,5.7,4.0,7.85,1923,417,8.5,-9,53.45788043478261,51.5,0.0,0.345,29.13000000000001,41.961743,-87.76007,6,54125.625,56.5,5.1796875,0.0,63.5,49.0,-9.0,5.7,9.078125,0.21023437500000008,56.96875,0,0,0,1,0,0,0
64,54360,63.5,49.0,56.5,5.7,4.0,7.85,1923,417,8.5,-9,53.45788043478261,51.5,0.0,0.345,29.13000000000001,41.953067,-87.776792,6,54129.23076923077,56.5,5.230769230769232,0.0,63.5,49.0,-9.0,5.7,9.0,0.2123076923076924,56.884615384615394,0,0,1,0,0,0,0
65,54360,63.5,49.0,56.5,5.7,4.0,7.85,1923,417,8.5,-9,53.45788043478261,51.5,0.0,0.345,29.13000000000001,41.953067,-87.776792,6,54132.727272727265,56.5,5.28030303030303,0.0,63.5,49.0,-9.0,5.7,8.924242424242424,0.2143181818181819,56.80303030303031,0,0,0,1,0,0,0
66,54360,63.5,49.0,56.5,5.7,4.0,7.85,1923,417,8.5,-9,53.45788043478261,51.5,0.0,0.345,29.13000000000001,41.999129,-87.795585,6,54136.11940298507,56.5,5.328358208955224,0.0,63.5,49.0,-9.0,5.7,8.850746268656716,0.216268656716418,56.72388059701493,0,0,1,0,0,0,0
67,54360,63.5,49.0,56.5,5.7,4.0,7.85,1923,417,8.5,-9,53.45788043478261,51.5,0.0,0.345,29.13000000000001,41.999129,-87.795585,6,54139.41176470588,56.5,5.375,0.0,63.5,49.0,-9.0,5.7,8.779411764705884,0.21816176470588247,56.647058823529406,0,0,0,1,0,0,0
68,54360,63.5,49.0,56.5,5.7,4.0,7.85,1923,417,8.5,-9,53.45788043478261,51.5,0.0,0.345,29.13000000000001,41.878114,-87.629798,6,54142.608695652176,56.5,5.420289855072464,0.0,63.5,49.0,-9.0,5.7,8.710144927536232,0.2200000000000001,56.57246376811594,0,0,0,1,0,0,0
69,54360,63.5,49.0,56.5,5.7,4.0,7.85,1923,417,8.5,-9,53.45788043478261,51.5,0.0,0.345,29.13000000000001,41.958271,-87.702575,6,54145.714285714275,56.5,5.4642857142857135,0.0,63.5,49.0,-9.0,5.7,8.642857142857142,0.2217857142857144,56.5,0,0,1,0,0,0,0
70,54360,63.5,49.0,56.5,5.7,4.0,7.85,1923,417,8.5,-9,53.45788043478261,51.5,0.0,0.345,29.13000000000001,41.958271,-87.702575,6,54148.7323943662,56.5,5.507042253521126,0.0,63.5,49.0,-9.0,5.7,8.577464788732394,0.22352112676056352,56.42957746478874,0,0,0,1,0,0,0
71,54360,63.5,49.0,56.5,5.7,4.0,7.85,1923,417,8.5,-9,53.45788043478261,51.5,0.0,0.345,29.13000000000001,41.932094,-87.700117,6,54151.66666666666,56.5,5.548611111111112,0.0,63.5,49.0,-9.0,5.7,8.51388888888889,0.2252083333333335,56.361111111111114,0,0,0,1,0,0,0
72,54360,63.5,49.0,56.5,5.7,4.0,7.85,1923,417,8.5,-9,53.45788043478261,51.5,0.0,0.345,29.13000000000001,41.994469,-87.667736,6,54154.520547945205,56.5,5.589041095890411,0.0,63.5,49.0,-9.0,5.7,8.452054794520548,0.2268493150684933,56.294520547945204,0,0,1,0,0,0,0
73,54360,63.5,49.0,56.5,5.7,4.0,7.85,1923,417,8.5,-9,53.45788043478261,51.5,0.0,0.345,29.13000000000001,42.006858,-87.675919,6,54157.29729729731,56.5,5.628378378378378,0.0,63.5,49.0,-9.0,5.7,8.391891891891891,0.2284459459459461,56.229729729729726,0,0,0,1,0,0,0
74,54360,63.5,49.0,56.5,5.7,4.0,7.85,1923,417,8.5,-9,53.45788043478261,51.5,0.0,0.345,29.13000000000001,41.916265,-87.800515,6,54160.0,56.5,5.666666666666668,0.0,63.5,49.0,-9.0,5.7,8.333333333333334,0.2300000000000001,56.16666666666666,0,0,1,0,0,0,0
75,54360,63.5,49.0,56.5,5.7,4.0,7.85,1923,417,8.5,-9,53.45788043478261,51.5,0.0,0.345,29.13000000000001,41.916265,-87.800515,6,54162.631578947374,56.5,5.703947368421053,0.0,63.5,49.0,-9.0,5.7,8.276315789473685,0.2315131578947369,56.10526315789475,0,0,0,1,0,0,0
76,54360,63.5,49.0,56.5,5.7,4.0,7.85,1923,417,8.5,-9,53.45788043478261,51.5,0.0,0.345,29.13000000000001,41.846075,-87.716277,6,54165.194805194806,56.5,5.7402597402597415,0.0,63.5,49.0,-9.0,5.7,8.220779220779223,0.23298701298701305,56.04545454545455,0,0,0,1,0,0,0
77,54360,63.5,49.0,56.5,5.7,4.0,7.85,1923,417,8.5,-9,53.45788043478261,51.5,0.0,0.345,29.13000000000001,41.907645,-87.760886,6,54167.69230769231,56.5,5.7756410256410255,0.0,63.5,49.0,-9.0,5.7,8.166666666666666,0.23442307692307696,55.98717948717949,0,0,0,1,0,0,0
78,54360,63.5,49.0,56.5,5.7,4.0,7.85,1923,417,8.5,-9,53.45788043478261,51.5,0.0,0.345,29.13000000000001,41.918705,-87.752329,6,54170.12658227848,56.5,5.810126582278482,0.0,63.5,49.0,-9.0,5.7,8.113924050632912,0.2358227848101266,55.93037974683544,0,0,0,1,0,0,0
79,54360,63.5,49.0,56.5,5.7,4.0,7.85,1923,417,8.5,-9,53.45788043478261,51.5,0.0,0.345,29.13000000000001,41.682587,-87.707973,6,54172.5,56.5,5.84375,0.0,63.5,49.0,-9.0,5.7,8.0625,0.2371875,55.875,0,0,1,0,0,0,0
80,54360,63.5,49.0,56.5,5.7,4.0,7.85,1923,417,8.5,-9,53.45788043478261,51.5,0.0,0.345,29.13000000000001,41.682587,-87.707973,6,54174.81481481482,56.5,5.876543209876544,0.0,63.5,49.0,-9.0,5.7,8.012345679012345,0.2385185185185185,55.820987654320994,0,0,0,1,0,0,0
81,54360,63.5,49.0,56.5,5.7,4.0,7.85,1923,417,8.5,-9,53.45788043478261,51.5,0.0,0.345,29.13000000000001,41.732984,-87.649642,6,54177.07317073171,56.5,5.9085365853658525,0.0,63.5,49.0,-9.0,5.7,7.963414634146342,0.2398170731707317,55.76829268292683,0,0,0,1,0,0,0
82,54360,63.5,49.0,56.5,5.7,4.0,7.85,1923,417,8.5,-9,53.45788043478261,51.5,0.0,0.345,29.13000000000001,41.725517,-87.61425799999998,6,54179.277108433744,56.5,5.9397590361445785,0.0,63.5,49.0,-9.0,5.7,7.9156626506024095,0.2410843373493976,55.716867469879524,0,0,1,0,0,0,0
83,54360,63.5,49.0,56.5,5.7,4.0,7.85,1923,417,8.5,-9,53.45788043478261,51.5,0.0,0.345,29.13000000000001,41.948167,-87.730698,6,54181.428571428565,56.5,5.970238095238094,0.0,63.5,49.0,-9.0,5.7,7.8690476190476195,0.2423214285714285,55.66666666666666,0,0,1,0,0,0,0
84,54360,63.5,49.0,56.5,5.7,4.0,7.85,1923,417,8.5,-9,53.45788043478261,51.5,0.0,0.345,29.13000000000001,41.948167,-87.730698,6,54183.52941176471,56.5,6.0,0.0,63.5,49.0,-9.0,5.7,7.8235294117647065,0.24352941176470586,55.61764705882353,0,0,0,1,0,0,0
85,54360,63.5,49.0,56.5,5.7,4.0,7.85,1923,417,8.5,-9,53.45788043478261,51.5,0.0,0.345,29.13000000000001,41.963976,-87.69181,6,54185.58139534884,56.5,6.02906976744186,0.0,63.5,49.0,-9.0,5.7,7.77906976744186,0.2447093023255813,55.569767441860456,0,0,0,1,0,0,0
86,54780,91.5,71.5,81.5,6.6999999999999975,21.5,7.6,1931,418,0.0,10,53.45788043478261,72.0,16.5,0.08,29.42,41.953705,-87.733974,6,54192.41379310345,56.5,5.959770114942528,0.0,63.5,49.0,-9.0,5.7,7.936781609195402,0.2428160919540229,55.75862068965517,0,0,1,0,0,0,0
87,54780,91.5,71.5,81.5,6.6999999999999975,21.5,7.6,1931,418,0.0,10,53.45788043478261,72.0,16.5,0.08,29.42,41.95469,-87.800991,6,54199.09090909091,56.5,5.892045454545454,0.0,63.5,49.0,-9.0,5.7,8.090909090909092,0.24096590909090895,55.94318181818182,0,0,1,0,0,0,0
88,54780,91.5,71.5,81.5,6.6999999999999975,21.5,7.6,1931,418,0.0,10,53.45788043478261,72.0,16.5,0.08,29.42,41.95469,-87.800991,6,54205.61797752808,56.5,5.8258426966292145,0.0,63.5,49.0,-9.0,5.7,8.241573033707867,0.2391573033707864,56.12359550561798,0,0,0,1,0,0,0
89,54780,91.5,71.5,81.5,6.6999999999999975,21.5,7.6,1931,418,0.0,10,53.45788043478261,72.0,16.5,0.08,29.42,41.95469,-87.800991,6,54212.0,56.5,5.761111111111112,0.0,63.5,49.0,-9.0,5.7,8.38888888888889,0.2373888888888888,56.3,0,0,0,0,1,0,0
90,54780,91.5,71.5,81.5,6.6999999999999975,21.5,7.6,1931,418,0.0,10,53.45788043478261,72.0,16.5,0.08,29.42,41.964242,-87.757639,6,54218.241758241755,56.5,5.697802197802197,0.0,63.5,49.0,-9.0,5.7,8.532967032967033,0.2356593406593405,56.47252747252747,0,0,0,1,0,0,0
91,54780,91.5,71.5,81.5,6.6999999999999975,21.5,7.6,1931,418,0.0,10,53.45788043478261,72.0,16.5,0.08,29.42,41.990284,-87.797127,6,54224.34782608696,56.5,5.6358695652173925,0.0,63.5,49.0,-9.0,5.7,8.673913043478262,0.23396739130434765,56.64130434782609,0,0,1,0,0,0,0
92,54780,91.5,71.5,81.5,6.6999999999999975,21.5,7.6,1931,418,0.0,10,53.45788043478261,72.0,16.5,0.08,29.42,41.990284,-87.797127,6,54230.32258064517,56.5,5.575268817204301,0.0,63.5,49.0,-9.0,5.7,8.811827956989248,0.2323118279569891,56.806451612903224,0,0,0,1,0,0,0
93,54780,91.5,71.5,81.5,6.6999999999999975,21.5,7.6,1931,418,0.0,10,53.45788043478261,72.0,16.5,0.08,29.42,41.994991,-87.769279,6,54236.17021276597,81.5,5.5159574468085095,16.5,91.5,49.0,10.0,5.7,8.946808510638299,0.2306914893617019,56.96808510638298,0,0,1,0,0,0,0
94,54780,91.5,71.5,81.5,6.6999999999999975,21.5,7.6,1931,418,0.0,10,53.45788043478261,72.0,16.5,0.08,29.42,41.994991,-87.769279,6,54241.89473684211,81.5,5.457894736842105,16.5,91.5,49.0,10.0,5.7,9.078947368421053,0.2291052631578945,57.126315789473686,0,0,0,1,0,0,0
95,54780,91.5,71.5,81.5,6.6999999999999975,21.5,7.6,1931,418,0.0,10,53.45788043478261,72.0,16.5,0.08,29.42,42.008314,-87.77792099999998,6,54247.5,81.5,5.401041666666668,16.5,91.5,49.0,10.0,5.7,9.208333333333334,0.2275520833333331,57.28125,0,0,0,1,0,0,0
96,54780,91.5,71.5,81.5,6.6999999999999975,21.5,7.6,1931,418,0.0,10,53.45788043478261,72.0,16.5,0.08,29.42,41.944869,-87.832763,6,54252.98969072165,81.5,5.345360824742269,16.5,91.5,71.5,10.0,5.7,9.335051546391751,0.2260309278350513,57.43298969072165,0,0,1,0,0,0,0
97,54780,91.5,71.5,81.5,6.6999999999999975,21.5,7.6,1931,418,0.0,10,53.45788043478261,72.0,16.5,0.08,29.42,41.944869,-87.832763,6,54258.36734693877,81.5,5.290816326530612,16.5,91.5,71.5,10.0,5.7,9.459183673469388,0.22454081632653036,57.58163265306123,0,0,0,1,0,0,0
98,54780,91.5,71.5,81.5,6.6999999999999975,21.5,7.6,1931,418,0.0,10,53.45788043478261,72.0,16.5,0.08,29.42,41.991429,-87.747113,6,54263.63636363637,81.5,5.237373737373737,16.5,91.5,71.5,10.0,5.7,9.58080808080808,0.2230808080808078,57.72727272727273,0,0,1,0,0,0,0
99,54780,91.5,71.5,81.5,6.6999999999999975,21.5,7.6,1931,418,0.0,10,53.45788043478261,72.0,16.5,0.08,29.42,41.974089,-87.824812,6,54268.8,81.5,5.185,16.5,91.5,71.5,10.0,5.7,9.7,0.2216499999999997,57.87,0,0,0,1,0,0,0
100,54780,91.5,71.5,81.5,6.6999999999999975,21.5,7.6,1931,418,0.0,10,53.45788043478261,72.0,16.5,0.08,29.42,42.011601,-87.81150600000002,6,54273.86138613861,81.5,5.133663366336633,16.5,91.5,71.5,10.0,5.7,9.816831683168315,0.22024752475247492,58.00990099009901,0,0,1,0,0,0,0
101,54780,91.5,71.5,81.5,6.6999999999999975,21.5,7.6,1931,418,0.0,10,53.45788043478261,72.0,16.5,0.08,29.42,42.011601,-87.81150600000002,6,54278.823529411755,81.5,5.083333333333333,16.5,91.5,71.5,10.0,5.7,9.931372549019608,0.2188725490196075,58.147058823529406,0,0,0,1,0,0,0
102,54780,91.5,71.5,81.5,6.6999999999999975,21.5,7.6,1931,418,0.0,10,53.45788043478261,72.0,16.5,0.08,29.42,41.94983,-87.69845699999998,6,54283.68932038835,81.5,5.033980582524271,16.5,91.5,71.5,10.0,5.7,10.04368932038835,0.21752427184465986,58.28155339805825,0,0,0,1,0,0,0
103,54780,91.5,71.5,81.5,6.6999999999999975,21.5,7.6,1931,418,0.0,10,53.45788043478261,72.0,16.5,0.08,29.42,41.979243,-87.750938,6,54288.46153846153,81.5,4.9855769230769225,16.5,91.5,71.5,10.0,5.7,10.153846153846152,0.21620192307692274,58.41346153846154,0,0,1,0,0,0,0
104,54780,91.5,71.5,81.5,6.6999999999999975,21.5,7.6,1931,418,0.0,10,53.45788043478261,72.0,16.5,0.08,29.42,41.986921,-87.689778,6,54293.142857142855,81.5,4.938095238095238,16.5,91.5,71.5,10.0,5.7,10.261904761904765,0.21490476190476154,58.542857142857144,0,0,1,0,0,0,0
105,54780,91.5,71.5,81.5,6.6999999999999975,21.5,7.6,1931,418,0.0,10,53.45788043478261,72.0,16.5,0.08,29.42,41.986921,-87.689778,6,54297.73584905661,81.5,4.8915094339622645,16.5,91.5,71.5,10.0,5.7,10.367924528301886,0.2136320754716977,58.66981132075472,0,0,0,1,0,0,0
106,54780,91.5,71.5,81.5,6.6999999999999975,21.5,7.6,1931,418,0.0,10,53.45788043478261,72.0,16.5,0.08,29.42,41.906638,-87.701431,6,54302.2429906542,81.5,4.845794392523365,16.5,91.5,71.5,10.0,5.7,10.47196261682243,0.21238317757009306,58.79439252336449,0,0,1,0,0,0,0
107,54780,91.5,71.5,81.5,6.6999999999999975,21.5,7.6,1931,418,0.0,10,53.45788043478261,72.0,16.5,0.08,29.42,41.906638,-87.701431,6,54306.66666666666,81.5,4.800925925925926,16.5,91.5,71.5,10.0,5.7,10.574074074074074,0.21115740740740704,58.91666666666666,0,0,0,1,0,0,0
108,54780,91.5,71.5,81.5,6.6999999999999975,21.5,7.6,1931,418,0.0,10,53.45788043478261,72.0,16.5,0.08,29.42,41.843811,-87.686763,6,54311.009174311934,81.5,4.756880733944954,16.5,91.5,71.5,10.0,5.7,10.674311926605503,0.20995412844036654,59.03669724770642,0,0,0,1,0,0,0
109,54780,91.5,71.5,81.5,6.6999999999999975,21.5,7.6,1931,418,0.0,10,53.45788043478261,72.0,16.5,0.08,29.42,41.921177,-87.79518,6,54315.272727272735,81.5,4.713636363636363,16.5,91.5,71.5,10.0,5.7,10.772727272727273,0.2087727272727269,59.15454545454546,0,0,0,1,0,0,0
110,54780,91.5,71.5,81.5,6.6999999999999975,21.5,7.6,1931,418,0.0,10,53.45788043478261,72.0,16.5,0.08,29.42,41.852652,-87.719887,6,54319.45945945946,81.5,4.671171171171171,16.5,91.5,71.5,10.0,5.7,10.869369369369368,0.20761261261261216,59.270270270270274,0,0,1,0,0,0,0
111,54780,91.5,71.5,81.5,6.6999999999999975,21.5,7.6,1931,418,0.0,10,53.45788043478261,72.0,16.5,0.08,29.42,41.852652,-87.719887,6,54323.571428571435,81.5,4.629464285714286,16.5,91.5,71.5,10.0,5.7,10.964285714285712,0.20647321428571386,59.38392857142857,0,0,0,1,0,0,0
112,54780,91.5,71.5,81.5,6.6999999999999975,21.5,7.6,1931,418,0.0,10,53.45788043478261,72.0,16.5,0.08,29.42,41.857402,-87.694991,6,54327.61061946904,81.5,4.588495575221238,16.5,91.5,71.5,10.0,5.7,11.057522123893808,0.2053539823008845,59.49557522123894,0,0,0,1,0,0,0
113,54780,91.5,71.5,81.5,6.6999999999999975,21.5,7.6,1931,418,0.0,10,53.45788043478261,72.0,16.5,0.08,29.42,41.9216,-87.666455,6,54331.57894736842,81.5,4.548245614035086,16.5,91.5,71.5,10.0,5.7,11.149122807017543,0.20425438596491186,59.60526315789475,0,0,1,0,0,0,0
114,54780,91.5,71.5,81.5,6.6999999999999975,21.5,7.6,1931,418,0.0,10,53.45788043478261,72.0,16.5,0.08,29.42,41.9216,-87.666455,6,54335.47826086957,81.5,4.508695652173913,16.5,91.5,71.5,10.0,6.6999999999999975,11.23913043478261,0.2031739130434778,59.71304347826087,0,0,0,1,0,0,0
115,54780,91.5,71.5,81.5,6.6999999999999975,21.5,7.6,1931,418,0.0,10,53.45788043478261,72.0,16.5,0.08,29.42,41.891118,-87.65449100000002,6,54339.31034482759,81.5,4.469827586206896,16.5,91.5,71.5,10.0,6.6999999999999975,11.327586206896553,0.2021120689655168,59.81896551724138,0,0,1,0,0,0,0
116,54780,91.5,71.5,81.5,6.6999999999999975,21.5,7.6,1931,418,0.0,10,53.45788043478261,72.0,16.5,0.08,29.42,41.891118,-87.65449100000002,6,54343.076923076915,81.5,4.431623931623932,16.5,91.5,71.5,10.0,6.6999999999999975,11.414529914529915,0.2010683760683756,59.92307692307693,0,0,0,1,0,0,0
117,54780,91.5,71.5,81.5,6.6999999999999975,21.5,7.6,1931,418,0.0,10,53.45788043478261,72.0,16.5,0.08,29.42,41.868142,-87.696269,6,54346.77966101695,81.5,4.3940677966101696,16.5,91.5,71.5,10.0,6.6999999999999975,11.5,0.20004237288135546,60.025423728813564,0,0,1,0,0,0,0
118,54780,91.5,71.5,81.5,6.6999999999999975,21.5,7.6,1931,418,0.0,10,53.45788043478261,72.0,16.5,0.08,29.42,41.868142,-87.696269,6,54350.42016806723,81.5,4.357142857142857,16.5,91.5,71.5,10.0,6.6999999999999975,11.584033613445378,0.1990336134453776,60.12605042016806,0,0,0,1,0,0,0
119,54780,91.5,71.5,81.5,6.6999999999999975,21.5,7.6,1931,418,0.0,10,53.45788043478261,72.0,16.5,0.08,29.42,41.867108,-87.654224,6,54354.0,81.5,4.320833333333334,16.5,91.5,71.5,10.0,6.6999999999999975,11.666666666666664,0.19804166666666612,60.225,0,0,1,0,0,0,0
120,54780,91.5,71.5,81.5,6.6999999999999975,21.5,7.6,1931,418,0.0,10,53.45788043478261,72.0,16.5,0.08,29.42,41.896282,-87.655232,6,54357.52066115703,81.5,4.285123966942149,16.5,91.5,71.5,10.0,6.6999999999999975,11.747933884297519,0.1970661157024788,60.32231404958678,0,0,0,1,0,0,0
121,54780,91.5,71.5,81.5,6.6999999999999975,21.5,7.6,1931,418,0.0,10,53.45788043478261,72.0,16.5,0.08,29.42,41.919343,-87.694259,6,54360.983606557376,81.5,4.25,16.5,91.5,71.5,10.0,6.6999999999999975,11.827868852459016,0.19610655737704866,60.41803278688525,0,0,0,1,0,0,0
122,54780,91.5,71.5,81.5,6.6999999999999975,21.5,7.6,1931,418,0.0,10,53.45788043478261,72.0,16.5,0.08,29.42,41.846283,-87.656913,6,54364.39024390244,81.5,4.215447154471545,16.5,91.5,71.5,10.0,6.6999999999999975,11.90650406504065,0.1951626016260157,60.512195121951216,0,0,1,0,0,0,0
123,54780,91.5,71.5,81.5,6.6999999999999975,21.5,7.6,1931,418,0.0,10,53.45788043478261,72.0,16.5,0.08,29.42,41.721474,-87.648064,6,54367.741935483864,81.5,4.181451612903226,16.5,91.5,71.5,10.0,6.6999999999999975,11.983870967741936,0.19423387096774136,60.604838709677416,0,0,0,1,0,0,0
124,54780,91.5,71.5,81.5,6.6999999999999975,21.5,7.6,1931,418,0.0,10,53.45788043478261,72.0,16.5,0.08,29.42,41.688324,-87.676709,6,54371.04,81.5,4.148,16.5,91.5,71.5,10.0,6.6999999999999975,12.06,0.19331999999999944,60.696000000000005,0,0,1,0,0,0,0
125,54780,91.5,71.5,81.5,6.6999999999999975,21.5,7.6,1931,418,0.0,10,53.45788043478261,72.0,16.5,0.08,29.42,41.688324,-87.676709,6,54374.285714285725,81.5,4.115079365079366,16.5,91.5,71.5,10.0,6.6999999999999975,12.134920634920634,0.19242063492063435,60.78571428571429,0,0,0,1,0,0,0
126,54780,91.5,71.5,81.5,6.6999999999999975,21.5,7.6,1931,418,0.0,10,53.45788043478261,72.0,16.5,0.08,29.42,41.869107,-87.69629300000004,6,54377.48031496064,81.5,4.0826771653543314,16.5,91.5,71.5,10.0,6.6999999999999975,12.208661417322835,0.19153543307086554,60.8740157480315,0,1,0,0,0,0,0
127,54780,91.5,71.5,81.5,6.6999999999999975,21.5,7.6,1931,418,0.0,10,53.45788043478261,72.0,16.5,0.08,29.42,41.868077,-87.666901,6,54380.625,81.5,4.05078125,16.5,91.5,71.5,10.0,6.6999999999999975,12.28125,0.1906640624999994,60.9609375,0,1,0,0,0,0,0
128,54780,91.5,71.5,81.5,6.6999999999999975,21.5,7.6,1931,418,0.0,10,53.45788043478261,72.0,16.5,0.08,29.42,41.868077,-87.666901,6,54383.72093023256,81.5,4.01937984496124,16.5,91.5,71.5,10.0,6.6999999999999975,12.352713178294573,0.189806201550387,61.04651162790697,0,0,1,0,0,0,0
129,54780,91.5,71.5,81.5,6.6999999999999975,21.5,7.6,1931,418,0.0,10,53.45788043478261,72.0,16.5,0.08,29.42,41.868077,-87.666901,6,54386.76923076923,81.5,3.9884615384615385,16.5,91.5,71.5,10.0,6.6999999999999975,12.423076923076925,0.18896153846153785,61.130769230769225,0,0,0,1,0,0,0
130,54780,91.5,71.5,81.5,6.6999999999999975,21.5,7.6,1931,418,0.0,10,53.45788043478261,72.0,16.5,0.08,29.42,41.731922,-87.677512,6,54389.770992366415,81.5,3.958015267175573,16.5,91.5,71.5,10.0,6.6999999999999975,12.492366412213741,0.18812977099236575,61.21374045801527,0,0,0,1,0,0,0
131,54780,91.5,71.5,81.5,6.6999999999999975,21.5,7.6,1931,418,0.0,10,53.45788043478261,72.0,16.5,0.08,29.42,41.891126,-87.61156,6,54392.727272727265,81.5,3.928030303030303,16.5,91.5,71.5,10.0,6.6999999999999975,12.56060606060606,0.18731060606060546,61.29545454545455,0,0,1,0,0,0,0
132,54780,91.5,71.5,81.5,6.6999999999999975,21.5,7.6,1931,418,0.0,10,53.45788043478261,72.0,16.5,0.08,29.42,41.891126,-87.61156,6,54395.639097744366,81.5,3.898496240601504,16.5,91.5,71.5,10.0,6.6999999999999975,12.62781954887218,0.1865037593984956,61.37593984962406,0,0,0,1,0,0,0
133,54780,91.5,71.5,81.5,6.6999999999999975,21.5,7.6,1931,418,0.0,10,53.45788043478261,72.0,16.5,0.08,29.42,41.662014,-87.72460799999998,6,54398.507462686575,81.5,3.8694029850746263,16.5,91.5,71.5,10.0,6.6999999999999975,12.694029850746267,0.18570895522387995,61.45522388059702,0,1,0,0,0,0,0
134,54780,91.5,71.5,81.5,6.6999999999999975,21.5,7.6,1931,418,0.0,10,53.45788043478261,72.0,16.5,0.08,29.42,41.662014,-87.72460799999998,6,54401.33333333334,81.5,3.840740740740741,16.5,91.5,71.5,10.0,6.6999999999999975,12.75925925925926,0.18492592592592527,61.53333333333333,0,0,1,0,0,0,0
135,54780,91.5,71.5,81.5,6.6999999999999975,21.5,7.6,1931,418,0.0,10,53.45788043478261,72.0,16.5,0.08,29.42,41.662014,-87.72460799999998,6,54404.117647058825,81.5,3.8125,16.5,91.5,71.5,10.0,6.6999999999999975,12.823529411764708,0.1841544117647052,61.610294117647065,0,0,0,1,0,0,0
136,54780,91.5,71.5,81.5,6.6999999999999975,21.5,7.6,1931,418,0.0,10,53.45788043478261,72.0,16.5,0.08,29.42,41.961743,-87.76007,6,54406.86131386861,81.5,3.784671532846716,16.5,91.5,71.5,10.0,6.6999999999999975,12.886861313868613,0.18339416058394087,61.68613138686131,0,0,1,0,0,0,0
137,54780,91.5,71.5,81.5,6.6999999999999975,21.5,7.6,1931,418,0.0,10,53.45788043478261,72.0,16.5,0.08,29.42,41.961743,-87.76007,6,54409.5652173913,81.5,3.757246376811594,16.5,91.5,71.5,10.0,6.6999999999999975,12.94927536231884,0.1826449275362312,61.76086956521739,0,0,0,1,0,0,0
138,54780,91.5,71.5,81.5,6.6999999999999975,21.5,7.6,1931,418,0.0,10,53.45788043478261,72.0,16.5,0.08,29.42,41.953067,-87.776792,6,54412.23021582733,81.5,3.7302158273381294,16.5,91.5,71.5,10.0,6.6999999999999975,13.010791366906474,0.1819064748201432,61.834532374100725,0,0,0,1,0,0,0
139,54780,91.5,71.5,81.5,6.6999999999999975,21.5,7.6,1931,418,0.0,10,53.45788043478261,72.0,16.5,0.08,29.42,41.999129,-87.795585,6,54414.857142857145,81.5,3.7035714285714287,16.5,91.5,71.5,10.0,6.6999999999999975,13.071428571428573,0.18117857142857074,61.90714285714286,0,0,1,0,0,0,0
140,54780,91.5,71.5,81.5,6.6999999999999975,21.5,7.6,1931,418,0.0,10,53.45788043478261,72.0,16.5,0.08,29.42,41.999129,-87.795585,6,54417.446808510635,81.5,3.6773049645390072,16.5,91.5,71.5,10.0,6.6999999999999975,13.131205673758865,0.1804609929078007,61.97872340425533,0,0,0,1,0,0,0
141,54780,91.5,71.5,81.5,6.6999999999999975,21.5,7.6,1931,418,0.0,10,53.45788043478261,72.0,16.5,0.08,29.42,41.878114,-87.629798,6,54420.0,81.5,3.6514084507042255,16.5,91.5,71.5,10.0,6.6999999999999975,13.190140845070422,0.17975352112675985,62.049295774647895,0,0,0,1,0,0,0
142,54780,91.5,71.5,81.5,6.6999999999999975,21.5,7.6,1931,418,0.0,10,53.45788043478261,72.0,16.5,0.08,29.42,41.958271,-87.702575,6,54422.51748251748,81.5,3.6258741258741267,16.5,91.5,71.5,10.0,6.6999999999999975,13.248251748251748,0.17905594405594333,62.11888111888112,0,0,0,1,0,0,0
143,54780,91.5,71.5,81.5,6.6999999999999975,21.5,7.6,1931,418,0.0,10,53.45788043478261,72.0,16.5,0.08,29.42,41.932094,-87.700117,6,54425.0,81.5,3.6006944444444446,16.5,91.5,71.5,10.0,6.6999999999999975,13.305555555555555,0.17836805555555482,62.1875,0,0,0,1,0,0,0
144,54780,91.5,71.5,81.5,6.6999999999999975,21.5,7.6,1931,418,0.0,10,53.45788043478261,72.0,16.5,0.08,29.42,42.01743,-87.68776899999996,6,54427.44827586207,81.5,3.575862068965517,16.5,91.5,71.5,10.0,6.6999999999999975,13.362068965517242,0.17768965517241306,62.255172413793105,0,0,1,0,0,0,0
145,54780,91.5,71.5,81.5,6.6999999999999975,21.5,7.6,1931,418,0.0,10,53.45788043478261,72.0,16.5,0.08,29.42,42.01743,-87.68776899999996,6,54429.86301369863,81.5,3.5513698630136985,16.5,91.5,71.5,10.0,6.6999999999999975,13.417808219178085,0.17702054794520475,62.321917808219176,0,0,0,1,0,0,0
146,54780,91.5,71.5,81.5,6.6999999999999975,21.5,7.6,1931,418,0.0,10,53.45788043478261,72.0,16.5,0.08,29.42,42.006858,-87.675919,6,54432.244897959186,81.5,3.527210884353741,16.5,91.5,71.5,10.0,6.6999999999999975,13.47278911564626,0.17636054421768632,62.38775510204081,0,0,0,1,0,0,0
147,54780,91.5,71.5,81.5,6.6999999999999975,21.5,7.6,1931,418,0.0,10,53.45788043478261,72.0,16.5,0.08,29.42,41.916265,-87.800515,6,54434.59459459459,81.5,3.5033783783783785,16.5,91.5,71.5,10.0,6.6999999999999975,13.527027027027025,0.1757094594594587,62.4527027027027,0,0,1,0,0,0,0
148,54780,91.5,71.5,81.5,6.6999999999999975,21.5,7.6,1931,418,0.0,10,53.45788043478261,72.0,16.5,0.08,29.42,41.916265,-87.800515,6,54436.91275167785,81.5,3.4798657718120807,16.5,91.5,71.5,10.0,6.6999999999999975,13.580536912751676,0.17506711409395898,62.51677852348993,0,0,0,1,0,0,0
149,54780,91.5,71.5,81.5,6.6999999999999975,21.5,7.6,1931,418,0.0,10,53.45788043478261,72.0,16.5,0.08,29.42,41.682587,-87.707973,6,54439.2,81.5,3.4566666666666666,16.5,91.5,71.5,10.0,6.6999999999999975,13.633333333333333,0.17443333333333258,62.58,0,0,1,0,0,0,0
150,54780,91.5,71.5,81.5,6.6999999999999975,21.5,7.6,1931,418,0.0,10,53.45788043478261,72.0,16.5,0.08,29.42,41.682587,-87.707973,6,54441.45695364238,81.5,3.4337748344370866,16.5,91.5,71.5,10.0,6.6999999999999975,13.685430463576159,0.1738079470198668,62.642384105960275,0,0,0,1,0,0,0
151,54780,91.5,71.5,81.5,6.6999999999999975,21.5,7.6,1931,418,0.0,10,53.45788043478261,72.0,16.5,0.08,29.42,41.719059,-87.675088,6,54443.684210526306,81.5,3.4111842105263164,16.5,91.5,71.5,10.0,6.6999999999999975,13.73684210526316,0.17319078947368344,62.70394736842106,0,0,1,0,0,0,0
152,54780,91.5,71.5,81.5,6.6999999999999975,21.5,7.6,1931,418,0.0,10,53.45788043478261,72.0,16.5,0.08,29.42,41.719059,-87.675088,6,54445.882352941175,81.5,3.388888888888889,16.5,91.5,71.5,10.0,6.6999999999999975,13.787581699346404,0.17258169934640444,62.764705882352935,0,0,0,1,0,0,0
153,54780,91.5,71.5,81.5,6.6999999999999975,21.5,7.6,1931,418,0.0,10,53.45788043478261,72.0,16.5,0.08,29.42,41.966987,-87.674677,6,54448.05194805195,81.5,3.366883116883117,16.5,91.5,71.5,10.0,6.6999999999999975,13.837662337662337,0.17198051948051868,62.82467532467533,0,0,0,1,0,0,0
154,54780,91.5,71.5,81.5,6.6999999999999975,21.5,7.6,1931,418,0.0,10,53.45788043478261,72.0,16.5,0.08,29.42,41.963976,-87.69181,6,54450.1935483871,81.5,3.3451612903225807,16.5,91.5,71.5,10.0,6.6999999999999975,13.887096774193546,0.17138709677419275,62.883870967741935,0,0,0,1,0,0,0
155,54720,70.5,56.0,63.5,7.5,2.0,8.25,1931,419,1.5,-8,53.45788043478261,59.5,0.0,0.0,29.44,41.95469,-87.800991,6,54451.923076923085,81.5,3.333333333333333,16.5,91.5,71.5,10.0,6.6999999999999975,13.810897435897436,0.17028846153846075,62.86217948717949,0,0,1,0,0,0,0
156,54720,70.5,56.0,63.5,7.5,2.0,8.25,1931,419,1.5,-8,53.45788043478261,59.5,0.0,0.0,29.44,41.990284,-87.797127,6,54453.63057324841,81.5,3.3216560509554136,16.5,91.5,71.5,10.0,6.6999999999999975,13.735668789808914,0.16920382165605016,62.84076433121018,0,0,0,1,0,0,0
157,54720,70.5,56.0,63.5,7.5,2.0,8.25,1931,419,1.5,-8,53.45788043478261,59.5,0.0,0.0,29.44,41.991429,-87.747113,6,54455.3164556962,81.5,3.3101265822784818,16.5,91.5,71.5,10.0,6.6999999999999975,13.661392405063289,0.16813291139240427,62.81962025316456,0,0,1,0,0,0,0
158,54720,70.5,56.0,63.5,7.5,2.0,8.25,1931,419,1.5,-8,53.45788043478261,59.5,0.0,0.0,29.44,41.923738,-87.785288,6,54456.98113207547,81.5,3.29874213836478,16.5,91.5,71.5,10.0,6.6999999999999975,13.588050314465411,0.16707547169811246,62.79874213836478,0,0,1,0,0,0,0
159,54720,70.5,56.0,63.5,7.5,2.0,8.25,1931,419,1.5,-8,53.45788043478261,59.5,0.0,0.0,29.44,41.970248,-87.787992,6,54458.625,81.5,3.2875,16.5,91.5,71.5,10.0,6.6999999999999975,13.515625,0.16603124999999924,62.778125,0,0,0,1,0,0,0
160,54720,70.5,56.0,63.5,7.5,2.0,8.25,1931,419,1.5,-8,53.45788043478261,59.5,0.0,0.0,29.44,41.974089,-87.824812,6,54460.24844720497,81.5,3.2763975155279503,16.5,91.5,71.5,10.0,6.6999999999999975,13.444099378881988,0.16499999999999926,62.75776397515528,0,0,1,0,0,0,0
161,54720,70.5,56.0,63.5,7.5,2.0,8.25,1931,419,1.5,-8,53.45788043478261,59.5,0.0,0.0,29.44,41.974089,-87.824812,6,54461.851851851854,81.5,3.2654320987654315,16.5,91.5,71.5,10.0,6.6999999999999975,13.373456790123456,0.16398148148148073,62.737654320987644,0,0,0,1,0,0,0
162,54720,70.5,56.0,63.5,7.5,2.0,8.25,1931,419,1.5,-8,53.45788043478261,59.5,0.0,0.0,29.44,42.011601,-87.81150600000002,6,54463.43558282209,63.5,3.2546012269938656,0.0,70.5,71.5,-8.0,6.6999999999999975,13.303680981595091,0.16297546012269862,62.71779141104296,0,0,1,0,0,0,0
163,54720,70.5,56.0,63.5,7.5,2.0,8.25,1931,419,1.5,-8,53.45788043478261,59.5,0.0,0.0,29.44,42.010412,-87.66214000000002,6,54465.0,63.5,3.2439024390243905,0.0,70.5,71.5,-8.0,6.6999999999999975,13.234756097560975,0.16198170731707245,62.698170731707314,0,0,0,1,0,0,0
164,54720,70.5,56.0,63.5,7.5,2.0,8.25,1931,419,1.5,-8,53.45788043478261,59.5,0.0,0.0,29.44,41.986921,-87.689778,6,54466.545454545456,63.5,3.2333333333333334,0.0,70.5,71.5,-8.0,6.6999999999999975,13.166666666666664,0.16099999999999925,62.67878787878788,0,0,1,0,0,0,0
165,54720,70.5,56.0,63.5,7.5,2.0,8.25,1931,419,1.5,-8,53.45788043478261,59.5,0.0,0.0,29.44,41.986921,-87.689778,6,54468.07228915663,63.5,3.2228915662650603,0.0,70.5,56.0,-8.0,6.6999999999999975,13.099397590361447,0.16003012048192694,62.65963855421687,0,0,0,1,0,0,0
166,54720,70.5,56.0,63.5,7.5,2.0,8.25,1931,419,1.5,-8,53.45788043478261,59.5,0.0,0.0,29.44,41.89923,-87.716788,6,54469.58083832335,63.5,3.212574850299401,0.0,70.5,56.0,-8.0,6.6999999999999975,13.032934131736527,0.1590718562874244,62.64071856287425,0,0,1,0,0,0,0
167,54720,70.5,56.0,63.5,7.5,2.0,8.25,1931,419,1.5,-8,53.45788043478261,59.5,0.0,0.0,29.44,41.89923,-87.716788,6,54471.071428571435,63.5,3.202380952380953,0.0,70.5,56.0,-8.0,6.6999999999999975,12.967261904761903,0.15812499999999927,62.62202380952381,0,0,0,1,0,0,0
168,54720,70.5,56.0,63.5,7.5,2.0,8.25,1931,419,1.5,-8,53.45788043478261,59.5,0.0,0.0,29.44,41.801498,-87.763416,6,54472.54437869822,63.5,3.1923076923076925,0.0,70.5,56.0,-8.0,6.6999999999999975,12.902366863905325,0.1571893491124253,62.60355029585799,0,1,0,0,0,0,0
169,54720,70.5,56.0,63.5,7.5,2.0,8.25,1931,419,1.5,-8,53.45788043478261,59.5,0.0,0.0,29.44,41.857402,-87.694991,6,54474.0,63.5,3.1823529411764704,0.0,70.5,56.0,-8.0,6.6999999999999975,12.838235294117649,0.15626470588235222,62.58529411764707,0,0,1,0,0,0,0
170,54720,70.5,56.0,63.5,7.5,2.0,8.25,1931,419,1.5,-8,53.45788043478261,59.5,0.0,0.0,29.44,41.857402,-87.694991,6,54475.43859649123,63.5,3.172514619883041,0.0,70.5,56.0,-8.0,6.6999999999999975,12.774853801169591,0.15535087719298174,62.56725146198831,0,0,0,1,0,0,0
171,54720,70.5,56.0,63.5,7.5,2.0,8.25,1931,419,1.5,-8,53.45788043478261,59.5,0.0,0.0,29.44,41.891118,-87.65449100000002,6,54476.86046511628,63.5,3.1627906976744184,0.0,70.5,56.0,-8.0,6.6999999999999975,12.71220930232558,0.15444767441860394,62.54941860465117,0,0,0,1,0,0,0
172,54720,70.5,56.0,63.5,7.5,2.0,8.25,1931,419,1.5,-8,53.45788043478261,59.5,0.0,0.0,29.44,41.921965,-87.632085,6,54478.26589595376,63.5,3.1531791907514446,0.0,70.5,56.0,-8.0,6.6999999999999975,12.65028901734104,0.15355491329479698,62.53179190751446,0,0,1,0,0,0,0
173,54720,70.5,56.0,63.5,7.5,2.0,8.25,1931,419,1.5,-8,53.45788043478261,59.5,0.0,0.0,29.44,41.692555,-87.598865,6,54479.65517241379,63.5,3.1436781609195403,0.0,70.5,56.0,-8.0,6.6999999999999975,12.589080459770114,0.15267241379310273,62.514367816091955,0,0,1,0,0,0,0
174,54720,70.5,56.0,63.5,7.5,2.0,8.25,1931,419,1.5,-8,53.45788043478261,59.5,0.0,0.0,29.44,41.692555,-87.598865,6,54481.028571428564,63.5,3.1342857142857143,0.0,70.5,56.0,-8.0,6.6999999999999975,12.528571428571427,0.1517999999999993,62.49714285714286,0,0,0,1,0,0,0
175,54720,70.5,56.0,63.5,7.5,2.0,8.25,1931,419,1.5,-8,53.45788043478261,59.5,0.0,0.0,29.44,41.721474,-87.648064,6,54482.38636363637,63.5,3.125,0.0,70.5,56.0,-8.0,6.6999999999999975,12.46875,0.1509374999999993,62.48011363636363,0,1,0,0,0,0,0
176,54720,70.5,56.0,63.5,7.5,2.0,8.25,1931,419,1.5,-8,53.45788043478261,59.5,0.0,0.0,29.44,41.721474,-87.648064,6,54483.72881355932,63.5,3.1158192090395485,0.0,70.5,56.0,-8.0,6.6999999999999975,12.409604519774012,0.15008474576271116,62.46327683615819,0,0,1,0,0,0,0
177,54720,70.5,56.0,63.5,7.5,2.0,8.25,1931,419,1.5,-8,53.45788043478261,59.5,0.0,0.0,29.44,41.688324,-87.676709,6,54485.05617977528,63.5,3.1067415730337076,0.0,70.5,56.0,-8.0,6.6999999999999975,12.351123595505616,0.14924157303370714,62.44662921348315,0,1,0,0,0,0,0
178,54720,70.5,56.0,63.5,7.5,2.0,8.25,1931,419,1.5,-8,53.45788043478261,59.5,0.0,0.0,29.44,41.688324,-87.676709,6,54486.3687150838,63.5,3.097765363128492,0.0,70.5,56.0,-8.0,6.6999999999999975,12.293296089385473,0.14840782122904958,62.43016759776536,0,0,0,1,0,0,0
179,54720,70.5,56.0,63.5,7.5,2.0,8.25,1931,419,1.5,-8,53.45788043478261,59.5,0.0,0.0,29.44,41.723195,-87.64997,6,54487.66666666666,63.5,3.088888888888889,0.0,70.5,56.0,-8.0,6.6999999999999975,12.236111111111109,0.14758333333333265,62.41388888888889,0,0,0,1,0,0,0
180,54720,70.5,56.0,63.5,7.5,2.0,8.25,1931,419,1.5,-8,53.45788043478261,59.5,0.0,0.0,29.44,41.868077,-87.666901,6,54488.950276243086,63.5,3.080110497237569,0.0,70.5,56.0,-8.0,6.6999999999999975,12.179558011049723,0.1467679558011043,62.39779005524861,0,1,0,0,0,0,0
181,54720,70.5,56.0,63.5,7.5,2.0,8.25,1931,419,1.5,-8,53.45788043478261,59.5,0.0,0.0,29.44,41.868077,-87.666901,6,54490.219780219784,63.5,3.071428571428572,0.0,70.5,56.0,-8.0,6.6999999999999975,12.123626373626376,0.14596153846153778,62.38186813186813,0,0,1,0,0,0,0
182,54720,70.5,56.0,63.5,7.5,2.0,8.25,1931,419,1.5,-8,53.45788043478261,59.5,0.0,0.0,29.44,41.868077,-87.666901,6,54491.47540983607,63.5,3.0628415300546448,0.0,70.5,56.0,-8.0,6.6999999999999975,12.068306010928962,0.14516393442622882,62.366120218579226,0,0,0,1,0,0,0
183,54720,70.5,56.0,63.5,7.5,2.0,8.25,1931,419,1.5,-8,53.45788043478261,59.5,0.0,0.0,29.44,41.862292,-87.64886,6,54492.71739130434,63.5,3.0543478260869565,0.0,70.5,56.0,-8.0,7.5,12.013586956521738,0.14437499999999934,62.35054347826087,0,0,1,0,0,0,0
184,54720,70.5,56.0,63.5,7.5,2.0,8.25,1931,419,1.5,-8,53.45788043478261,59.5,0.0,0.0,29.44,41.731922,-87.677512,6,54493.94594594595,63.5,3.0459459459459466,0.0,70.5,56.0,-8.0,7.5,11.95945945945946,0.14359459459459392,62.33513513513513,0,0,0,1,0,0,0
185,54720,70.5,56.0,63.5,7.5,2.0,8.25,1931,419,1.5,-8,53.45788043478261,59.5,0.0,0.0,29.44,41.662014,-87.72460799999998,6,54495.161290322576,63.5,3.0376344086021505,0.0,70.5,56.0,-8.0,7.5,11.905913978494626,0.14282258064516062,62.31989247311828,0,0,0,1,0,0,0
186,54720,70.5,56.0,63.5,7.5,2.0,8.25,1931,419,1.5,-8,53.45788043478261,59.5,0.0,0.0,29.44,41.961743,-87.76007,6,54496.36363636363,63.5,3.0294117647058822,0.0,70.5,56.0,-8.0,7.5,11.852941176470587,0.1420588235294111,62.304812834224606,0,0,0,1,0,0,0
187,54720,70.5,56.0,63.5,7.5,2.0,8.25,1931,419,1.5,-8,53.45788043478261,59.5,0.0,0.0,29.44,41.953067,-87.776792,6,54497.553191489365,63.5,3.0212765957446814,0.0,70.5,56.0,-8.0,7.5,11.800531914893615,0.14130319148936105,62.289893617021285,0,0,0,1,0,0,0
188,54720,70.5,56.0,63.5,7.5,2.0,8.25,1931,419,1.5,-8,53.45788043478261,59.5,0.0,0.0,29.44,41.999129,-87.795585,6,54498.730158730155,63.5,3.0132275132275135,0.0,70.5,56.0,-8.0,7.5,11.748677248677248,0.1405555555555549,62.27513227513227,0,0,0,1,0,0,0
189,54720,70.5,56.0,63.5,7.5,2.0,8.25,1931,419,1.5,-8,53.45788043478261,59.5,0.0,0.0,29.44,41.94016,-87.794896,6,54499.89473684211,63.5,3.0052631578947366,0.0,70.5,56.0,-8.0,7.5,11.697368421052632,0.13981578947368356,62.26052631578948,0,0,1,0,0,0,0
190,54720,70.5,56.0,63.5,7.5,2.0,8.25,1931,419,1.5,-8,53.45788043478261,59.5,0.0,0.0,29.44,41.878114,-87.629798,6,54501.04712041885,63.5,2.9973821989528795,0.0,70.5,56.0,-8.0,7.5,11.646596858638745,0.1390837696335072,62.246073298429316,0,0,0,1,0,0,0
191,54720,70.5,56.0,63.5,7.5,2.0,8.25,1931,419,1.5,-8,53.45788043478261,59.5,0.0,0.0,29.44,41.958271,-87.702575,6,54502.1875,63.5,2.989583333333333,0.0,70.5,56.0,-8.0,7.5,11.596354166666664,0.13835937499999934,62.23177083333334,0,0,0,1,0,0,0
192,54720,70.5,56.0,63.5,7.5,2.0,8.25,1931,419,1.5,-8,53.45788043478261,59.5,0.0,0.0,29.44,42.01743,-87.68776899999996,6,54503.31606217616,63.5,2.9818652849740936,0.0,70.5,56.0,-8.0,7.5,11.546632124352332,0.13764248704663148,62.21761658031088,0,0,1,0,0,0,0
193,54720,70.5,56.0,63.5,7.5,2.0,8.25,1931,419,1.5,-8,53.45788043478261,59.5,0.0,0.0,29.44,42.01743,-87.68776899999996,6,54504.43298969072,63.5,2.9742268041237114,0.0,70.5,56.0,-8.0,7.5,11.497422680412368,0.13693298969072099,62.20360824742268,0,0,0,1,0,0,0
194,54720,70.5,56.0,63.5,7.5,2.0,8.25,1931,419,1.5,-8,53.45788043478261,59.5,0.0,0.0,29.44,42.006858,-87.675919,6,54505.53846153847,63.5,2.966666666666667,0.0,70.5,56.0,-8.0,7.5,11.448717948717947,0.1362307692307686,62.18974358974359,0,0,0,1,0,0,0
195,54720,70.5,56.0,63.5,7.5,2.0,8.25,1931,419,1.5,-8,53.45788043478261,59.5,0.0,0.0,29.44,41.916265,-87.800515,6,54506.63265306123,63.5,2.959183673469388,0.0,70.5,56.0,-8.0,7.5,11.400510204081634,0.13553571428571365,62.17602040816327,0,0,1,0,0,0,0
196,54720,70.5,56.0,63.5,7.5,2.0,8.25,1931,419,1.5,-8,53.45788043478261,59.5,0.0,0.0,29.44,41.916265,-87.800515,6,54507.71573604061,63.5,2.9517766497461935,0.0,70.5,56.0,-8.0,7.5,11.352791878172589,0.13484771573604,62.162436548223354,0,0,0,1,0,0,0
197,54720,70.5,56.0,63.5,7.5,2.0,8.25,1931,419,1.5,-8,53.45788043478261,59.5,0.0,0.0,29.44,41.907645,-87.760886,6,54508.78787878788,63.5,2.9444444444444446,0.0,70.5,56.0,-8.0,7.5,11.305555555555555,0.13416666666666605,62.148989898989896,0,0,0,1,0,0,0
198,54720,70.5,56.0,63.5,7.5,2.0,8.25,1931,419,1.5,-8,53.45788043478261,59.5,0.0,0.0,29.44,41.682587,-87.707973,6,54509.84924623116,63.5,2.9371859296482414,0.0,70.5,56.0,-8.0,7.5,11.258793969849249,0.13349246231155718,62.1356783919598,0,0,0,1,0,0,0
199,54720,70.5,56.0,63.5,7.5,2.0,8.25,1931,419,1.5,-8,53.45788043478261,59.5,0.0,0.0,29.44,41.903002,-87.68826700000002,6,54510.9,63.5,2.93,0.0,70.5,56.0,-8.0,7.5,11.2125,0.1328249999999994,62.1225,0,0,1,0,0,0,0
200,54720,70.5,56.0,63.5,7.5,2.0,8.25,1931,419,1.5,-8,53.45788043478261,59.5,0.0,0.0,29.44,41.948167,-87.730698,6,54511.94029850746,63.5,2.9228855721393034,0.0,70.5,56.0,-8.0,7.5,11.166666666666664,0.13216417910447698,62.10945273631841,0,0,0,1,0,0,0
201,54660,78.0,55.5,67.0,6.65,13.0,8.3,1931,420,0.0,-6,53.45788043478261,58.5,2.0,0.0,29.52,41.95469,-87.800991,7,54512.673267326725,63.5,2.9084158415841586,0.0,70.5,56.0,-8.0,7.5,11.175742574257423,0.1315099009900984,62.09158415841584,0,0,1,0,0,0,0
202,54660,78.0,55.5,67.0,6.65,13.0,8.3,1931,420,0.0,-6,53.45788043478261,58.5,2.0,0.0,29.52,41.95469,-87.800991,7,54513.39901477833,63.5,2.8940886699507384,0.0,70.5,56.0,-8.0,7.5,11.18472906403941,0.13086206896551664,62.07389162561578,0,0,0,1,0,0,0
203,54660,78.0,55.5,67.0,6.65,13.0,8.3,1931,420,0.0,-6,53.45788043478261,58.5,2.0,0.0,29.52,41.964242,-87.757639,7,54514.117647058825,63.5,2.8799019607843137,0.0,70.5,56.0,-8.0,7.5,11.193627450980392,0.1302205882352935,62.05637254901961,0,0,0,1,0,0,0
204,54660,78.0,55.5,67.0,6.65,13.0,8.3,1931,420,0.0,-6,53.45788043478261,58.5,2.0,0.0,29.52,41.942114,-87.776385,7,54514.829268292684,63.5,2.865853658536585,0.0,70.5,56.0,-8.0,7.5,11.202439024390245,0.12958536585365793,62.0390243902439,0,0,1,0,0,0,0
205,54660,78.0,55.5,67.0,6.65,13.0,8.3,1931,420,0.0,-6,53.45788043478261,58.5,2.0,0.0,29.52,41.990284,-87.797127,7,54515.53398058253,63.5,2.851941747572816,0.0,70.5,56.0,-8.0,7.5,11.21116504854369,0.12895631067961105,62.021844660194176,0,0,0,1,0,0,0
206,54660,78.0,55.5,67.0,6.65,13.0,8.3,1931,420,0.0,-6,53.45788043478261,58.5,2.0,0.0,29.52,41.994991,-87.769279,7,54516.23188405797,63.5,2.8381642512077296,0.0,70.5,56.0,-8.0,7.5,11.219806763285025,0.12833333333333274,62.00483091787439,0,0,1,0,0,0,0
207,54660,78.0,55.5,67.0,6.65,13.0,8.3,1931,420,0.0,-6,53.45788043478261,58.5,2.0,0.0,29.52,41.994991,-87.769279,7,54516.923076923085,63.5,2.8245192307692313,0.0,70.5,56.0,-8.0,7.5,11.228365384615383,0.12771634615384556,61.987980769230774,0,0,0,1,0,0,0
208,54660,78.0,55.5,67.0,6.65,13.0,8.3,1931,420,0.0,-6,53.45788043478261,58.5,2.0,0.0,29.52,42.008314,-87.77792099999998,7,54517.60765550238,67.0,2.8110047846889947,2.0,78.0,56.0,-6.0,7.5,11.23684210526316,0.12710526315789414,61.97129186602871,0,0,1,0,0,0,0
209,54660,78.0,55.5,67.0,6.65,13.0,8.3,1931,420,0.0,-6,53.45788043478261,58.5,2.0,0.0,29.52,42.008314,-87.77792099999998,7,54518.285714285725,67.0,2.7976190476190474,2.0,78.0,56.0,-6.0,7.5,11.245238095238097,0.12649999999999942,61.954761904761895,0,0,0,1,0,0,0
210,54660,78.0,55.5,67.0,6.65,13.0,8.3,1931,420,0.0,-6,53.45788043478261,58.5,2.0,0.0,29.52,41.98196400000001,-87.812827,7,54518.95734597156,67.0,2.7843601895734595,2.0,78.0,56.0,-6.0,7.5,11.253554502369669,0.1259004739336487,61.938388625592424,0,0,0,1,0,0,0
211,54660,78.0,55.5,67.0,6.65,13.0,8.3,1931,420,0.0,-6,53.45788043478261,58.5,2.0,0.0,29.52,41.99247800000001,-87.862995,7,54519.62264150944,67.0,2.77122641509434,2.0,78.0,55.5,-6.0,7.5,11.26179245283019,0.12530660377358432,61.92216981132076,0,0,0,1,0,0,0
212,54660,78.0,55.5,67.0,6.65,13.0,8.3,1931,420,0.0,-6,53.45788043478261,58.5,2.0,0.0,29.52,41.944869,-87.832763,7,54520.28169014085,67.0,2.7582159624413145,2.0,78.0,55.5,-6.0,7.5,11.269953051643192,0.12471830985915434,61.906103286384976,0,0,1,0,0,0,0
213,54660,78.0,55.5,67.0,6.65,13.0,8.3,1931,420,0.0,-6,53.45788043478261,58.5,2.0,0.0,29.52,41.991429,-87.747113,7,54520.93457943925,67.0,2.7453271028037385,2.0,78.0,55.5,-6.0,7.5,11.27803738317757,0.124135514018691,61.89018691588785,0,0,0,0,1,0,0
214,54660,78.0,55.5,67.0,6.65,13.0,8.3,1931,420,0.0,-6,53.45788043478261,58.5,2.0,0.0,29.52,41.923738,-87.785288,7,54521.58139534884,67.0,2.732558139534884,2.0,78.0,55.5,-6.0,7.5,11.286046511627907,0.12355813953488315,61.874418604651154,0,0,1,0,0,0,0
215,54660,78.0,55.5,67.0,6.65,13.0,8.3,1931,420,0.0,-6,53.45788043478261,58.5,2.0,0.0,29.52,41.923738,-87.785288,7,54522.22222222222,67.0,2.7199074074074074,2.0,78.0,55.5,-6.0,7.5,11.293981481481481,0.12298611111111055,61.8587962962963,0,0,0,1,0,0,0
216,54660,78.0,55.5,67.0,6.65,13.0,8.3,1931,420,0.0,-6,53.45788043478261,58.5,2.0,0.0,29.52,41.970248,-87.787992,7,54522.857142857145,67.0,2.7073732718894012,2.0,78.0,55.5,-6.0,7.5,11.30184331797235,0.12241935483870912,61.84331797235023,0,0,1,0,0,0,0
217,54660,78.0,55.5,67.0,6.65,13.0,8.3,1931,420,0.0,-6,53.45788043478261,58.5,2.0,0.0,29.52,41.970248,-87.787992,7,54523.48623853211,67.0,2.694954128440367,2.0,78.0,55.5,-6.0,7.5,11.309633027522937,0.12185779816513705,61.82798165137615,0,0,0,1,0,0,0
218,54660,78.0,55.5,67.0,6.65,13.0,8.3,1931,420,0.0,-6,53.45788043478261,58.5,2.0,0.0,29.52,41.974089,-87.824812,7,54524.10958904109,67.0,2.682648401826484,2.0,78.0,55.5,-6.0,7.5,11.317351598173516,0.12130136986301315,61.812785388127864,0,0,1,0,0,0,0
219,54660,78.0,55.5,67.0,6.65,13.0,8.3,1931,420,0.0,-6,53.45788043478261,58.5,2.0,0.0,29.52,42.011601,-87.81150600000002,7,54524.727272727265,67.0,2.6704545454545454,2.0,78.0,55.5,-6.0,7.5,11.325,0.12074999999999945,61.79772727272727,0,0,0,1,0,0,0
220,54660,78.0,55.5,67.0,6.65,13.0,8.3,1931,420,0.0,-6,53.45788043478261,58.5,2.0,0.0,29.52,41.960616,-87.777189,7,54525.33936651584,67.0,2.658371040723982,2.0,78.0,55.5,-6.0,7.5,11.332579185520364,0.12020361990950172,61.782805429864254,0,0,1,0,0,0,0
221,54660,78.0,55.5,67.0,6.65,13.0,8.3,1931,420,0.0,-6,53.45788043478261,58.5,2.0,0.0,29.52,42.010412,-87.66214000000002,7,54525.94594594595,67.0,2.6463963963963963,2.0,78.0,55.5,-6.0,7.5,11.340090090090088,0.1196621621621616,61.768018018018026,0,0,1,0,0,0,0
222,54660,78.0,55.5,67.0,6.65,13.0,8.3,1931,420,0.0,-6,53.45788043478261,58.5,2.0,0.0,29.52,41.94983,-87.69845699999998,7,54526.5470852018,67.0,2.6345291479820627,2.0,78.0,55.5,-6.0,7.5,11.347533632286995,0.11912556053811604,61.75336322869955,0,0,0,1,0,0,0
223,54660,78.0,55.5,67.0,6.65,13.0,8.3,1931,420,0.0,-6,53.45788043478261,58.5,2.0,0.0,29.52,41.986921,-87.689778,7,54527.142857142855,67.0,2.622767857142857,2.0,78.0,55.5,-6.0,7.5,11.354910714285715,0.11859374999999946,61.73883928571429,0,1,0,0,0,0,0
224,54660,78.0,55.5,67.0,6.65,13.0,8.3,1931,420,0.0,-6,53.45788043478261,58.5,2.0,0.0,29.52,41.986921,-87.689778,7,54527.73333333333,67.0,2.6111111111111107,2.0,78.0,55.5,-6.0,7.5,11.362222222222224,0.11806666666666613,61.72444444444446,0,0,1,0,0,0,0
225,54660,78.0,55.5,67.0,6.65,13.0,8.3,1931,420,0.0,-6,53.45788043478261,58.5,2.0,0.0,29.52,41.986921,-87.689778,7,54528.3185840708,67.0,2.5995575221238942,2.0,78.0,55.5,-6.0,7.5,11.369469026548671,0.11754424778761008,61.71017699115043,0,0,0,1,0,0,0
226,54660,78.0,55.5,67.0,6.65,13.0,8.3,1931,420,0.0,-6,53.45788043478261,58.5,2.0,0.0,29.52,41.89923,-87.716788,7,54528.898678414094,67.0,2.5881057268722465,2.0,78.0,55.5,-6.0,7.5,11.376651982378855,0.11702643171806115,61.696035242290755,0,0,1,0,0,0,0
227,54660,78.0,55.5,67.0,6.65,13.0,8.3,1931,420,0.0,-6,53.45788043478261,58.5,2.0,0.0,29.52,41.89923,-87.716788,7,54529.47368421053,67.0,2.576754385964912,2.0,78.0,55.5,-6.0,7.5,11.383771929824562,0.1165131578947363,61.682017543859644,0,0,0,1,0,0,0
228,54660,78.0,55.5,67.0,6.65,13.0,8.3,1931,420,0.0,-6,53.45788043478261,58.5,2.0,0.0,29.52,41.921177,-87.79518,7,54530.04366812226,67.0,2.5655021834061134,2.0,78.0,55.5,-6.0,7.5,11.390829694323143,0.11600436681222652,61.66812227074236,0,0,1,0,0,0,0
229,54660,78.0,55.5,67.0,6.65,13.0,8.3,1931,420,0.0,-6,53.45788043478261,58.5,2.0,0.0,29.52,41.921177,-87.79518,7,54530.608695652176,67.0,2.5543478260869565,2.0,78.0,55.5,-6.0,6.65,11.397826086956522,0.11549999999999945,61.65434782608696,0,0,0,1,0,0,0
230,54660,78.0,55.5,67.0,6.65,13.0,8.3,1931,420,0.0,-6,53.45788043478261,58.5,2.0,0.0,29.52,41.857402,-87.694991,7,54531.16883116883,67.0,2.5432900432900434,2.0,78.0,55.5,-6.0,6.65,11.404761904761903,0.11499999999999945,61.64069264069264,0,0,1,0,0,0,0
231,54660,78.0,55.5,67.0,6.65,13.0,8.3,1931,420,0.0,-6,53.45788043478261,58.5,2.0,0.0,29.52,41.883284,-87.705085,7,54531.724137931036,67.0,2.5323275862068964,2.0,78.0,55.5,-6.0,6.65,11.411637931034482,0.11450431034482705,61.62715517241379,0,0,1,0,0,0,0
232,54660,78.0,55.5,67.0,6.65,13.0,8.3,1931,420,0.0,-6,53.45788043478261,58.5,2.0,0.0,29.52,41.883284,-87.705085,7,54532.27467811159,67.0,2.521459227467812,2.0,78.0,55.5,-6.0,6.65,11.418454935622318,0.11401287553648015,61.613733905579394,0,0,0,1,0,0,0
233,54660,78.0,55.5,67.0,6.65,13.0,8.3,1931,420,0.0,-6,53.45788043478261,58.5,2.0,0.0,29.52,41.9216,-87.666455,7,54532.820512820515,67.0,2.5106837606837606,2.0,78.0,55.5,-6.0,6.65,11.425213675213676,0.1135256410256405,61.60042735042735,0,0,1,0,0,0,0
234,54660,78.0,55.5,67.0,6.65,13.0,8.3,1931,420,0.0,-6,53.45788043478261,58.5,2.0,0.0,29.52,41.9216,-87.666455,7,54533.361702127666,67.0,2.5,2.0,78.0,55.5,-6.0,6.65,11.43191489361702,0.11304255319148886,61.587234042553185,0,0,0,1,0,0,0
235,54660,78.0,55.5,67.0,6.65,13.0,8.3,1931,420,0.0,-6,53.45788043478261,58.5,2.0,0.0,29.52,41.891118,-87.65449100000002,7,54533.898305084746,67.0,2.489406779661017,2.0,78.0,55.5,-6.0,6.65,11.4385593220339,0.11256355932203338,61.574152542372886,0,0,1,0,0,0,0
236,54660,78.0,55.5,67.0,6.65,13.0,8.3,1931,420,0.0,-6,53.45788043478261,58.5,2.0,0.0,29.52,41.891118,-87.65449100000002,7,54534.43037974684,67.0,2.478902953586498,2.0,78.0,55.5,-6.0,6.65,11.445147679324894,0.1120886075949362,61.56118143459915,0,0,0,1,0,0,0
237,54660,78.0,55.5,67.0,6.65,13.0,8.3,1931,420,0.0,-6,53.45788043478261,58.5,2.0,0.0,29.52,41.868142,-87.696269,7,54534.95798319328,67.0,2.4684873949579837,2.0,78.0,55.5,-6.0,6.65,11.451680672268909,0.11161764705882303,61.54831932773109,0,0,1,0,0,0,0
238,54660,78.0,55.5,67.0,6.65,13.0,8.3,1931,420,0.0,-6,53.45788043478261,58.5,2.0,0.0,29.52,41.868142,-87.696269,7,54535.48117154811,67.0,2.4581589958159,2.0,78.0,55.5,-6.0,6.65,11.4581589958159,0.11115062761506224,61.53556485355649,0,0,0,1,0,0,0
239,54660,78.0,55.5,67.0,6.65,13.0,8.3,1931,420,0.0,-6,53.45788043478261,58.5,2.0,0.0,29.52,41.867108,-87.654224,7,54536.0,67.0,2.4479166666666665,2.0,78.0,55.5,-6.0,6.65,11.464583333333335,0.11068749999999948,61.52291666666667,0,0,0,1,0,0,0
240,54660,78.0,55.5,67.0,6.65,13.0,8.3,1931,420,0.0,-6,53.45788043478261,58.5,2.0,0.0,29.52,41.846283,-87.656913,7,54536.514522821584,67.0,2.4377593360995853,2.0,78.0,55.5,-6.0,6.65,11.470954356846473,0.11022821576763436,61.510373443983404,0,0,1,0,0,0,0
241,54660,78.0,55.5,67.0,6.65,13.0,8.3,1931,420,0.0,-6,53.45788043478261,58.5,2.0,0.0,29.52,41.921965,-87.632085,7,54537.02479338843,67.0,2.427685950413223,2.0,78.0,55.5,-6.0,6.65,11.477272727272727,0.10977272727272676,61.497933884297524,0,0,1,0,0,0,0
242,54660,78.0,55.5,67.0,6.65,13.0,8.3,1931,420,0.0,-6,53.45788043478261,58.5,2.0,0.0,29.52,41.921965,-87.632085,7,54537.53086419753,67.0,2.4176954732510287,2.0,78.0,55.5,-6.0,6.65,11.483539094650205,0.10932098765432048,61.48559670781893,0,0,0,1,0,0,0
243,54660,78.0,55.5,67.0,6.65,13.0,8.3,1931,420,0.0,-6,53.45788043478261,58.5,2.0,0.0,29.52,41.721474,-87.648064,7,54538.032786885255,67.0,2.4077868852459017,2.0,78.0,55.5,-6.0,6.65,11.489754098360656,0.10887295081967163,61.473360655737714,0,0,1,0,0,0,0
244,54660,78.0,55.5,67.0,6.65,13.0,8.3,1931,420,0.0,-6,53.45788043478261,58.5,2.0,0.0,29.52,41.688324,-87.676709,7,54538.530612244904,67.0,2.397959183673469,2.0,78.0,55.5,-6.0,6.65,11.495918367346938,0.10842857142857093,61.461224489795924,0,0,1,0,0,0,0
245,54660,78.0,55.5,67.0,6.65,13.0,8.3,1931,420,0.0,-6,53.45788043478261,58.5,2.0,0.0,29.52,41.688324,-87.676709,7,54539.024390243896,67.0,2.388211382113821,2.0,78.0,55.5,-6.0,6.65,11.502032520325205,0.10798780487804828,61.44918699186993,0,0,0,1,0,0,0
246,54660,78.0,55.5,67.0,6.65,13.0,8.3,1931,420,0.0,-6,53.45788043478261,58.5,2.0,0.0,29.52,41.869107,-87.69629300000004,7,54539.514170040486,67.0,2.378542510121457,2.0,78.0,55.5,-6.0,6.65,11.508097165991902,0.10755060728744888,61.43724696356274,0,0,1,0,0,0,0
247,54660,78.0,55.5,67.0,6.65,13.0,8.3,1931,420,0.0,-6,53.45788043478261,58.5,2.0,0.0,29.52,41.723195,-87.64997,7,54540.0,67.0,2.368951612903226,2.0,78.0,55.5,-6.0,6.65,11.514112903225806,0.10711693548387048,61.425403225806456,0,0,1,0,0,0,0
248,54660,78.0,55.5,67.0,6.65,13.0,8.3,1931,420,0.0,-6,53.45788043478261,58.5,2.0,0.0,29.52,41.868077,-87.666901,7,54540.48192771084,67.0,2.359437751004016,2.0,78.0,55.5,-6.0,6.65,11.52008032128514,0.10668674698795133,61.4136546184739,0,0,1,0,0,0,0
249,54660,78.0,55.5,67.0,6.65,13.0,8.3,1931,420,0.0,-6,53.45788043478261,58.5,2.0,0.0,29.52,41.868077,-87.666901,7,54540.96,67.0,2.35,2.0,78.0,55.5,-6.0,6.65,11.526,0.10625999999999952,61.402,0,0,0,1,0,0,0
250,54660,78.0,55.5,67.0,6.65,13.0,8.3,1931,420,0.0,-6,53.45788043478261,58.5,2.0,0.0,29.52,41.869216,-87.627561,7,54541.434262948205,67.0,2.3406374501992038,2.0,78.0,55.5,-6.0,6.65,11.531872509960161,0.10583665338645368,61.39043824701196,0,0,0,1,0,0,0
251,54660,78.0,55.5,67.0,6.65,13.0,8.3,1931,420,0.0,-6,53.45788043478261,58.5,2.0,0.0,29.52,41.704336,-87.70373599999998,7,54541.90476190476,67.0,2.3313492063492065,2.0,78.0,55.5,-6.0,6.65,11.537698412698411,0.10541666666666616,61.378968253968246,0,0,1,0,0,0,0
252,54660,78.0,55.5,67.0,6.65,13.0,8.3,1931,420,0.0,-6,53.45788043478261,58.5,2.0,0.0,29.52,41.731922,-87.677512,7,54542.371541501976,67.0,2.3221343873517792,2.0,78.0,55.5,-6.0,6.65,11.543478260869565,0.10499999999999952,61.36758893280632,0,1,0,0,0,0,0
253,54660,78.0,55.5,67.0,6.65,13.0,8.3,1931,420,0.0,-6,53.45788043478261,58.5,2.0,0.0,29.52,41.731922,-87.677512,7,54542.83464566929,67.0,2.3129921259842523,2.0,78.0,55.5,-6.0,6.65,11.549212598425195,0.10458661417322786,61.35629921259842,0,0,1,0,0,0,0
254,54660,78.0,55.5,67.0,6.65,13.0,8.3,1931,420,0.0,-6,53.45788043478261,58.5,2.0,0.0,29.52,41.731922,-87.677512,7,54543.29411764706,67.0,2.3039215686274512,2.0,78.0,55.5,-6.0,6.65,11.554901960784314,0.10417647058823483,61.34509803921569,0,0,0,1,0,0,0
255,54660,78.0,55.5,67.0,6.65,13.0,8.3,1931,420,0.0,-6,53.45788043478261,58.5,2.0,0.0,29.52,41.891126,-87.61156,7,54543.75,67.0,2.294921875,2.0,78.0,55.5,-6.0,6.65,11.560546875,0.10376953124999952,61.333984375,0,0,1,0,0,0,0
256,54660,78.0,55.5,67.0,6.65,13.0,8.3,1931,420,0.0,-6,53.45788043478261,58.5,2.0,0.0,29.52,41.891126,-87.61156,7,54544.202334630354,67.0,2.285992217898833,2.0,78.0,55.5,-6.0,6.65,11.56614785992218,0.10336575875486334,61.322957198443575,0,0,0,1,0,0,0
257,54660,78.0,55.5,67.0,6.65,13.0,8.3,1931,420,0.0,-6,53.45788043478261,58.5,2.0,0.0,29.52,41.662014,-87.72460799999998,7,54544.651162790695,67.0,2.2771317829457365,2.0,78.0,55.5,-6.0,6.65,11.571705426356587,0.10296511627906928,61.31201550387597,0,0,1,0,0,0,0
258,54660,78.0,55.5,67.0,6.65,13.0,8.3,1931,420,0.0,-6,53.45788043478261,58.5,2.0,0.0,29.52,41.662014,-87.72460799999998,7,54545.096525096524,67.0,2.2683397683397684,2.0,78.0,55.5,-6.0,6.65,11.577220077220078,0.10256756756756708,61.301158301158296,0,0,0,1,0,0,0
259,54660,78.0,55.5,67.0,6.65,13.0,8.3,1931,420,0.0,-6,53.45788043478261,58.5,2.0,0.0,29.52,41.662014,-87.72460799999998,7,54545.53846153847,67.0,2.2596153846153846,2.0,78.0,55.5,-6.0,6.65,11.582692307692305,0.10217307692307644,61.29038461538462,0,0,0,0,1,0,0
260,54660,78.0,55.5,67.0,6.65,13.0,8.3,1931,420,0.0,-6,53.45788043478261,58.5,2.0,0.0,29.52,41.953067,-87.776792,7,54545.97701149425,67.0,2.2509578544061304,2.0,78.0,55.5,-6.0,6.65,11.588122605363985,0.10178160919540184,61.27969348659004,0,0,1,0,0,0,0
261,54660,78.0,55.5,67.0,6.65,13.0,8.3,1931,420,0.0,-6,53.45788043478261,58.5,2.0,0.0,29.52,41.953067,-87.776792,7,54546.412213740456,67.0,2.242366412213741,2.0,78.0,55.5,-6.0,6.65,11.59351145038168,0.1013931297709919,61.26908396946565,0,0,0,1,0,0,0
262,54660,78.0,55.5,67.0,6.65,13.0,8.3,1931,420,0.0,-6,53.45788043478261,58.5,2.0,0.0,29.52,41.878114,-87.629798,7,54546.844106463876,67.0,2.2338403041825097,2.0,78.0,55.5,-6.0,6.65,11.598859315589351,0.10100760456273718,61.25855513307985,0,0,0,0,1,0,0
263,54660,78.0,55.5,67.0,6.65,13.0,8.3,1931,420,0.0,-6,53.45788043478261,58.5,2.0,0.0,29.52,41.958271,-87.702575,7,54547.272727272735,67.0,2.225378787878788,2.0,78.0,55.5,-6.0,6.65,11.604166666666664,0.10062499999999952,61.24810606060606,0,0,0,1,0,0,0
264,54660,78.0,55.5,67.0,6.65,13.0,8.3,1931,420,0.0,-6,53.45788043478261,58.5,2.0,0.0,29.52,42.01743,-87.68776899999996,7,54547.698113207545,67.0,2.2169811320754715,2.0,78.0,55.5,-6.0,6.65,11.609433962264152,0.10024528301886744,61.237735849056605,0,0,0,1,0,0,0
265,54660,78.0,55.5,67.0,6.65,13.0,8.3,1931,420,0.0,-6,53.45788043478261,58.5,2.0,0.0,29.52,41.994469,-87.667736,7,54548.120300751885,67.0,2.2086466165413534,2.0,78.0,55.5,-6.0,6.65,11.614661654135336,0.09986842105263112,61.22744360902256,0,0,1,0,0,0,0
266,54660,78.0,55.5,67.0,6.65,13.0,8.3,1931,420,0.0,-6,53.45788043478261,58.5,2.0,0.0,29.52,41.994469,-87.667736,7,54548.53932584269,67.0,2.200374531835206,2.0,78.0,55.5,-6.0,6.65,11.619850187265918,0.09949438202247143,61.21722846441948,0,0,0,1,0,0,0
267,54660,78.0,55.5,67.0,6.65,13.0,8.3,1931,420,0.0,-6,53.45788043478261,58.5,2.0,0.0,29.52,41.916265,-87.800515,7,54548.9552238806,67.0,2.192164179104477,2.0,78.0,55.5,-6.0,6.65,11.625,0.09912313432835776,61.20708955223882,0,0,1,0,0,0,0
268,54660,78.0,55.5,67.0,6.65,13.0,8.3,1931,420,0.0,-6,53.45788043478261,58.5,2.0,0.0,29.52,41.916265,-87.800515,7,54549.36802973979,67.0,2.184014869888476,2.0,78.0,55.5,-6.0,6.65,11.630111524163569,0.09875464684014824,61.19702602230483,0,0,0,1,0,0,0
269,54660,78.0,55.5,67.0,6.65,13.0,8.3,1931,420,0.0,-6,53.45788043478261,58.5,2.0,0.0,29.52,41.846075,-87.716277,7,54549.77777777778,67.0,2.175925925925926,2.0,78.0,55.5,-6.0,6.65,11.635185185185184,0.09838888888888844,61.18703703703704,0,0,1,0,0,0,0
270,54660,78.0,55.5,67.0,6.65,13.0,8.3,1931,420,0.0,-6,53.45788043478261,58.5,2.0,0.0,29.52,41.918705,-87.752329,7,54550.18450184502,67.0,2.1678966789667897,2.0,78.0,55.5,-6.0,6.65,11.640221402214024,0.09802583025830212,61.177121771217706,0,0,1,0,0,0,0
271,54660,78.0,55.5,67.0,6.65,13.0,8.3,1931,420,0.0,-6,53.45788043478261,58.5,2.0,0.0,29.52,41.682587,-87.707973,7,54550.58823529412,67.0,2.1599264705882355,2.0,78.0,55.5,-6.0,6.65,11.645220588235292,0.09766544117647014,61.16727941176471,0,0,1,0,0,0,0
272,54660,78.0,55.5,67.0,6.65,13.0,8.3,1931,420,0.0,-6,53.45788043478261,58.5,2.0,0.0,29.52,41.682587,-87.707973,7,54550.98901098901,67.0,2.152014652014652,2.0,78.0,55.5,-6.0,6.65,11.650183150183151,0.09730769230769186,61.15750915750915,0,0,0,1,0,0,0
273,54660,78.0,55.5,67.0,6.65,13.0,8.3,1931,420,0.0,-6,53.45788043478261,58.5,2.0,0.0,29.52,41.719059,-87.675088,7,54551.38686131387,67.0,2.144160583941606,2.0,78.0,55.5,-6.0,6.65,11.655109489051096,0.0969525547445251,61.1478102189781,0,0,1,0,0,0,0
274,54660,78.0,55.5,67.0,6.65,13.0,8.3,1931,420,0.0,-6,53.45788043478261,58.5,2.0,0.0,29.52,41.719059,-87.675088,7,54551.781818181815,67.0,2.136363636363636,2.0,78.0,55.5,-6.0,6.65,11.66,0.09659999999999956,61.13818181818182,0,0,0,1,0,0,0
275,54660,78.0,55.5,67.0,6.65,13.0,8.3,1931,420,0.0,-6,53.45788043478261,58.5,2.0,0.0,29.52,41.948167,-87.730698,7,54552.17391304348,67.0,2.128623188405797,2.0,78.0,55.5,-6.0,6.65,11.664855072463768,0.09624999999999956,61.1286231884058,0,0,1,0,0,0,0
276,54120,77.0,62.5,70.0,8.95,30.0,11.05,1928,426,0.0,-3,53.45788043478261,59.0,5.0,0.0,29.25500000000001,41.953705,-87.733974,7,54550.61371841155,67.0,2.1209386281588447,2.0,78.0,55.5,-6.0,6.65,11.731046931407942,0.09590252707581184,61.120938628158854,0,0,1,0,0,0,0
277,54120,77.0,62.5,70.0,8.95,30.0,11.05,1928,426,0.0,-3,53.45788043478261,59.0,5.0,0.0,29.25500000000001,41.95469,-87.800991,7,54549.06474820143,67.0,2.1133093525179856,2.0,78.0,55.5,-6.0,6.65,11.796762589928058,0.09555755395683407,61.113309352517994,0,1,0,0,0,0,0
278,54120,77.0,62.5,70.0,8.95,30.0,11.05,1928,426,0.0,-3,53.45788043478261,59.0,5.0,0.0,29.25500000000001,41.95469,-87.800991,7,54547.52688172043,67.0,2.1057347670250897,2.0,78.0,55.5,-6.0,6.65,11.86200716845878,0.09521505376344043,61.10573476702509,0,0,1,0,0,0,0
279,54120,77.0,62.5,70.0,8.95,30.0,11.05,1928,426,0.0,-3,53.45788043478261,59.0,5.0,0.0,29.25500000000001,41.95469,-87.800991,7,54546.0,67.0,2.0982142857142856,2.0,78.0,55.5,-6.0,6.65,11.926785714285714,0.09487499999999956,61.09821428571429,0,0,0,1,0,0,0
280,54120,77.0,62.5,70.0,8.95,30.0,11.05,1928,426,0.0,-3,53.45788043478261,59.0,5.0,0.0,29.25500000000001,41.964242,-87.757639,7,54544.48398576512,67.0,2.090747330960854,2.0,78.0,55.5,-6.0,6.65,11.991103202846976,0.09453736654804226,61.09074733096085,0,0,1,0,0,0,0
281,54120,77.0,62.5,70.0,8.95,30.0,11.05,1928,426,0.0,-3,53.45788043478261,59.0,5.0,0.0,29.25500000000001,41.96272800000001,-87.748367,7,54542.978723404245,67.0,2.083333333333333,2.0,78.0,55.5,-6.0,6.65,12.054964539007091,0.09420212765957403,61.08333333333334,0,0,1,0,0,0,0
282,54120,77.0,62.5,70.0,8.95,30.0,11.05,1928,426,0.0,-3,53.45788043478261,59.0,5.0,0.0,29.25500000000001,41.990284,-87.797127,7,54541.48409893993,67.0,2.075971731448764,2.0,78.0,55.5,-6.0,6.65,12.118374558303888,0.0938692579505296,61.07597173144875,0,0,1,0,0,0,0
283,54120,77.0,62.5,70.0,8.95,30.0,11.05,1928,426,0.0,-3,53.45788043478261,59.0,5.0,0.0,29.25500000000001,41.990284,-87.797127,7,54540.0,70.0,2.068661971830986,5.0,77.0,55.5,-3.0,6.65,12.181338028169014,0.09353873239436576,61.06866197183098,0,0,0,1,0,0,0
284,54120,77.0,62.5,70.0,8.95,30.0,11.05,1928,426,0.0,-3,53.45788043478261,59.0,5.0,0.0,29.25500000000001,41.994991,-87.769279,7,54538.52631578947,70.0,2.0614035087719302,5.0,77.0,55.5,-3.0,6.65,12.243859649122806,0.09321052631578904,61.061403508771924,0,0,1,0,0,0,0
285,54120,77.0,62.5,70.0,8.95,30.0,11.05,1928,426,0.0,-3,53.45788043478261,59.0,5.0,0.0,29.25500000000001,42.008314,-87.77792099999998,7,54537.06293706294,70.0,2.054195804195804,5.0,77.0,55.5,-3.0,6.65,12.305944055944055,0.09288461538461497,61.054195804195814,0,1,0,0,0,0,0
286,54120,77.0,62.5,70.0,8.95,30.0,11.05,1928,426,0.0,-3,53.45788043478261,59.0,5.0,0.0,29.25500000000001,42.008314,-87.77792099999998,7,54535.60975609756,70.0,2.047038327526133,5.0,77.0,62.5,-3.0,6.65,12.367595818815332,0.09256097560975568,61.04703832752613,0,0,1,0,0,0,0
287,54120,77.0,62.5,70.0,8.95,30.0,11.05,1928,426,0.0,-3,53.45788043478261,59.0,5.0,0.0,29.25500000000001,42.008314,-87.77792099999998,7,54534.16666666666,70.0,2.039930555555556,5.0,77.0,62.5,-3.0,6.65,12.428819444444445,0.0922395833333329,61.039930555555564,0,0,0,1,0,0,0
288,54120,77.0,62.5,70.0,8.95,30.0,11.05,1928,426,0.0,-3,53.45788043478261,59.0,5.0,0.0,29.25500000000001,41.98196400000001,-87.812827,7,54532.73356401384,70.0,2.0328719723183397,5.0,77.0,62.5,-3.0,6.65,12.489619377162631,0.09192041522491308,61.03287197231835,0,0,1,0,0,0,0
289,54120,77.0,62.5,70.0,8.95,30.0,11.05,1928,426,0.0,-3,53.45788043478261,59.0,5.0,0.0,29.25500000000001,41.99247800000001,-87.862995,7,54531.31034482759,70.0,2.0258620689655173,5.0,77.0,62.5,-3.0,6.65,12.55,0.09160344827586164,61.02586206896552,0,0,1,0,0,0,0
290,54120,77.0,62.5,70.0,8.95,30.0,11.05,1928,426,0.0,-3,53.45788043478261,59.0,5.0,0.0,29.25500000000001,41.98196400000001,-87.812827,7,54529.896907216505,70.0,2.018900343642612,5.0,77.0,62.5,-3.0,6.65,12.609965635738833,0.091288659793814,61.018900343642606,0,0,0,1,0,0,0
291,54120,77.0,62.5,70.0,8.95,30.0,11.05,1928,426,0.0,-3,53.45788043478261,59.0,5.0,0.0,29.25500000000001,41.99247800000001,-87.862995,7,54528.49315068493,70.0,2.011986301369863,5.0,77.0,62.5,-3.0,6.65,12.669520547945206,0.09097602739725984,61.01198630136986,0,0,0,1,0,0,0
292,54120,77.0,62.5,70.0,8.95,30.0,11.05,1928,426,0.0,-3,53.45788043478261,59.0,5.0,0.0,29.25500000000001,41.944869,-87.832763,7,54527.098976109206,70.0,2.005119453924914,5.0,77.0,62.5,-3.0,6.65,12.728668941979524,0.09066552901023847,61.005119453924905,0,1,0,0,0,0,0
293,54120,77.0,62.5,70.0,8.95,30.0,11.05,1928,426,0.0,-3,53.45788043478261,59.0,5.0,0.0,29.25500000000001,41.944869,-87.832763,7,54525.714285714275,70.0,1.9982993197278909,5.0,77.0,62.5,-3.0,6.65,12.787414965986395,0.09035714285714244,60.99829931972789,0,0,1,0,0,0,0
294,54120,77.0,62.5,70.0,8.95,30.0,11.05,1928,426,0.0,-3,53.45788043478261,59.0,5.0,0.0,29.25500000000001,41.944869,-87.832763,7,54524.33898305085,70.0,1.9915254237288136,5.0,77.0,62.5,-3.0,6.65,12.845762711864404,0.0900508474576267,60.99152542372882,0,0,0,1,0,0,0
295,54120,77.0,62.5,70.0,8.95,30.0,11.05,1928,426,0.0,-3,53.45788043478261,59.0,5.0,0.0,29.25500000000001,41.923738,-87.785288,7,54522.972972972966,70.0,1.9847972972972971,5.0,77.0,62.5,-3.0,6.65,12.903716216216214,0.08974662162162121,60.9847972972973,0,0,1,0,0,0,0
296,54120,77.0,62.5,70.0,8.95,30.0,11.05,1928,426,0.0,-3,53.45788043478261,59.0,5.0,0.0,29.25500000000001,41.923738,-87.785288,7,54521.61616161616,70.0,1.9781144781144784,5.0,77.0,62.5,-3.0,6.65,12.961279461279464,0.08944444444444404,60.97811447811448,0,0,0,1,0,0,0
297,54120,77.0,62.5,70.0,8.95,30.0,11.05,1928,426,0.0,-3,53.45788043478261,59.0,5.0,0.0,29.25500000000001,41.970248,-87.787992,7,54520.26845637584,70.0,1.9714765100671139,5.0,77.0,62.5,-3.0,6.65,13.018456375838928,0.08914429530201301,60.97147651006711,0,0,1,0,0,0,0
298,54120,77.0,62.5,70.0,8.95,30.0,11.05,1928,426,0.0,-3,53.45788043478261,59.0,5.0,0.0,29.25500000000001,41.970248,-87.787992,7,54518.92976588629,70.0,1.9648829431438128,5.0,77.0,62.5,-3.0,6.65,13.075250836120404,0.08884615384615344,60.96488294314381,0,0,0,1,0,0,0
299,54120,77.0,62.5,70.0,8.95,30.0,11.05,1928,426,0.0,-3,53.45788043478261,59.0,5.0,0.0,29.25500000000001,41.974089,-87.824812,7,54517.6,70.0,1.9583333333333333,5.0,77.0,62.5,-3.0,6.65,13.131666666666666,0.08854999999999959,60.95833333333334,0,0,1,0,0,0,0
300,54120,77.0,62.5,70.0,8.95,30.0,11.05,1928,426,0.0,-3,53.45788043478261,59.0,5.0,0.0,29.25500000000001,41.974089,-87.824812,7,54516.27906976744,70.0,1.951827242524917,5.0,77.0,62.5,-3.0,6.65,13.187707641196013,0.08825581395348796,60.95182724252491,0,0,0,1,0,0,0
301,54120,77.0,62.5,70.0,8.95,30.0,11.05,1928,426,0.0,-3,53.45788043478261,59.0,5.0,0.0,29.25500000000001,42.011601,-87.81150600000002,7,54514.96688741722,70.0,1.945364238410596,5.0,77.0,62.5,-3.0,6.65,13.243377483443705,0.08796357615893999,60.9453642384106,0,1,0,0,0,0,0
302,54120,77.0,62.5,70.0,8.95,30.0,11.05,1928,426,0.0,-3,53.45788043478261,59.0,5.0,0.0,29.25500000000001,42.011601,-87.81150600000002,7,54513.66336633663,70.0,1.938943894389439,5.0,77.0,62.5,-3.0,6.65,13.2986798679868,0.08767326732673228,60.93894389438944,0,0,1,0,0,0,0
303,54120,77.0,62.5,70.0,8.95,30.0,11.05,1928,426,0.0,-3,53.45788043478261,59.0,5.0,0.0,29.25500000000001,42.011601,-87.81150600000002,7,54512.368421052626,70.0,1.9325657894736843,5.0,77.0,62.5,-3.0,6.65,13.353618421052632,0.08738486842105223,60.932565789473685,0,0,0,1,0,0,0
304,54120,77.0,62.5,70.0,8.95,30.0,11.05,1928,426,0.0,-3,53.45788043478261,59.0,5.0,0.0,29.25500000000001,41.94983,-87.69845699999998,7,54511.08196721312,70.0,1.9262295081967211,5.0,77.0,62.5,-3.0,8.95,13.408196721311473,0.0870983606557373,60.92622950819672,0,0,1,0,0,0,0
305,54120,77.0,62.5,70.0,8.95,30.0,11.05,1928,426,0.0,-3,53.45788043478261,59.0,5.0,0.0,29.25500000000001,41.979243,-87.750938,7,54509.80392156863,70.0,1.919934640522876,5.0,77.0,62.5,-3.0,8.95,13.462418300653596,0.08681372549019567,60.91993464052288,0,0,1,0,0,0,0
306,54120,77.0,62.5,70.0,8.95,30.0,11.05,1928,426,0.0,-3,53.45788043478261,59.0,5.0,0.0,29.25500000000001,41.979243,-87.750938,7,54508.534201954404,70.0,1.9136807817589576,5.0,77.0,62.5,-3.0,8.95,13.51628664495114,0.08653094462540678,60.913680781758956,0,0,0,1,0,0,0
307,54120,77.0,62.5,70.0,8.95,30.0,11.05,1928,426,0.0,-3,53.45788043478261,59.0,5.0,0.0,29.25500000000001,41.986921,-87.689778,7,54507.272727272735,70.0,1.9074675324675323,5.0,77.0,62.5,-3.0,8.95,13.569805194805195,0.0862499999999996,60.907467532467535,0,0,1,0,0,0,0
308,54120,77.0,62.5,70.0,8.95,30.0,11.05,1928,426,0.0,-3,53.45788043478261,59.0,5.0,0.0,29.25500000000001,41.986921,-87.689778,7,54506.019417475734,70.0,1.901294498381877,5.0,77.0,62.5,-3.0,8.95,13.622977346278315,0.08597087378640737,60.90129449838188,0,0,0,1,0,0,0
309,54120,77.0,62.5,70.0,8.95,30.0,11.05,1928,426,0.0,-3,53.45788043478261,59.0,5.0,0.0,29.25500000000001,41.89923,-87.716788,7,54504.77419354839,70.0,1.8951612903225807,5.0,77.0,62.5,-3.0,8.95,13.675806451612903,0.08569354838709638,60.895161290322584,0,1,0,0,0,0,0
310,54120,77.0,62.5,70.0,8.95,30.0,11.05,1928,426,0.0,-3,53.45788043478261,59.0,5.0,0.0,29.25500000000001,41.89923,-87.716788,7,54503.53697749196,70.0,1.889067524115756,5.0,77.0,62.5,-3.0,8.95,13.728295819935694,0.08541800643086778,60.88906752411575,0,0,1,0,0,0,0
311,54120,77.0,62.5,70.0,8.95,30.0,11.05,1928,426,0.0,-3,53.45788043478261,59.0,5.0,0.0,29.25500000000001,41.89923,-87.716788,7,54502.307692307695,70.0,1.8830128205128205,5.0,77.0,62.5,-3.0,8.95,13.780448717948715,0.08514423076923038,60.88301282051282,0,0,0,1,0,0,0
312,54120,77.0,62.5,70.0,8.95,30.0,11.05,1928,426,0.0,-3,53.45788043478261,59.0,5.0,0.0,29.25500000000001,41.801498,-87.763416,7,54501.08626198083,70.0,1.876996805111821,5.0,77.0,62.5,-3.0,8.95,13.832268370607029,0.08487220447284306,60.876996805111816,0,0,0,1,0,0,0
313,54120,77.0,62.5,70.0,8.95,30.0,11.05,1928,426,0.0,-3,53.45788043478261,59.0,5.0,0.0,29.25500000000001,41.906638,-87.701431,7,54499.87261146497,70.0,1.8710191082802548,5.0,77.0,62.5,-3.0,8.95,13.88375796178344,0.08460191082802508,60.87101910828026,0,0,1,0,0,0,0
314,54120,77.0,62.5,70.0,8.95,30.0,11.05,1928,426,0.0,-3,53.45788043478261,59.0,5.0,0.0,29.25500000000001,41.836644,-87.677737,7,54498.66666666666,70.0,1.865079365079365,5.0,77.0,62.5,-3.0,8.95,13.934920634920635,0.08433333333333294,60.86507936507937,0,0,1,0,0,0,0
315,54120,77.0,62.5,70.0,8.95,30.0,11.05,1928,426,0.0,-3,53.45788043478261,59.0,5.0,0.0,29.25500000000001,41.763733,-87.742302,7,54497.468354430384,70.0,1.8591772151898731,5.0,77.0,62.5,-3.0,8.95,13.985759493670885,0.08406645569620214,60.85917721518987,0,0,1,0,0,0,0
316,54120,77.0,62.5,70.0,8.95,30.0,11.05,1928,426,0.0,-3,53.45788043478261,59.0,5.0,0.0,29.25500000000001,41.837085,-87.729384,7,54496.27760252366,70.0,1.8533123028391167,5.0,77.0,62.5,-3.0,8.95,14.036277602523661,0.08380126182965261,60.853312302839115,0,0,1,0,0,0,0
317,54120,77.0,62.5,70.0,8.95,30.0,11.05,1928,426,0.0,-3,53.45788043478261,59.0,5.0,0.0,29.25500000000001,41.921177,-87.79518,7,54495.094339622636,70.0,1.84748427672956,5.0,77.0,62.5,-3.0,8.95,14.086477987421384,0.08353773584905623,60.84748427672957,0,0,1,0,0,0,0
318,54120,77.0,62.5,70.0,8.95,30.0,11.05,1928,426,0.0,-3,53.45788043478261,59.0,5.0,0.0,29.25500000000001,41.911824,-87.726737,7,54493.9184952978,70.0,1.841692789968652,5.0,77.0,62.5,-3.0,8.95,14.136363636363635,0.08327586206896513,60.841692789968654,0,0,1,0,0,0,0
319,54120,77.0,62.5,70.0,8.95,30.0,11.05,1928,426,0.0,-3,53.45788043478261,59.0,5.0,0.0,29.25500000000001,41.857402,-87.694991,7,54492.75,70.0,1.8359375,5.0,77.0,62.5,-3.0,8.95,14.1859375,0.08301562499999962,60.8359375,0,0,1,0,0,0,0
320,54120,77.0,62.5,70.0,8.95,30.0,11.05,1928,426,0.0,-3,53.45788043478261,59.0,5.0,0.0,29.25500000000001,41.857402,-87.694991,7,54491.588785046726,70.0,1.8302180685358256,5.0,77.0,62.5,-3.0,8.95,14.23520249221184,0.08275700934579401,60.83021806853582,0,0,0,1,0,0,0
321,54120,77.0,62.5,70.0,8.95,30.0,11.05,1928,426,0.0,-3,53.45788043478261,59.0,5.0,0.0,29.25500000000001,41.9216,-87.666455,7,54490.43478260869,70.0,1.8245341614906831,5.0,77.0,62.5,-3.0,8.95,14.284161490683232,0.08249999999999963,60.82453416149068,0,0,1,0,0,0,0
322,54120,77.0,62.5,70.0,8.95,30.0,11.05,1928,426,0.0,-3,53.45788043478261,59.0,5.0,0.0,29.25500000000001,41.9216,-87.666455,7,54489.287925696604,70.0,1.8188854489164088,5.0,77.0,62.5,-3.0,8.95,14.3328173374613,0.08224458204334327,60.818885448916404,0,0,0,1,0,0,0
323,54120,77.0,62.5,70.0,8.95,30.0,11.05,1928,426,0.0,-3,53.45788043478261,59.0,5.0,0.0,29.25500000000001,41.891118,-87.65449100000002,7,54488.14814814815,70.0,1.813271604938272,5.0,77.0,62.5,-3.0,8.95,14.38117283950617,0.08199074074074036,60.81327160493828,0,1,0,0,0,0,0
324,54120,77.0,62.5,70.0,8.95,30.0,11.05,1928,426,0.0,-3,53.45788043478261,59.0,5.0,0.0,29.25500000000001,41.891118,-87.65449100000002,7,54487.015384615384,70.0,1.807692307692308,5.0,77.0,62.5,-3.0,8.95,14.429230769230768,0.08173846153846116,60.80769230769231,0,0,1,0,0,0,0
325,54120,77.0,62.5,70.0,8.95,30.0,11.05,1928,426,0.0,-3,53.45788043478261,59.0,5.0,0.0,29.25500000000001,41.891118,-87.65449100000002,7,54485.88957055215,70.0,1.802147239263804,5.0,77.0,62.5,-3.0,8.95,14.476993865030675,0.08148773006134931,60.8021472392638,0,0,0,1,0,0,0
326,54120,77.0,62.5,70.0,8.95,30.0,11.05,1928,426,0.0,-3,53.45788043478261,59.0,5.0,0.0,29.25500000000001,41.868142,-87.696269,7,54484.77064220184,70.0,1.7966360856269112,5.0,77.0,62.5,-3.0,8.95,14.52446483180428,0.08123853211009137,60.79663608562693,0,1,0,0,0,0,0
327,54120,77.0,62.5,70.0,8.95,30.0,11.05,1928,426,0.0,-3,53.45788043478261,59.0,5.0,0.0,29.25500000000001,41.868142,-87.696269,7,54483.65853658537,70.0,1.7911585365853657,5.0,77.0,62.5,-3.0,8.95,14.571646341463413,0.08099085365853621,60.79115853658536,0,0,1,0,0,0,0
328,54120,77.0,62.5,70.0,8.95,30.0,11.05,1928,426,0.0,-3,53.45788043478261,59.0,5.0,0.0,29.25500000000001,41.867108,-87.654224,7,54482.553191489365,70.0,1.7857142857142858,5.0,77.0,62.5,-3.0,8.95,14.618541033434653,0.08074468085106347,60.78571428571429,0,0,1,0,0,0,0
329,54120,77.0,62.5,70.0,8.95,30.0,11.05,1928,426,0.0,-3,53.45788043478261,59.0,5.0,0.0,29.25500000000001,41.867108,-87.654224,7,54481.454545454544,70.0,1.7803030303030305,5.0,77.0,62.5,-3.0,8.95,14.665151515151514,0.08049999999999963,60.78030303030303,0,0,0,1,0,0,0
330,54120,77.0,62.5,70.0,8.95,30.0,11.05,1928,426,0.0,-3,53.45788043478261,59.0,5.0,0.0,29.25500000000001,41.896282,-87.655232,7,54480.36253776435,70.0,1.7749244712990937,5.0,77.0,62.5,-3.0,8.95,14.711480362537765,0.0802567975830812,60.774924471299094,0,0,1,0,0,0,0
331,54120,77.0,62.5,70.0,8.95,30.0,11.05,1928,426,0.0,-3,53.45788043478261,59.0,5.0,0.0,29.25500000000001,41.896282,-87.655232,7,54479.277108433744,70.0,1.769578313253012,5.0,77.0,62.5,-3.0,8.95,14.757530120481928,0.08001506024096347,60.769578313253014,0,0,0,1,0,0,0
332,54120,77.0,62.5,70.0,8.95,30.0,11.05,1928,426,0.0,-3,53.45788043478261,59.0,5.0,0.0,29.25500000000001,41.921965,-87.632085,7,54478.1981981982,70.0,1.7642642642642643,5.0,77.0,62.5,-3.0,8.95,14.803303303303304,0.0797747747747744,60.76426426426426,0,0,1,0,0,0,0
333,54120,77.0,62.5,70.0,8.95,30.0,11.05,1928,426,0.0,-3,53.45788043478261,59.0,5.0,0.0,29.25500000000001,41.921965,-87.632085,7,54477.125748502986,70.0,1.7589820359281436,5.0,77.0,62.5,-3.0,8.95,14.848802395209582,0.0795359281437122,60.75898203592814,0,0,0,1,0,0,0
334,54120,77.0,62.5,70.0,8.95,30.0,11.05,1928,426,0.0,-3,53.45788043478261,59.0,5.0,0.0,29.25500000000001,41.823065,-87.67837800000002,7,54476.05970149254,70.0,1.7537313432835822,5.0,77.0,62.5,-3.0,8.95,14.894029850746266,0.0792985074626862,60.753731343283576,0,1,0,0,0,0,0
335,54120,77.0,62.5,70.0,8.95,30.0,11.05,1928,426,0.0,-3,53.45788043478261,59.0,5.0,0.0,29.25500000000001,41.823065,-87.67837800000002,7,54475.0,70.0,1.7485119047619049,5.0,77.0,62.5,-3.0,8.95,14.938988095238097,0.07906249999999962,60.748511904761905,0,0,1,0,0,0,0
336,54120,77.0,62.5,70.0,8.95,30.0,11.05,1928,426,0.0,-3,53.45788043478261,59.0,5.0,0.0,29.25500000000001,41.801179,-87.679447,7,54473.9465875371,70.0,1.7433234421364985,5.0,77.0,62.5,-3.0,8.95,14.983679525222552,0.07882789317507381,60.7433234421365,0,1,0,0,0,0,0
337,54120,77.0,62.5,70.0,8.95,30.0,11.05,1928,426,0.0,-3,53.45788043478261,59.0,5.0,0.0,29.25500000000001,41.801179,-87.679447,7,54472.89940828402,70.0,1.7381656804733727,5.0,77.0,62.5,-3.0,8.95,15.028106508875739,0.07859467455621265,60.738165680473365,0,0,1,0,0,0,0
338,54120,77.0,62.5,70.0,8.95,30.0,11.05,1928,426,0.0,-3,53.45788043478261,59.0,5.0,0.0,29.25500000000001,41.800737,-87.71188000000002,7,54471.85840707965,70.0,1.7330383480825962,5.0,77.0,62.5,-3.0,8.95,15.072271386430678,0.07836283185840671,60.73303834808259,0,1,0,0,0,0,0
339,54120,77.0,62.5,70.0,8.95,30.0,11.05,1928,426,0.0,-3,53.45788043478261,59.0,5.0,0.0,29.25500000000001,41.778297,-87.752411,7,54470.823529411755,70.0,1.7279411764705883,5.0,77.0,62.5,-3.0,8.95,15.116176470588233,0.07813235294117611,60.727941176470594,0,1,0,0,0,0,0
340,54120,77.0,62.5,70.0,8.95,30.0,11.05,1928,426,0.0,-3,53.45788043478261,59.0,5.0,0.0,29.25500000000001,41.778297,-87.752411,7,54469.79472140763,70.0,1.7228739002932552,5.0,77.0,62.5,-3.0,8.95,15.15982404692082,0.07790322580645125,60.72287390029325,0,0,1,0,0,0,0
341,54120,77.0,62.5,70.0,8.95,30.0,11.05,1928,426,0.0,-3,53.45788043478261,59.0,5.0,0.0,29.25500000000001,41.778297,-87.752411,7,54468.77192982457,70.0,1.7178362573099415,5.0,77.0,62.5,-3.0,8.95,15.203216374269006,0.07767543859649087,60.71783625730994,0,0,0,0,0,0,1
342,54120,77.0,62.5,70.0,8.95,30.0,11.05,1928,426,0.0,-3,53.45788043478261,59.0,5.0,0.0,29.25500000000001,41.77166,-87.703047,7,54467.75510204082,70.0,1.7128279883381925,5.0,77.0,62.5,-3.0,8.95,15.246355685131194,0.07744897959183637,60.712827988338184,0,0,1,0,0,0,0
343,54120,77.0,62.5,70.0,8.95,30.0,11.05,1928,426,0.0,-3,53.45788043478261,59.0,5.0,0.0,29.25500000000001,41.759346,-87.745602,7,54466.74418604651,70.0,1.7078488372093024,5.0,77.0,62.5,-3.0,8.95,15.289244186046512,0.07722383720930197,60.7078488372093,0,0,1,0,0,0,0
344,54120,77.0,62.5,70.0,8.95,30.0,11.05,1928,426,0.0,-3,53.45788043478261,59.0,5.0,0.0,29.25500000000001,41.768388,-87.678649,7,54465.739130434784,70.0,1.7028985507246377,5.0,77.0,62.5,-3.0,8.95,15.331884057971015,0.07699999999999964,60.70289855072464,0,0,1,0,0,0,0
345,54120,77.0,62.5,70.0,8.95,30.0,11.05,1928,426,0.0,-3,53.45788043478261,59.0,5.0,0.0,29.25500000000001,41.768388,-87.678649,7,54464.73988439306,70.0,1.6979768786127167,5.0,77.0,62.5,-3.0,8.95,15.374277456647398,0.07677745664739849,60.69797687861272,0,0,0,1,0,0,0
346,54120,77.0,62.5,70.0,8.95,30.0,11.05,1928,426,0.0,-3,53.45788043478261,59.0,5.0,0.0,29.25500000000001,41.797616,-87.797894,7,54463.74639769452,70.0,1.6930835734870318,5.0,77.0,62.5,-3.0,8.95,15.416426512968302,0.07655619596541753,60.69308357348704,0,0,1,0,0,0,0
347,54120,77.0,62.5,70.0,8.95,30.0,11.05,1928,426,0.0,-3,53.45788043478261,59.0,5.0,0.0,29.25500000000001,41.781416,-87.77653199999996,7,54462.758620689645,70.0,1.6882183908045978,5.0,77.0,62.5,-3.0,8.95,15.458333333333336,0.07633620689655136,60.68821839080461,0,0,1,0,0,0,0
348,54120,77.0,62.5,70.0,8.95,30.0,11.05,1928,426,0.0,-3,53.45788043478261,59.0,5.0,0.0,29.25500000000001,41.773215,-87.60088,7,54461.776504297995,70.0,1.6833810888252152,5.0,77.0,62.5,-3.0,8.95,15.5,0.0761174785100283,60.683381088825215,0,0,1,0,0,0,0
349,54120,77.0,62.5,70.0,8.95,30.0,11.05,1928,426,0.0,-3,53.45788043478261,59.0,5.0,0.0,29.25500000000001,41.773215,-87.60088,7,54460.8,70.0,1.6785714285714286,5.0,77.0,62.5,-3.0,8.95,15.541428571428574,0.07589999999999965,60.67857142857143,0,0,0,1,0,0,0
350,54120,77.0,62.5,70.0,8.95,30.0,11.05,1928,426,0.0,-3,53.45788043478261,59.0,5.0,0.0,29.25500000000001,41.822536,-87.66634300000004,7,54459.82905982906,70.0,1.6737891737891737,5.0,77.0,62.5,-3.0,8.95,15.582621082621086,0.07568376068376033,60.67378917378917,0,0,0,1,0,0,0
351,54120,77.0,62.5,70.0,8.95,30.0,11.05,1928,426,0.0,-3,53.45788043478261,59.0,5.0,0.0,29.25500000000001,41.799282,-87.585487,7,54458.86363636363,70.0,1.6690340909090908,5.0,77.0,62.5,-3.0,8.95,15.623579545454545,0.07546874999999965,60.66903409090909,0,0,0,0,1,0,0
352,54120,77.0,62.5,70.0,8.95,30.0,11.05,1928,426,0.0,-3,53.45788043478261,59.0,5.0,0.0,29.25500000000001,41.794781,-87.615989,7,54457.90368271954,70.0,1.6643059490084986,5.0,77.0,62.5,-3.0,8.95,15.6643059490085,0.0752549575070818,60.6643059490085,0,0,0,1,0,0,0
353,54120,77.0,62.5,70.0,8.95,30.0,11.05,1928,426,0.0,-3,53.45788043478261,59.0,5.0,0.0,29.25500000000001,41.778748,-87.586427,7,54456.94915254237,70.0,1.6596045197740112,5.0,77.0,62.5,-3.0,8.95,15.704802259887007,0.07504237288135558,60.65960451977403,0,0,0,1,0,0,0
354,54120,77.0,62.5,70.0,8.95,30.0,11.05,1928,426,0.0,-3,53.45788043478261,59.0,5.0,0.0,29.25500000000001,41.766202,-87.562889,7,54456.0,70.0,1.6549295774647887,5.0,77.0,62.5,-3.0,8.95,15.745070422535212,0.07483098591549261,60.65492957746479,0,0,1,0,0,0,0
355,54120,77.0,62.5,70.0,8.95,30.0,11.05,1928,426,0.0,-3,53.45788043478261,59.0,5.0,0.0,29.25500000000001,41.766202,-87.562889,7,54455.05617977528,70.0,1.6502808988764044,5.0,77.0,62.5,-3.0,8.95,15.785112359550562,0.07462078651685357,60.6502808988764,0,0,0,1,0,0,0
356,54120,77.0,62.5,70.0,8.95,30.0,11.05,1928,426,0.0,-3,53.45788043478261,59.0,5.0,0.0,29.25500000000001,41.754676,-87.612922,7,54454.117647058825,70.0,1.6456582633053216,5.0,77.0,62.5,-3.0,8.95,15.824929971988794,0.07441176470588201,60.64565826330532,0,0,1,0,0,0,0
357,54120,77.0,62.5,70.0,8.95,30.0,11.05,1928,426,0.0,-3,53.45788043478261,59.0,5.0,0.0,29.25500000000001,41.754676,-87.612922,7,54453.184357541904,70.0,1.6410614525139664,5.0,77.0,62.5,-3.0,8.95,15.864525139664805,0.07420391061452479,60.64106145251397,0,0,0,1,0,0,0
358,54120,77.0,62.5,70.0,8.95,30.0,11.05,1928,426,0.0,-3,53.45788043478261,59.0,5.0,0.0,29.25500000000001,41.821582,-87.62779599999998,7,54452.25626740947,70.0,1.6364902506963788,5.0,77.0,62.5,-3.0,8.95,15.903899721448466,0.07399721448467933,60.63649025069638,0,0,1,0,0,0,0
359,54120,77.0,62.5,70.0,8.95,30.0,11.05,1928,426,0.0,-3,53.45788043478261,59.0,5.0,0.0,29.25500000000001,41.821582,-87.62779599999998,7,54451.33333333334,70.0,1.6319444444444444,5.0,77.0,62.5,-3.0,8.95,15.943055555555556,0.07379166666666633,60.631944444444436,0,0,0,1,0,0,0
360,54120,77.0,62.5,70.0,8.95,30.0,11.05,1928,426,0.0,-3,53.45788043478261,59.0,5.0,0.0,29.25500000000001,41.803423,-87.642984,7,54450.415512465384,70.0,1.6274238227146811,5.0,77.0,62.5,-3.0,8.95,15.981994459833796,0.07358725761772819,60.62742382271468,0,1,0,0,0,0,0
361,54120,77.0,62.5,70.0,8.95,30.0,11.05,1928,426,0.0,-3,53.45788043478261,59.0,5.0,0.0,29.25500000000001,41.803423,-87.642984,7,54449.50276243094,70.0,1.62292817679558,5.0,77.0,62.5,-3.0,8.95,16.0207182320442,0.07338397790055215,60.622928176795575,0,0,1,0,0,0,0
362,54120,77.0,62.5,70.0,8.95,30.0,11.05,1928,426,0.0,-3,53.45788043478261,59.0,5.0,0.0,29.25500000000001,41.803423,-87.642984,7,54448.59504132231,70.0,1.6184573002754818,5.0,77.0,62.5,-3.0,8.95,16.05922865013774,0.07318181818181785,60.61845730027548,0,0,0,1,0,0,0
363,54120,77.0,62.5,70.0,8.95,30.0,11.05,1928,426,0.0,-3,53.45788043478261,59.0,5.0,0.0,29.25500000000001,41.754292,-87.590773,7,54447.69230769231,70.0,1.614010989010989,5.0,77.0,62.5,-3.0,8.95,16.09752747252747,0.07298076923076889,60.61401098901097,0,0,1,0,0,0,0
364,54120,77.0,62.5,70.0,8.95,30.0,11.05,1928,426,0.0,-3,53.45788043478261,59.0,5.0,0.0,29.25500000000001,41.754292,-87.590773,7,54446.79452054795,70.0,1.6095890410958904,5.0,77.0,62.5,-3.0,8.95,16.135616438356163,0.07278082191780788,60.60958904109589,0,0,0,1,0,0,0
365,54120,77.0,62.5,70.0,8.95,30.0,11.05,1928,426,0.0,-3,53.45788043478261,59.0,5.0,0.0,29.25500000000001,41.692555,-87.598865,7,54445.901639344265,70.0,1.6051912568306008,5.0,77.0,62.5,-3.0,8.95,16.17349726775956,0.07258196721311441,60.605191256830594,0,1,0,0,0,0,0
366,54120,77.0,62.5,70.0,8.95,30.0,11.05,1928,426,0.0,-3,53.45788043478261,59.0,5.0,0.0,29.25500000000001,41.692555,-87.598865,7,54445.0136239782,70.0,1.600817438692098,5.0,77.0,62.5,-3.0,8.95,16.211171662125338,0.07238419618528577,60.600817438692104,0,0,1,0,0,0,0
367,54120,77.0,62.5,70.0,8.95,30.0,11.05,1928,426,0.0,-3,53.45788043478261,59.0,5.0,0.0,29.25500000000001,41.692555,-87.598865,7,54444.130434782615,70.0,1.5964673913043481,5.0,77.0,62.5,-3.0,8.95,16.248641304347824,0.07218749999999967,60.59646739130435,0,0,0,1,0,0,0
368,54120,77.0,62.5,70.0,8.95,30.0,11.05,1928,426,0.0,-3,53.45788043478261,59.0,5.0,0.0,29.25500000000001,41.721474,-87.648064,7,54443.25203252032,70.0,1.592140921409214,5.0,77.0,62.5,-3.0,8.95,16.28590785907859,0.07199186991869885,60.592140921409204,0,0,1,0,0,0,0
369,54120,77.0,62.5,70.0,8.95,30.0,11.05,1928,426,0.0,-3,53.45788043478261,59.0,5.0,0.0,29.25500000000001,41.688324,-87.676709,7,54442.37837837838,70.0,1.5878378378378382,5.0,77.0,62.5,-3.0,8.95,16.322972972972973,0.07179729729729696,60.58783783783784,0,1,0,0,0,0,0
370,54120,77.0,62.5,70.0,8.95,30.0,11.05,1928,426,0.0,-3,53.45788043478261,59.0,5.0,0.0,29.25500000000001,41.688324,-87.676709,7,54441.50943396227,70.0,1.5835579514824798,5.0,77.0,62.5,-3.0,8.95,16.359838274932613,0.07160377358490533,60.583557951482476,0,0,1,0,0,0,0
371,54120,77.0,62.5,70.0,8.95,30.0,11.05,1928,426,0.0,-3,53.45788043478261,59.0,5.0,0.0,29.25500000000001,41.688324,-87.676709,7,54440.64516129033,70.0,1.5793010752688172,5.0,77.0,62.5,-3.0,8.95,16.396505376344088,0.07141129032258031,60.57930107526882,0,0,0,1,0,0,0
372,54120,77.0,62.5,70.0,8.95,30.0,11.05,1928,426,0.0,-3,53.45788043478261,59.0,5.0,0.0,29.25500000000001,41.688324,-87.676709,7,54439.7855227882,70.0,1.5750670241286864,5.0,77.0,62.5,-3.0,8.95,16.432975871313673,0.07121983914209082,60.575067024128685,0,0,0,0,1,0,0
373,54120,77.0,62.5,70.0,8.95,30.0,11.05,1928,426,0.0,-3,53.45788043478261,59.0,5.0,0.0,29.25500000000001,41.688324,-87.676709,7,54438.930481283416,70.0,1.570855614973262,5.0,77.0,62.5,-3.0,8.95,16.469251336898395,0.07102941176470555,60.57085561497326,0,0,0,0,0,0,1
374,54120,77.0,62.5,70.0,8.95,30.0,11.05,1928,426,0.0,-3,53.45788043478261,59.0,5.0,0.0,29.25500000000001,41.869107,-87.69629300000004,7,54438.08,70.0,1.5666666666666669,5.0,77.0,62.5,-3.0,8.95,16.505333333333333,0.07083999999999968,60.56666666666667,0,0,1,0,0,0,0
375,54120,77.0,62.5,70.0,8.95,30.0,11.05,1928,426,0.0,-3,53.45788043478261,59.0,5.0,0.0,29.25500000000001,41.869107,-87.69629300000004,7,54437.2340425532,70.0,1.5625,5.0,77.0,62.5,-3.0,8.95,16.54122340425532,0.07065159574468052,60.5625,0,0,0,1,0,0,0
376,54120,77.0,62.5,70.0,8.95,30.0,11.05,1928,426,0.0,-3,53.45788043478261,59.0,5.0,0.0,29.25500000000001,41.723195,-87.64997,7,54436.3925729443,70.0,1.5583554376657824,5.0,77.0,62.5,-3.0,8.95,16.576923076923073,0.07046419098143203,60.558355437665774,0,0,1,0,0,0,0
377,54120,77.0,62.5,70.0,8.95,30.0,11.05,1928,426,0.0,-3,53.45788043478261,59.0,5.0,0.0,29.25500000000001,41.723195,-87.64997,7,54435.555555555555,70.0,1.5542328042328042,5.0,77.0,62.5,-3.0,8.95,16.612433862433864,0.07027777777777745,60.5542328042328,0,0,0,1,0,0,0
378,54120,77.0,62.5,70.0,8.95,30.0,11.05,1928,426,0.0,-3,53.45788043478261,59.0,5.0,0.0,29.25500000000001,41.868077,-87.666901,7,54434.72295514512,70.0,1.5501319261213717,5.0,77.0,62.5,-3.0,8.95,16.647757255936675,0.0700923482849601,60.55013192612139,0,0,1,0,0,0,0
379,54120,77.0,62.5,70.0,8.95,30.0,11.05,1928,426,0.0,-3,53.45788043478261,59.0,5.0,0.0,29.25500000000001,41.868077,-87.666901,7,54433.89473684211,70.0,1.5460526315789471,5.0,77.0,62.5,-3.0,8.95,16.682894736842105,0.06990789473684178,60.54605263157895,0,0,0,1,0,0,0
380,54120,77.0,62.5,70.0,8.95,30.0,11.05,1928,426,0.0,-3,53.45788043478261,59.0,5.0,0.0,29.25500000000001,41.862292,-87.64886,7,54433.07086614173,70.0,1.5419947506561682,5.0,77.0,62.5,-3.0,8.95,16.717847769028868,0.06972440944881858,60.54199475065617,0,1,0,0,0,0,0
381,54120,77.0,62.5,70.0,8.95,30.0,11.05,1928,426,0.0,-3,53.45788043478261,59.0,5.0,0.0,29.25500000000001,41.862292,-87.64886,7,54432.251308900515,70.0,1.5379581151832458,5.0,77.0,62.5,-3.0,8.95,16.75261780104712,0.06954188481675361,60.53795811518325,0,0,1,0,0,0,0
382,54120,77.0,62.5,70.0,8.95,30.0,11.05,1928,426,0.0,-3,53.45788043478261,59.0,5.0,0.0,29.25500000000001,41.869216,-87.627561,7,54431.43603133159,70.0,1.5339425587467364,5.0,77.0,62.5,-3.0,8.95,16.787206266318538,0.06936031331592657,60.53394255874674,0,1,0,0,0,0,0
383,54120,77.0,62.5,70.0,8.95,30.0,11.05,1928,426,0.0,-3,53.45788043478261,59.0,5.0,0.0,29.25500000000001,41.869216,-87.627561,7,54430.625,70.0,1.5299479166666667,5.0,77.0,62.5,-3.0,8.95,16.821614583333332,0.06917968749999967,60.52994791666666,0,0,1,0,0,0,0
384,54120,77.0,62.5,70.0,8.95,30.0,11.05,1928,426,0.0,-3,53.45788043478261,59.0,5.0,0.0,29.25500000000001,41.720848,-87.666014,7,54429.81818181818,70.0,1.525974025974026,5.0,77.0,62.5,-3.0,8.95,16.855844155844153,0.06899999999999969,60.52597402597402,0,0,1,0,0,0,0
385,54120,77.0,62.5,70.0,8.95,30.0,11.05,1928,426,0.0,-3,53.45788043478261,59.0,5.0,0.0,29.25500000000001,41.731922,-87.677512,7,54429.015544041446,70.0,1.5220207253886011,5.0,77.0,62.5,-3.0,8.95,16.88989637305699,0.06882124352331574,60.5220207253886,0,1,0,0,0,0,0
386,54120,77.0,62.5,70.0,8.95,30.0,11.05,1928,426,0.0,-3,53.45788043478261,59.0,5.0,0.0,29.25500000000001,41.731922,-87.677512,7,54428.217054263565,70.0,1.5180878552971575,5.0,77.0,62.5,-3.0,8.95,16.923772609819117,0.06864341085271286,60.51808785529715,0,0,1,0,0,0,0
387,54120,77.0,62.5,70.0,8.95,30.0,11.05,1928,426,0.0,-3,53.45788043478261,59.0,5.0,0.0,29.25500000000001,41.731922,-87.677512,7,54427.422680412375,70.0,1.5141752577319587,5.0,77.0,62.5,-3.0,8.95,16.957474226804127,0.0684664948453605,60.514175257731964,0,0,0,1,0,0,0
388,54120,77.0,62.5,70.0,8.95,30.0,11.05,1928,426,0.0,-3,53.45788043478261,59.0,5.0,0.0,29.25500000000001,41.798697,-87.736812,7,54426.6323907455,70.0,1.5102827763496145,5.0,77.0,62.5,-3.0,8.95,16.991002570694086,0.0682904884318763,60.51028277634961,0,0,1,0,0,0,0
389,54120,77.0,62.5,70.0,8.95,30.0,11.05,1928,426,0.0,-3,53.45788043478261,59.0,5.0,0.0,29.25500000000001,41.798697,-87.736812,7,54425.84615384616,70.0,1.5064102564102564,5.0,77.0,62.5,-3.0,8.95,17.024358974358975,0.0681153846153843,60.506410256410255,0,0,0,1,0,0,0
390,54120,77.0,62.5,70.0,8.95,30.0,11.05,1928,426,0.0,-3,53.45788043478261,59.0,5.0,0.0,29.25500000000001,41.662014,-87.72460799999998,7,54425.063938618936,70.0,1.5025575447570332,5.0,77.0,62.5,-3.0,8.95,17.05754475703325,0.06794117647058792,60.50255754475703,0,1,0,0,0,0,0
391,54120,77.0,62.5,70.0,8.95,30.0,11.05,1928,426,0.0,-3,53.45788043478261,59.0,5.0,0.0,29.25500000000001,41.662014,-87.72460799999998,7,54424.285714285725,70.0,1.4987244897959184,5.0,77.0,62.5,-3.0,8.95,17.090561224489793,0.06776785714285682,60.498724489795926,0,0,1,0,0,0,0
392,54120,77.0,62.5,70.0,8.95,30.0,11.05,1928,426,0.0,-3,53.45788043478261,59.0,5.0,0.0,29.25500000000001,41.662014,-87.72460799999998,7,54423.51145038168,70.0,1.4949109414758268,5.0,77.0,62.5,-3.0,8.95,17.123409669211195,0.06759541984732792,60.49491094147583,0,0,0,1,0,0,0
393,54120,77.0,62.5,70.0,8.95,30.0,11.05,1928,426,0.0,-3,53.45788043478261,59.0,5.0,0.0,29.25500000000001,41.961743,-87.76007,7,54422.74111675127,70.0,1.4911167512690355,5.0,77.0,62.5,-3.0,8.95,17.156091370558375,0.06742385786801999,60.49111675126903,0,0,1,0,0,0,0
394,54120,77.0,62.5,70.0,8.95,30.0,11.05,1928,426,0.0,-3,53.45788043478261,59.0,5.0,0.0,29.25500000000001,41.953067,-87.776792,7,54421.9746835443,70.0,1.4873417721518989,5.0,77.0,62.5,-3.0,8.95,17.188607594936713,0.06725316455696173,60.4873417721519,0,0,1,0,0,0,0
395,54120,77.0,62.5,70.0,8.95,30.0,11.05,1928,426,0.0,-3,53.45788043478261,59.0,5.0,0.0,29.25500000000001,41.953067,-87.776792,7,54421.21212121212,70.0,1.4835858585858586,5.0,77.0,62.5,-3.0,8.95,17.220959595959595,0.06708333333333302,60.48358585858586,0,0,0,1,0,0,0
396,54120,77.0,62.5,70.0,8.95,30.0,11.05,1928,426,0.0,-3,53.45788043478261,59.0,5.0,0.0,29.25500000000001,41.999129,-87.795585,7,54420.45340050378,70.0,1.4798488664987406,5.0,77.0,62.5,-3.0,8.95,17.25314861460957,0.06691435768261934,60.47984886649875,0,0,0,1,0,0,0
397,54120,77.0,62.5,70.0,8.95,30.0,11.05,1928,426,0.0,-3,53.45788043478261,59.0,5.0,0.0,29.25500000000001,41.878114,-87.629798,7,54419.69849246232,70.0,1.4761306532663316,5.0,77.0,62.5,-3.0,8.95,17.285175879396984,0.06674623115577859,60.476130653266324,0,0,1,0,0,0,0
398,54120,77.0,62.5,70.0,8.95,30.0,11.05,1928,426,0.0,-3,53.45788043478261,59.0,5.0,0.0,29.25500000000001,41.878114,-87.629798,7,54418.94736842105,70.0,1.4724310776942355,5.0,77.0,62.5,-3.0,8.95,17.317042606516292,0.06657894736842074,60.472431077694246,0,0,0,1,0,0,0
399,54120,77.0,62.5,70.0,8.95,30.0,11.05,1928,426,0.0,-3,53.45788043478261,59.0,5.0,0.0,29.25500000000001,41.958271,-87.702575,7,54418.2,70.0,1.46875,5.0,77.0,62.5,-3.0,8.95,17.34875,0.0664124999999997,60.46875,0,1,0,0,0,0,0
400,54120,77.0,62.5,70.0,8.95,30.0,11.05,1928,426,0.0,-3,53.45788043478261,59.0,5.0,0.0,29.25500000000001,41.958271,-87.702575,7,54417.456359102245,70.0,1.4650872817955112,5.0,77.0,62.5,-3.0,8.95,17.380299251870326,0.06624688279301713,60.46508728179551,0,0,1,0,0,0,0
401,54120,77.0,62.5,70.0,8.95,30.0,11.05,1928,426,0.0,-3,53.45788043478261,59.0,5.0,0.0,29.25500000000001,41.958271,-87.702575,7,54416.71641791045,70.0,1.4614427860696515,5.0,77.0,62.5,-3.0,8.95,17.411691542288562,0.0660820895522385,60.461442786069654,0,0,0,1,0,0,0
402,54120,77.0,62.5,70.0,8.95,30.0,11.05,1928,426,0.0,-3,53.45788043478261,59.0,5.0,0.0,29.25500000000001,42.01743,-87.68776899999996,7,54415.98014888338,70.0,1.4578163771712158,5.0,77.0,62.5,-3.0,8.95,17.442928039702235,0.06591811414392029,60.45781637717121,0,0,1,0,0,0,0
403,54120,77.0,62.5,70.0,8.95,30.0,11.05,1928,426,0.0,-3,53.45788043478261,59.0,5.0,0.0,29.25500000000001,42.01743,-87.68776899999996,7,54415.24752475248,70.0,1.4542079207920793,5.0,77.0,62.5,-3.0,8.95,17.474009900990094,0.0657549504950492,60.45420792079207,0,0,0,1,0,0,0
404,54120,77.0,62.5,70.0,8.95,30.0,11.05,1928,426,0.0,-3,53.45788043478261,59.0,5.0,0.0,29.25500000000001,42.01743,-87.68776899999996,7,54414.51851851852,70.0,1.4506172839506173,5.0,77.0,62.5,-3.0,8.95,17.50493827160494,0.06559259259259229,60.45061728395061,0,0,0,0,1,0,0
405,54120,77.0,62.5,70.0,8.95,30.0,11.05,1928,426,0.0,-3,53.45788043478261,59.0,5.0,0.0,29.25500000000001,42.006858,-87.675919,7,54413.79310344828,70.0,1.4470443349753694,5.0,77.0,62.5,-3.0,8.95,17.535714285714285,0.06543103448275832,60.44704433497537,0,0,1,0,0,0,0
406,54120,77.0,62.5,70.0,8.95,30.0,11.05,1928,426,0.0,-3,53.45788043478261,59.0,5.0,0.0,29.25500000000001,41.916265,-87.800515,7,54413.07125307126,70.0,1.4434889434889435,5.0,77.0,62.5,-3.0,8.95,17.566339066339065,0.06527027027026996,60.443488943488944,0,0,1,0,0,0,0
407,54120,77.0,62.5,70.0,8.95,30.0,11.05,1928,426,0.0,-3,53.45788043478261,59.0,5.0,0.0,29.25500000000001,41.916265,-87.800515,7,54412.35294117647,70.0,1.4399509803921569,5.0,77.0,62.5,-3.0,8.95,17.596813725490197,0.06511029411764675,60.43995098039216,0,0,0,1,0,0,0
408,54120,77.0,62.5,70.0,8.95,30.0,11.05,1928,426,0.0,-3,53.45788043478261,59.0,5.0,0.0,29.25500000000001,41.776156,-87.778927,7,54411.638141809286,70.0,1.4364303178484108,5.0,77.0,62.5,-3.0,8.95,17.62713936430318,0.06495110024449847,60.436430317848405,0,0,1,0,0,0,0
409,54120,77.0,62.5,70.0,8.95,30.0,11.05,1928,426,0.0,-3,53.45788043478261,59.0,5.0,0.0,29.25500000000001,41.682587,-87.707973,7,54410.92682926829,70.0,1.4329268292682926,5.0,77.0,62.5,-3.0,8.95,17.65731707317073,0.06479268292682898,60.4329268292683,0,1,0,0,0,0,0
410,54120,77.0,62.5,70.0,8.95,30.0,11.05,1928,426,0.0,-3,53.45788043478261,59.0,5.0,0.0,29.25500000000001,41.682587,-87.707973,7,54410.21897810219,70.0,1.429440389294404,5.0,77.0,62.5,-3.0,8.95,17.687347931873482,0.06463503649635008,60.429440389294406,0,0,1,0,0,0,0
411,54120,77.0,62.5,70.0,8.95,30.0,11.05,1928,426,0.0,-3,53.45788043478261,59.0,5.0,0.0,29.25500000000001,41.682587,-87.707973,7,54409.514563106786,70.0,1.425970873786408,5.0,77.0,62.5,-3.0,8.95,17.71723300970874,0.06447815533980553,60.425970873786405,0,0,0,1,0,0,0
412,54120,77.0,62.5,70.0,8.95,30.0,11.05,1928,426,0.0,-3,53.45788043478261,59.0,5.0,0.0,29.25500000000001,41.903002,-87.68826700000002,7,54408.81355932204,70.0,1.4225181598062957,5.0,77.0,62.5,-3.0,8.95,17.746973365617432,0.06432203389830479,60.4225181598063,0,1,0,0,0,0,0
413,54120,77.0,62.5,70.0,8.95,30.0,11.05,1928,426,0.0,-3,53.45788043478261,59.0,5.0,0.0,29.25500000000001,41.903002,-87.68826700000002,7,54408.11594202898,70.0,1.4190821256038648,5.0,77.0,62.5,-3.0,8.95,17.776570048309182,0.06416666666666637,60.41908212560386,0,0,1,0,0,0,0
414,54120,77.0,62.5,70.0,8.95,30.0,11.05,1928,426,0.0,-3,53.45788043478261,59.0,5.0,0.0,29.25500000000001,41.719059,-87.675088,7,54407.421686746995,70.0,1.4156626506024097,5.0,77.0,62.5,-3.0,8.95,17.806024096385542,0.06401204819277079,60.41566265060241,0,0,1,0,0,0,0
415,54120,77.0,62.5,70.0,8.95,30.0,11.05,1928,426,0.0,-3,53.45788043478261,59.0,5.0,0.0,29.25500000000001,41.719059,-87.675088,7,54406.73076923077,70.0,1.4122596153846154,5.0,77.0,62.5,-3.0,8.95,17.83533653846154,0.06385817307692278,60.412259615384606,0,0,0,1,0,0,0
416,54120,77.0,62.5,70.0,8.95,30.0,11.05,1928,426,0.0,-3,53.45788043478261,59.0,5.0,0.0,29.25500000000001,41.725517,-87.61425799999998,7,54406.04316546763,70.0,1.408872901678657,5.0,77.0,62.5,-3.0,8.95,17.864508393285373,0.06370503597122272,60.408872901678656,0,0,0,1,0,0,0
417,54120,77.0,62.5,70.0,8.95,30.0,11.05,1928,426,0.0,-3,53.45788043478261,59.0,5.0,0.0,29.25500000000001,41.948167,-87.730698,7,54405.35885167464,70.0,1.4055023923444976,5.0,77.0,62.5,-3.0,8.95,17.89354066985646,0.06355263157894707,60.4055023923445,0,0,1,0,0,0,0
418,54120,77.0,62.5,70.0,8.95,30.0,11.05,1928,426,0.0,-3,53.45788043478261,59.0,5.0,0.0,29.25500000000001,41.948167,-87.730698,7,54404.677804295934,70.0,1.4021479713603822,5.0,77.0,62.5,-3.0,8.95,17.922434367541765,0.06340095465393765,60.402147971360385,0,0,0,1,0,0,0
419,53520,85.0,69.0,77.0,9.7,24.0,10.35,1924,432,0.0,3,53.45788043478261,71.0,12.0,1.235,29.145,41.953705,-87.733974,7,54402.571428571435,70.0,1.3988095238095235,5.0,77.0,62.5,-3.0,8.95,17.936904761904767,0.0661904761904759,60.42738095238095,0,1,0,0,0,0,0
420,53520,85.0,69.0,77.0,9.7,24.0,10.35,1924,432,0.0,3,53.45788043478261,71.0,12.0,1.235,29.145,41.95469,-87.800991,7,54400.47505938242,70.0,1.3954869358669837,5.0,77.0,62.5,-3.0,8.95,17.951306413301662,0.0689667458432301,60.45249406175772,0,1,0,0,0,0,0
421,53520,85.0,69.0,77.0,9.7,24.0,10.35,1924,432,0.0,3,53.45788043478261,71.0,12.0,1.235,29.145,41.95469,-87.800991,7,54398.388625592415,70.0,1.3921800947867298,5.0,77.0,62.5,-3.0,8.95,17.965639810426538,0.07172985781990493,60.477488151658775,0,0,1,0,0,0,0
422,53520,85.0,69.0,77.0,9.7,24.0,10.35,1924,432,0.0,3,53.45788043478261,71.0,12.0,1.235,29.145,41.95469,-87.800991,7,54396.31205673759,70.0,1.3888888888888888,5.0,77.0,62.5,-3.0,8.95,17.979905437352247,0.07447990543735195,60.502364066193856,0,0,0,1,0,0,0
423,53520,85.0,69.0,77.0,9.7,24.0,10.35,1924,432,0.0,3,53.45788043478261,71.0,12.0,1.235,29.145,41.964242,-87.757639,7,54394.24528301887,70.0,1.38561320754717,5.0,77.0,62.5,-3.0,8.95,17.994103773584907,0.07721698113207517,60.527122641509436,0,1,0,0,0,0,0
424,53520,85.0,69.0,77.0,9.7,24.0,10.35,1924,432,0.0,3,53.45788043478261,71.0,12.0,1.235,29.145,41.964242,-87.757639,7,54392.18823529412,70.0,1.3823529411764706,5.0,77.0,62.5,-3.0,8.95,18.00823529411765,0.07994117647058792,60.551764705882356,0,0,1,0,0,0,0
425,53520,85.0,69.0,77.0,9.7,24.0,10.35,1924,432,0.0,3,53.45788043478261,71.0,12.0,1.235,29.145,41.990284,-87.797127,7,54390.14084507042,70.0,1.3791079812206573,5.0,77.0,62.5,-3.0,8.95,18.022300469483568,0.08265258215962412,60.576291079812215,0,0,0,1,0,0,0
426,53520,85.0,69.0,77.0,9.7,24.0,10.35,1924,432,0.0,3,53.45788043478261,71.0,12.0,1.235,29.145,41.994991,-87.769279,7,54388.103044496485,77.0,1.3758782201405153,12.0,85.0,62.5,3.0,8.95,18.036299765807964,0.08535128805620579,60.600702576112404,0,1,0,0,0,0,0
427,53520,85.0,69.0,77.0,9.7,24.0,10.35,1924,432,0.0,3,53.45788043478261,71.0,12.0,1.235,29.145,41.994991,-87.769279,7,54386.07476635514,77.0,1.3726635514018692,12.0,85.0,62.5,3.0,8.95,18.05023364485981,0.08803738317756979,60.625,0,0,0,1,0,0,0
428,53520,85.0,69.0,77.0,9.7,24.0,10.35,1924,432,0.0,3,53.45788043478261,71.0,12.0,1.235,29.145,42.008314,-87.77792099999998,7,54384.055944055945,77.0,1.3694638694638694,12.0,85.0,62.5,3.0,8.95,18.064102564102566,0.09071095571095543,60.64918414918415,0,1,0,0,0,0,0
429,53520,85.0,69.0,77.0,9.7,24.0,10.35,1924,432,0.0,3,53.45788043478261,71.0,12.0,1.235,29.145,42.008314,-87.77792099999998,7,54382.04651162791,77.0,1.3662790697674418,12.0,85.0,69.0,3.0,8.95,18.077906976744185,0.09337209302325553,60.673255813953496,0,0,1,0,0,0,0
430,53520,85.0,69.0,77.0,9.7,24.0,10.35,1924,432,0.0,3,53.45788043478261,71.0,12.0,1.235,29.145,42.008314,-87.77792099999998,7,54380.046403712295,77.0,1.363109048723898,12.0,85.0,69.0,3.0,8.95,18.091647331786547,0.09602088167053334,60.69721577726218,0,0,0,1,0,0,0
431,53520,85.0,69.0,77.0,9.7,24.0,10.35,1924,432,0.0,3,53.45788043478261,71.0,12.0,1.235,29.145,41.944869,-87.832763,7,54378.055555555555,77.0,1.3599537037037035,12.0,85.0,69.0,3.0,8.95,18.105324074074076,0.09865740740740712,60.721064814814824,0,0,1,0,0,0,0
432,53520,85.0,69.0,77.0,9.7,24.0,10.35,1924,432,0.0,3,53.45788043478261,71.0,12.0,1.235,29.145,41.944869,-87.832763,7,54376.07390300232,77.0,1.3568129330254042,12.0,85.0,69.0,3.0,8.95,18.118937644341802,0.10128175519630454,60.74480369515012,0,0,0,1,0,0,0
433,53520,85.0,69.0,77.0,9.7,24.0,10.35,1924,432,0.0,3,53.45788043478261,71.0,12.0,1.235,29.145,41.991429,-87.747113,7,54374.10138248848,77.0,1.3536866359447004,12.0,85.0,69.0,3.0,8.95,18.132488479262676,0.10389400921658956,60.7684331797235,0,0,1,0,0,0,0
434,53520,85.0,69.0,77.0,9.7,24.0,10.35,1924,432,0.0,3,53.45788043478261,71.0,12.0,1.235,29.145,41.923738,-87.785288,7,54372.13793103449,77.0,1.3505747126436782,12.0,85.0,69.0,3.0,8.95,18.145977011494256,0.10649425287356293,60.7919540229885,0,0,1,0,0,0,0
435,53520,85.0,69.0,77.0,9.7,24.0,10.35,1924,432,0.0,3,53.45788043478261,71.0,12.0,1.235,29.145,41.970248,-87.787992,7,54370.18348623854,77.0,1.3474770642201834,12.0,85.0,69.0,3.0,8.95,18.15940366972477,0.10908256880733913,60.815366972477065,0,0,0,1,0,0,0
436,53520,85.0,69.0,77.0,9.7,24.0,10.35,1924,432,0.0,3,53.45788043478261,71.0,12.0,1.235,29.145,41.974089,-87.824812,7,54368.23798627002,77.0,1.3443935926773456,12.0,85.0,69.0,3.0,8.95,18.172768878718536,0.11165903890160153,60.838672768878716,0,1,0,0,0,0,0
437,53520,85.0,69.0,77.0,9.7,24.0,10.35,1924,432,0.0,3,53.45788043478261,71.0,12.0,1.235,29.145,41.974089,-87.824812,7,54366.30136986302,77.0,1.341324200913242,12.0,85.0,69.0,3.0,8.95,18.18607305936073,0.11422374429223715,60.86187214611872,0,0,0,1,0,0,0
438,53520,85.0,69.0,77.0,9.7,24.0,10.35,1924,432,0.0,3,53.45788043478261,71.0,12.0,1.235,29.145,42.011601,-87.81150600000002,7,54364.373576309794,77.0,1.3382687927107062,12.0,85.0,69.0,3.0,8.95,18.199316628701595,0.11677676537585392,60.88496583143508,0,0,1,0,0,0,0
439,53520,85.0,69.0,77.0,9.7,24.0,10.35,1924,432,0.0,3,53.45788043478261,71.0,12.0,1.235,29.145,42.011601,-87.81150600000002,7,54362.454545454544,77.0,1.3352272727272727,12.0,85.0,69.0,3.0,8.95,18.2125,0.11931818181818153,60.90795454545454,0,0,0,1,0,0,0
440,53520,85.0,69.0,77.0,9.7,24.0,10.35,1924,432,0.0,3,53.45788043478261,71.0,12.0,1.235,29.145,41.960616,-87.777189,7,54360.54421768708,77.0,1.3321995464852607,12.0,85.0,69.0,3.0,8.95,18.225623582766442,0.12184807256235795,60.93083900226758,0,0,0,1,0,0,0
441,53520,85.0,69.0,77.0,9.7,24.0,10.35,1924,432,0.0,3,53.45788043478261,71.0,12.0,1.235,29.145,41.94983,-87.69845699999998,7,54358.64253393666,77.0,1.329185520361991,12.0,85.0,69.0,3.0,8.95,18.238687782805425,0.12436651583710374,60.95361990950226,0,0,0,1,0,0,0
442,53520,85.0,69.0,77.0,9.7,24.0,10.35,1924,432,0.0,3,53.45788043478261,71.0,12.0,1.235,29.145,41.979243,-87.750938,7,54356.749435665915,77.0,1.3261851015801354,12.0,85.0,69.0,3.0,8.95,18.251693002257337,0.12687358916478525,60.97629796839729,0,0,1,0,0,0,0
443,53520,85.0,69.0,77.0,9.7,24.0,10.35,1924,432,0.0,3,53.45788043478261,71.0,12.0,1.235,29.145,41.986921,-87.689778,7,54354.864864864874,77.0,1.3231981981981982,12.0,85.0,69.0,3.0,8.95,18.26463963963964,0.12936936936936905,60.99887387387388,0,1,0,0,0,0,0
444,53520,85.0,69.0,77.0,9.7,24.0,10.35,1924,432,0.0,3,53.45788043478261,71.0,12.0,1.235,29.145,41.986921,-87.689778,7,54352.98876404495,77.0,1.3202247191011236,12.0,85.0,69.0,3.0,8.95,18.27752808988764,0.13185393258426936,61.02134831460674,0,0,0,1,0,0,0
445,53520,85.0,69.0,77.0,9.7,24.0,10.35,1924,432,0.0,3,53.45788043478261,71.0,12.0,1.235,29.145,41.89923,-87.716788,7,54351.12107623318,77.0,1.3172645739910314,12.0,85.0,69.0,3.0,8.95,18.290358744394624,0.13432735426008938,61.043721973094165,0,1,0,0,0,0,0
446,53520,85.0,69.0,77.0,9.7,24.0,10.35,1924,432,0.0,3,53.45788043478261,71.0,12.0,1.235,29.145,41.89923,-87.716788,7,54349.26174496643,77.0,1.314317673378076,12.0,85.0,69.0,3.0,8.95,18.30313199105145,0.1367897091722592,61.065995525727075,0,0,1,0,0,0,0
447,53520,85.0,69.0,77.0,9.7,24.0,10.35,1924,432,0.0,3,53.45788043478261,71.0,12.0,1.235,29.145,41.89923,-87.716788,7,54347.410714285725,77.0,1.3113839285714286,12.0,85.0,69.0,3.0,9.7,18.315848214285715,0.13924107142857112,61.08816964285714,0,0,0,1,0,0,0
448,53520,85.0,69.0,77.0,9.7,24.0,10.35,1924,432,0.0,3,53.45788043478261,71.0,12.0,1.235,29.145,41.801498,-87.763416,7,54345.56792873051,77.0,1.3084632516703787,12.0,85.0,69.0,3.0,9.7,18.328507795100226,0.1416815144766144,61.110244988864146,0,1,0,0,0,0,0
449,53520,85.0,69.0,77.0,9.7,24.0,10.35,1924,432,0.0,3,53.45788043478261,71.0,12.0,1.235,29.145,41.801498,-87.763416,7,54343.73333333333,77.0,1.3055555555555556,12.0,85.0,69.0,3.0,9.7,18.341111111111108,0.1441111111111108,61.132222222222225,0,0,1,0,0,0,0
450,53520,85.0,69.0,77.0,9.7,24.0,10.35,1924,432,0.0,3,53.45788043478261,71.0,12.0,1.235,29.145,41.906638,-87.701431,7,54341.90687361419,77.0,1.302660753880266,12.0,85.0,69.0,3.0,9.7,18.353658536585368,0.1465299334811527,61.154101995565405,0,0,1,0,0,0,0
451,53520,85.0,69.0,77.0,9.7,24.0,10.35,1924,432,0.0,3,53.45788043478261,71.0,12.0,1.235,29.145,41.836644,-87.677737,7,54340.08849557521,77.0,1.2997787610619471,12.0,85.0,69.0,3.0,9.7,18.36615044247788,0.14893805309734484,61.17588495575221,0,0,1,0,0,0,0
452,53520,85.0,69.0,77.0,9.7,24.0,10.35,1924,432,0.0,3,53.45788043478261,71.0,12.0,1.235,29.145,41.763733,-87.742302,7,54338.278145695374,77.0,1.2969094922737308,12.0,85.0,69.0,3.0,9.7,18.37858719646799,0.1513355408388518,61.19757174392936,0,0,1,0,0,0,0
453,53520,85.0,69.0,77.0,9.7,24.0,10.35,1924,432,0.0,3,53.45788043478261,71.0,12.0,1.235,29.145,41.837085,-87.729384,7,54336.47577092512,77.0,1.2940528634361232,12.0,85.0,69.0,3.0,9.7,18.3909691629956,0.15372246696035213,61.21916299559472,0,1,0,0,0,0,0
454,53520,85.0,69.0,77.0,9.7,24.0,10.35,1924,432,0.0,3,53.45788043478261,71.0,12.0,1.235,29.145,41.837085,-87.729384,7,54334.681318681316,77.0,1.2912087912087913,12.0,85.0,69.0,3.0,9.7,18.403296703296704,0.1560989010989008,61.24065934065934,0,0,1,0,0,0,0
455,53520,85.0,69.0,77.0,9.7,24.0,10.35,1924,432,0.0,3,53.45788043478261,71.0,12.0,1.235,29.145,41.837085,-87.729384,7,54332.89473684211,77.0,1.288377192982456,12.0,85.0,69.0,3.0,9.7,18.415570175438603,0.15846491228070145,61.26206140350878,0,0,0,1,0,0,0
456,53520,85.0,69.0,77.0,9.7,24.0,10.35,1924,432,0.0,3,53.45788043478261,71.0,12.0,1.235,29.145,41.837085,-87.729384,7,54331.115973741784,77.0,1.285557986870897,12.0,85.0,69.0,3.0,9.7,18.42778993435449,0.16082056892778962,61.28336980306346,0,0,0,0,1,0,0
457,53520,85.0,69.0,77.0,9.7,24.0,10.35,1924,432,0.0,3,53.45788043478261,71.0,12.0,1.235,29.145,41.921177,-87.79518,7,54329.34497816594,77.0,1.282751091703057,12.0,85.0,69.0,3.0,9.7,18.439956331877728,0.16316593886462852,61.30458515283843,0,1,0,0,0,0,0
458,53520,85.0,69.0,77.0,9.7,24.0,10.35,1924,432,0.0,3,53.45788043478261,71.0,12.0,1.235,29.145,41.921177,-87.79518,7,54327.581699346396,77.0,1.2799564270152506,12.0,85.0,69.0,3.0,9.7,18.4520697167756,0.16550108932461846,61.32570806100218,0,0,1,0,0,0,0
459,53520,85.0,69.0,77.0,9.7,24.0,10.35,1924,432,0.0,3,53.45788043478261,71.0,12.0,1.235,29.145,41.911824,-87.726737,7,54325.82608695652,77.0,1.2771739130434785,12.0,85.0,69.0,3.0,9.7,18.46413043478261,0.16782608695652146,61.34673913043478,0,0,1,0,0,0,0
460,53520,85.0,69.0,77.0,9.7,24.0,10.35,1924,432,0.0,3,53.45788043478261,71.0,12.0,1.235,29.145,41.857402,-87.694991,7,54324.07809110629,77.0,1.2744034707158352,12.0,85.0,69.0,3.0,9.7,18.476138828633406,0.1701409978308023,61.36767895878525,0,0,1,0,0,0,0
461,53520,85.0,69.0,77.0,9.7,24.0,10.35,1924,432,0.0,3,53.45788043478261,71.0,12.0,1.235,29.145,41.883284,-87.705085,7,54322.33766233767,77.0,1.2716450216450217,12.0,85.0,69.0,3.0,9.7,18.488095238095237,0.17244588744588715,61.38852813852814,0,0,1,0,0,0,0
462,53520,85.0,69.0,77.0,9.7,24.0,10.35,1924,432,0.0,3,53.45788043478261,71.0,12.0,1.235,29.145,41.883284,-87.705085,7,54320.604751619874,77.0,1.2688984881209504,12.0,85.0,69.0,3.0,9.7,18.5,0.17474082073434094,61.409287257019436,0,0,0,1,0,0,0
463,53520,85.0,69.0,77.0,9.7,24.0,10.35,1924,432,0.0,3,53.45788043478261,71.0,12.0,1.235,29.145,41.9216,-87.666455,7,54318.879310344826,77.0,1.2661637931034482,12.0,85.0,69.0,3.0,9.7,18.511853448275858,0.1770258620689652,61.42995689655172,0,1,0,0,0,0,0
464,53520,85.0,69.0,77.0,9.7,24.0,10.35,1924,432,0.0,3,53.45788043478261,71.0,12.0,1.235,29.145,41.9216,-87.666455,7,54317.161290322576,77.0,1.2634408602150538,12.0,85.0,69.0,3.0,9.7,18.523655913978494,0.1793010752688169,61.450537634408605,0,0,1,0,0,0,0
465,53520,85.0,69.0,77.0,9.7,24.0,10.35,1924,432,0.0,3,53.45788043478261,71.0,12.0,1.235,29.145,41.891118,-87.65449100000002,7,54315.450643776814,77.0,1.2607296137339057,12.0,85.0,69.0,3.0,9.7,18.535407725321893,0.1815665236051499,61.471030042918464,0,1,0,0,0,0,0
466,53520,85.0,69.0,77.0,9.7,24.0,10.35,1924,432,0.0,3,53.45788043478261,71.0,12.0,1.235,29.145,41.891118,-87.65449100000002,7,54313.74732334048,77.0,1.2580299785867235,12.0,85.0,69.0,3.0,9.7,18.547109207708782,0.1838222698072802,61.49143468950749,0,0,1,0,0,0,0
467,53520,85.0,69.0,77.0,9.7,24.0,10.35,1924,432,0.0,3,53.45788043478261,71.0,12.0,1.235,29.145,41.891118,-87.65449100000002,7,54312.05128205128,77.0,1.2553418803418803,12.0,85.0,69.0,3.0,9.7,18.558760683760685,0.18606837606837576,61.511752136752136,0,0,0,1,0,0,0
468,53520,85.0,69.0,77.0,9.7,24.0,10.35,1924,432,0.0,3,53.45788043478261,71.0,12.0,1.235,29.145,41.868142,-87.696269,7,54310.36247334754,77.0,1.2526652452025586,12.0,85.0,69.0,3.0,9.7,18.570362473347547,0.1883049040511724,61.53198294243071,0,0,0,1,0,0,0
469,53520,85.0,69.0,77.0,9.7,24.0,10.35,1924,432,0.0,3,53.45788043478261,71.0,12.0,1.235,29.145,41.867108,-87.654224,7,54308.68085106383,77.0,1.25,12.0,85.0,69.0,3.0,9.7,18.581914893617018,0.1905319148936167,61.552127659574474,0,0,1,0,0,0,0
470,53520,85.0,69.0,77.0,9.7,24.0,10.35,1924,432,0.0,3,53.45788043478261,71.0,12.0,1.235,29.145,41.867108,-87.654224,7,54307.006369426745,77.0,1.2473460721868366,12.0,85.0,69.0,3.0,9.7,18.593418259023355,0.19274946921443706,61.57218683651805,0,0,0,1,0,0,0
471,53520,85.0,69.0,77.0,9.7,24.0,10.35,1924,432,0.0,3,53.45788043478261,71.0,12.0,1.235,29.145,41.896282,-87.655232,7,54305.33898305085,77.0,1.2447033898305084,12.0,85.0,69.0,3.0,9.7,18.60487288135593,0.19495762711864376,61.592161016949156,0,0,1,0,0,0,0
472,53520,85.0,69.0,77.0,9.7,24.0,10.35,1924,432,0.0,3,53.45788043478261,71.0,12.0,1.235,29.145,41.919343,-87.694259,7,54303.678646934466,77.0,1.2420718816067653,12.0,85.0,69.0,3.0,9.7,18.61627906976744,0.19715644820295952,61.612050739957716,0,0,1,0,0,0,0
473,53520,85.0,69.0,77.0,9.7,24.0,10.35,1924,432,0.0,3,53.45788043478261,71.0,12.0,1.235,29.145,41.846283,-87.656913,7,54302.0253164557,77.0,1.239451476793249,12.0,85.0,69.0,3.0,9.7,18.627637130801688,0.19934599156118116,61.63185654008439,0,0,1,0,0,0,0
474,53520,85.0,69.0,77.0,9.7,24.0,10.35,1924,432,0.0,3,53.45788043478261,71.0,12.0,1.235,29.145,41.921965,-87.632085,7,54300.378947368416,77.0,1.236842105263158,12.0,85.0,69.0,3.0,9.7,18.63894736842105,0.20152631578947336,61.65157894736842,0,0,1,0,0,0,0
475,53520,85.0,69.0,77.0,9.7,24.0,10.35,1924,432,0.0,3,53.45788043478261,71.0,12.0,1.235,29.145,41.921965,-87.632085,7,54298.73949579832,77.0,1.2342436974789917,12.0,85.0,69.0,3.0,9.7,18.650210084033613,0.20369747899159632,61.67121848739496,0,0,0,1,0,0,0
476,53520,85.0,69.0,77.0,9.7,24.0,10.35,1924,432,0.0,3,53.45788043478261,71.0,12.0,1.235,29.145,41.823065,-87.67837800000002,7,54297.106918238984,77.0,1.2316561844863732,12.0,85.0,69.0,3.0,9.7,18.66142557651992,0.2058595387840668,61.69077568134171,0,0,0,1,0,0,0
477,53520,85.0,69.0,77.0,9.7,24.0,10.35,1924,432,0.0,3,53.45788043478261,71.0,12.0,1.235,29.145,41.801179,-87.679447,7,54295.48117154811,77.0,1.2290794979079498,12.0,85.0,69.0,3.0,9.7,18.672594142259413,0.20801255230125493,61.710251046025114,0,0,1,0,0,0,0
478,53520,85.0,69.0,77.0,9.7,24.0,10.35,1924,432,0.0,3,53.45788043478261,71.0,12.0,1.235,29.145,41.800737,-87.71188000000002,7,54293.86221294363,77.0,1.2265135699373697,12.0,85.0,69.0,3.0,9.7,18.683716075156575,0.2101565762004172,61.72964509394572,0,1,0,0,0,0,0
479,53520,85.0,69.0,77.0,9.7,24.0,10.35,1924,432,0.0,3,53.45788043478261,71.0,12.0,1.235,29.145,41.800737,-87.71188000000002,7,54292.25,77.0,1.2239583333333333,12.0,85.0,69.0,3.0,9.7,18.694791666666667,0.21229166666666635,61.74895833333333,0,0,1,0,0,0,0
480,53520,85.0,69.0,77.0,9.7,24.0,10.35,1924,432,0.0,3,53.45788043478261,71.0,12.0,1.235,29.145,41.800737,-87.71188000000002,7,54290.644490644496,77.0,1.2214137214137215,12.0,85.0,69.0,3.0,9.7,18.705821205821206,0.2144178794178791,61.76819126819127,0,0,0,1,0,0,0
481,53520,85.0,69.0,77.0,9.7,24.0,10.35,1924,432,0.0,3,53.45788043478261,71.0,12.0,1.235,29.145,41.82561,-87.726549,7,54289.045643153535,77.0,1.2188796680497926,12.0,85.0,69.0,3.0,9.7,18.716804979253112,0.2165352697095433,61.78734439834025,0,1,0,0,0,0,0
482,53520,85.0,69.0,77.0,9.7,24.0,10.35,1924,432,0.0,3,53.45788043478261,71.0,12.0,1.235,29.145,41.82561,-87.726549,7,54287.453416149074,77.0,1.2163561076604554,12.0,85.0,69.0,3.0,9.7,18.72774327122153,0.2186438923395442,61.8064182194617,0,0,1,0,0,0,0
483,53520,85.0,69.0,77.0,9.7,24.0,10.35,1924,432,0.0,3,53.45788043478261,71.0,12.0,1.235,29.145,41.778297,-87.752411,7,54285.86776859504,77.0,1.2138429752066116,12.0,85.0,69.0,3.0,9.7,18.738636363636363,0.22074380165289226,61.825413223140494,0,1,0,0,0,0,0
484,53520,85.0,69.0,77.0,9.7,24.0,10.35,1924,432,0.0,3,53.45788043478261,71.0,12.0,1.235,29.145,41.778297,-87.752411,7,54284.288659793805,77.0,1.2113402061855671,12.0,85.0,69.0,3.0,9.7,18.749484536082477,0.22283505154639144,61.84432989690721,0,0,1,0,0,0,0
485,53520,85.0,69.0,77.0,9.7,24.0,10.35,1924,432,0.0,3,53.45788043478261,71.0,12.0,1.235,29.145,41.692555,-87.598865,7,54282.71604938272,77.0,1.2088477366255144,12.0,85.0,69.0,3.0,9.7,18.76028806584362,0.22491769547325072,61.863168724279845,0,0,1,0,0,0,0
486,53520,85.0,69.0,77.0,9.7,24.0,10.35,1924,432,0.0,3,53.45788043478261,71.0,12.0,1.235,29.145,41.688324,-87.676709,7,54281.149897330586,77.0,1.2063655030800822,12.0,85.0,69.0,3.0,9.7,18.77104722792608,0.2269917864476383,61.88193018480493,0,0,1,0,0,0,0
487,53520,85.0,69.0,77.0,9.7,24.0,10.35,1924,432,0.0,3,53.45788043478261,71.0,12.0,1.235,29.145,41.688324,-87.676709,7,54279.590163934416,77.0,1.2038934426229508,12.0,85.0,69.0,3.0,9.7,18.78176229508197,0.22905737704918,61.900614754098356,0,0,0,1,0,0,0
488,53520,85.0,69.0,77.0,9.7,24.0,10.35,1924,432,0.0,3,53.45788043478261,71.0,12.0,1.235,29.145,41.862292,-87.64886,7,54278.036809815945,77.0,1.2014314928425358,12.0,85.0,69.0,3.0,9.7,18.79243353783231,0.2311145194274025,61.919222903885476,0,1,0,0,0,0,0
489,53520,85.0,69.0,77.0,9.7,24.0,10.35,1924,432,0.0,3,53.45788043478261,71.0,12.0,1.235,29.145,41.862292,-87.64886,7,54276.48979591837,77.0,1.1989795918367347,12.0,85.0,69.0,3.0,9.7,18.803061224489795,0.2331632653061221,61.937755102040825,0,0,1,0,0,0,0
490,53520,85.0,69.0,77.0,9.7,24.0,10.35,1924,432,0.0,3,53.45788043478261,71.0,12.0,1.235,29.145,41.673408,-87.599862,7,54274.949083503045,77.0,1.1965376782077393,12.0,85.0,69.0,3.0,9.7,18.813645621181266,0.2352036659877797,61.95621181262729,0,0,1,0,0,0,0
491,53520,85.0,69.0,77.0,9.7,24.0,10.35,1924,432,0.0,3,53.45788043478261,71.0,12.0,1.235,29.145,41.891126,-87.61156,7,54273.414634146335,77.0,1.1941056910569106,12.0,85.0,69.0,3.0,9.7,18.824186991869922,0.23723577235772325,61.97459349593496,0,0,0,1,0,0,0
492,53520,85.0,69.0,77.0,9.7,24.0,10.35,1924,432,0.0,3,53.45788043478261,71.0,12.0,1.235,29.145,41.72646500000001,-87.585413,7,54271.88640973631,77.0,1.1916835699797157,12.0,85.0,69.0,3.0,9.7,18.83468559837728,0.23925963488843785,61.99290060851928,0,0,1,0,0,0,0
493,53520,85.0,69.0,77.0,9.7,24.0,10.35,1924,432,0.0,3,53.45788043478261,71.0,12.0,1.235,29.145,41.72646500000001,-87.585413,7,54270.36437246964,77.0,1.1892712550607287,12.0,85.0,69.0,3.0,9.7,18.84514170040486,0.2412753036437244,62.01113360323887,0,0,0,1,0,0,0
494,53520,85.0,69.0,77.0,9.7,24.0,10.35,1924,432,0.0,3,53.45788043478261,71.0,12.0,1.235,29.145,41.72646500000001,-87.585413,7,54268.84848484849,77.0,1.1868686868686869,12.0,85.0,69.0,3.0,9.7,18.855555555555554,0.243282828282828,62.02929292929293,0,0,0,0,1,0,0
495,53520,85.0,69.0,77.0,9.7,24.0,10.35,1924,432,0.0,3,53.45788043478261,71.0,12.0,1.235,29.145,41.961743,-87.76007,7,54267.338709677424,77.0,1.184475806451613,12.0,85.0,69.0,3.0,9.7,18.86592741935484,0.2452822580645158,62.047379032258064,0,0,1,0,0,0,0
496,53520,85.0,69.0,77.0,9.7,24.0,10.35,1924,432,0.0,3,53.45788043478261,71.0,12.0,1.235,29.145,41.953067,-87.776792,7,54265.83501006037,77.0,1.182092555331992,12.0,85.0,69.0,3.0,9.7,18.876257545271628,0.2472736418511063,62.06539235412475,0,0,1,0,0,0,0
497,53520,85.0,69.0,77.0,9.7,24.0,10.35,1924,432,0.0,3,53.45788043478261,71.0,12.0,1.235,29.145,41.999129,-87.795585,7,54264.33734939759,77.0,1.179718875502008,12.0,85.0,69.0,3.0,9.7,18.88654618473896,0.2492570281124495,62.08333333333334,0,0,1,0,0,0,0
498,53520,85.0,69.0,77.0,9.7,24.0,10.35,1924,432,0.0,3,53.45788043478261,71.0,12.0,1.235,29.145,41.999129,-87.795585,7,54262.845691382776,77.0,1.1773547094188377,12.0,85.0,69.0,3.0,9.7,18.896793587174347,0.2512324649298594,62.10120240480962,0,0,0,1,0,0,0
499,53520,85.0,69.0,77.0,9.7,24.0,10.35,1924,432,0.0,3,53.45788043478261,71.0,12.0,1.235,29.145,41.94016,-87.794896,7,54261.36,77.0,1.175,12.0,85.0,69.0,3.0,9.7,18.907,0.2531999999999997,62.119,0,0,1,0,0,0,0
500,53520,85.0,69.0,77.0,9.7,24.0,10.35,1924,432,0.0,3,53.45788043478261,71.0,12.0,1.235,29.145,41.94016,-87.794896,7,54259.880239520964,77.0,1.1726546906187625,12.0,85.0,69.0,3.0,9.7,18.91716566866268,0.25515968063872224,62.13672654690618,0,0,0,1,0,0,0
501,53520,85.0,69.0,77.0,9.7,24.0,10.35,1924,432,0.0,3,53.45788043478261,71.0,12.0,1.235,29.145,41.958271,-87.702575,7,54258.406374501996,77.0,1.1703187250996017,12.0,85.0,69.0,3.0,9.7,18.927290836653388,0.2571115537848603,62.15438247011952,0,1,0,0,0,0,0
502,53520,85.0,69.0,77.0,9.7,24.0,10.35,1924,432,0.0,3,53.45788043478261,71.0,12.0,1.235,29.145,41.958271,-87.702575,7,54256.93836978131,77.0,1.1679920477137178,12.0,85.0,69.0,3.0,9.7,18.93737574552684,0.2590556660039759,62.17196819085486,0,0,1,0,0,0,0
503,53520,85.0,69.0,77.0,9.7,24.0,10.35,1924,432,0.0,3,53.45788043478261,71.0,12.0,1.235,29.145,41.958271,-87.702575,7,54255.47619047619,77.0,1.1656746031746033,12.0,85.0,69.0,3.0,9.7,18.94742063492064,0.2609920634920633,62.18948412698413,0,0,0,0,1,0,0
504,53520,85.0,69.0,77.0,9.7,24.0,10.35,1924,432,0.0,3,53.45788043478261,71.0,12.0,1.235,29.145,41.932094,-87.700117,7,54254.0198019802,77.0,1.1633663366336633,12.0,85.0,69.0,3.0,9.7,18.957425742574262,0.2629207920792077,62.20693069306932,0,0,1,0,0,0,0
505,53520,85.0,69.0,77.0,9.7,24.0,10.35,1924,432,0.0,3,53.45788043478261,71.0,12.0,1.235,29.145,42.01743,-87.68776899999996,7,54252.56916996047,77.0,1.1610671936758894,12.0,85.0,69.0,3.0,9.7,18.967391304347824,0.2648418972332014,62.22430830039526,0,0,1,0,0,0,0
506,53520,85.0,69.0,77.0,9.7,24.0,10.35,1924,432,0.0,3,53.45788043478261,71.0,12.0,1.235,29.145,42.01743,-87.68776899999996,7,54251.12426035503,77.0,1.158777120315582,12.0,85.0,69.0,3.0,9.7,18.97731755424063,0.2667554240631162,62.24161735700197,0,0,0,1,0,0,0
507,53520,85.0,69.0,77.0,9.7,24.0,10.35,1924,432,0.0,3,53.45788043478261,71.0,12.0,1.235,29.145,42.006858,-87.675919,7,54249.68503937008,77.0,1.1564960629921262,12.0,85.0,69.0,3.0,9.7,18.987204724409448,0.2686614173228345,62.25885826771653,0,0,1,0,0,0,0
508,53520,85.0,69.0,77.0,9.7,24.0,10.35,1924,432,0.0,3,53.45788043478261,71.0,12.0,1.235,29.145,42.006858,-87.675919,7,54248.25147347741,77.0,1.154223968565815,12.0,85.0,69.0,3.0,9.7,18.99705304518664,0.2705599214145382,62.276031434184674,0,0,0,1,0,0,0
509,53520,85.0,69.0,77.0,9.7,24.0,10.35,1924,432,0.0,3,53.45788043478261,71.0,12.0,1.235,29.145,41.916265,-87.800515,7,54246.823529411755,77.0,1.1519607843137254,12.0,85.0,69.0,3.0,9.7,19.00686274509804,0.2724509803921568,62.29313725490197,0,1,0,0,0,0,0
510,53520,85.0,69.0,77.0,9.7,24.0,10.35,1924,432,0.0,3,53.45788043478261,71.0,12.0,1.235,29.145,41.916265,-87.800515,7,54245.4011741683,77.0,1.149706457925636,12.0,85.0,69.0,3.0,9.7,19.016634050880626,0.2743346379647749,62.31017612524462,0,0,1,0,0,0,0
511,53520,85.0,69.0,77.0,9.7,24.0,10.35,1924,432,0.0,3,53.45788043478261,71.0,12.0,1.235,29.145,41.916265,-87.800515,7,54243.984375,77.0,1.1474609375,12.0,85.0,69.0,3.0,9.7,19.0263671875,0.2762109375,62.3271484375,0,0,0,1,0,0,0
512,53520,85.0,69.0,77.0,9.7,24.0,10.35,1924,432,0.0,3,53.45788043478261,71.0,12.0,1.235,29.145,41.846075,-87.716277,7,54242.573099415196,77.0,1.145224171539961,12.0,85.0,69.0,3.0,9.7,19.036062378167642,0.2780799220272904,62.34405458089668,0,0,0,1,0,0,0
513,53520,85.0,69.0,77.0,9.7,24.0,10.35,1924,432,0.0,3,53.45788043478261,71.0,12.0,1.235,29.145,41.907645,-87.760886,7,54241.167315175095,77.0,1.1429961089494165,12.0,85.0,69.0,3.0,9.7,19.045719844357976,0.2799416342412452,62.36089494163424,0,0,1,0,0,0,0
514,53520,85.0,69.0,77.0,9.7,24.0,10.35,1924,432,0.0,3,53.45788043478261,71.0,12.0,1.235,29.145,41.678618,-87.559308,7,54239.76699029126,77.0,1.1407766990291262,12.0,85.0,69.0,3.0,9.7,19.055339805825238,0.2817961165048544,62.377669902912615,0,1,0,0,0,0,0
515,53520,85.0,69.0,77.0,9.7,24.0,10.35,1924,432,0.0,3,53.45788043478261,71.0,12.0,1.235,29.145,41.678618,-87.559308,7,54238.37209302326,77.0,1.1385658914728682,12.0,85.0,69.0,3.0,9.7,19.064922480620154,0.2836434108527133,62.39437984496124,0,0,1,0,0,0,0
516,53520,85.0,69.0,77.0,9.7,24.0,10.35,1924,432,0.0,3,53.45788043478261,71.0,12.0,1.235,29.145,41.678618,-87.559308,7,54236.982591876214,77.0,1.1363636363636365,12.0,85.0,69.0,3.0,9.7,19.074468085106385,0.2854835589941974,62.411025145067704,0,0,0,1,0,0,0
517,53520,85.0,69.0,77.0,9.7,24.0,10.35,1924,432,0.0,3,53.45788043478261,71.0,12.0,1.235,29.145,41.678618,-87.559308,7,54235.59845559845,77.0,1.1341698841698842,12.0,85.0,69.0,3.0,9.7,19.083976833976838,0.28731660231660244,62.42760617760618,0,0,0,0,0,0,1
518,53520,85.0,69.0,77.0,9.7,24.0,10.35,1924,432,0.0,3,53.45788043478261,71.0,12.0,1.235,29.145,41.737052,-87.54306700000002,7,54234.21965317919,77.0,1.1319845857418112,12.0,85.0,69.0,3.0,9.7,19.09344894026975,0.2891425818882468,62.44412331406551,0,1,0,0,0,0,0
519,53520,85.0,69.0,77.0,9.7,24.0,10.35,1924,432,0.0,3,53.45788043478261,71.0,12.0,1.235,29.145,41.737052,-87.54306700000002,7,54232.84615384616,77.0,1.1298076923076923,12.0,85.0,69.0,3.0,9.7,19.102884615384614,0.29096153846153866,62.46057692307693,0,0,1,0,0,0,0
520,53520,85.0,69.0,77.0,9.7,24.0,10.35,1924,432,0.0,3,53.45788043478261,71.0,12.0,1.235,29.145,41.737052,-87.54306700000002,7,54231.47792706334,77.0,1.1276391554702496,12.0,85.0,69.0,3.0,9.7,19.112284069097893,0.2927735124760079,62.476967370441464,0,0,0,1,0,0,0
521,53520,85.0,69.0,77.0,9.7,24.0,10.35,1924,432,0.0,3,53.45788043478261,71.0,12.0,1.235,29.145,41.740641,-87.546587,7,54230.11494252874,77.0,1.1254789272030652,12.0,85.0,69.0,3.0,9.7,19.121647509578548,0.2945785440613029,62.493295019157095,0,1,0,0,0,0,0
522,53520,85.0,69.0,77.0,9.7,24.0,10.35,1924,432,0.0,3,53.45788043478261,71.0,12.0,1.235,29.145,41.740641,-87.546587,7,54228.75717017208,77.0,1.1233269598470363,12.0,85.0,69.0,3.0,9.7,19.130975143403443,0.29637667304015325,62.509560229445505,0,0,1,0,0,0,0
523,53520,85.0,69.0,77.0,9.7,24.0,10.35,1924,432,0.0,3,53.45788043478261,71.0,12.0,1.235,29.145,41.740641,-87.546587,7,54227.404580152666,77.0,1.1211832061068705,12.0,85.0,69.0,3.0,9.7,19.140267175572518,0.29816793893129806,62.525763358778626,0,0,0,1,0,0,0
524,53520,85.0,69.0,77.0,9.7,24.0,10.35,1924,432,0.0,3,53.45788043478261,71.0,12.0,1.235,29.145,41.680946,-87.535198,7,54226.05714285714,77.0,1.119047619047619,12.0,85.0,69.0,3.0,9.7,19.14952380952381,0.29995238095238125,62.54190476190475,0,1,0,0,0,0,0
525,53520,85.0,69.0,77.0,9.7,24.0,10.35,1924,432,0.0,3,53.45788043478261,71.0,12.0,1.235,29.145,41.680946,-87.535198,7,54224.71482889733,77.0,1.1169201520912548,12.0,85.0,69.0,3.0,9.7,19.15874524714829,0.301730038022814,62.55798479087453,0,0,1,0,0,0,0
526,53520,85.0,69.0,77.0,9.7,24.0,10.35,1924,432,0.0,3,53.45788043478261,71.0,12.0,1.235,29.145,41.680946,-87.535198,7,54223.37760910817,77.0,1.114800759013283,12.0,85.0,69.0,3.0,9.7,19.167931688804554,0.3035009487666038,62.5740037950664,0,0,0,1,0,0,0
527,53520,85.0,69.0,77.0,9.7,24.0,10.35,1924,432,0.0,3,53.45788043478261,71.0,12.0,1.235,29.145,41.686398,-87.531635,7,54222.045454545456,77.0,1.112689393939394,12.0,85.0,69.0,3.0,9.7,19.17708333333333,0.3052651515151519,62.58996212121213,0,1,0,0,0,0,0
528,53520,85.0,69.0,77.0,9.7,24.0,10.35,1924,432,0.0,3,53.45788043478261,71.0,12.0,1.235,29.145,41.686398,-87.531635,7,54220.71833648394,77.0,1.110586011342155,12.0,85.0,69.0,3.0,9.7,19.186200378071835,0.3070226843100193,62.60586011342154,0,0,1,0,0,0,0
529,53520,85.0,69.0,77.0,9.7,24.0,10.35,1924,432,0.0,3,53.45788043478261,71.0,12.0,1.235,29.145,41.686398,-87.531635,7,54219.3962264151,77.0,1.1084905660377358,12.0,85.0,69.0,3.0,9.7,19.195283018867926,0.3087735849056608,62.62169811320755,0,0,0,1,0,0,0
530,53520,85.0,69.0,77.0,9.7,24.0,10.35,1924,432,0.0,3,53.45788043478261,71.0,12.0,1.235,29.145,41.948167,-87.730698,7,54218.07909604519,77.0,1.106403013182674,12.0,85.0,69.0,3.0,9.7,19.204331450094163,0.3105178907721285,62.63747645951035,0,1,0,0,0,0,0
531,53520,85.0,69.0,77.0,9.7,24.0,10.35,1924,432,0.0,3,53.45788043478261,71.0,12.0,1.235,29.145,41.948167,-87.730698,7,54216.766917293244,77.0,1.1043233082706767,12.0,85.0,69.0,3.0,9.7,19.213345864661655,0.31225563909774484,62.653195488721806,0,0,1,0,0,0,0
532,53520,85.0,69.0,77.0,9.7,24.0,10.35,1924,432,0.0,3,53.45788043478261,71.0,12.0,1.235,29.145,41.948167,-87.730698,7,54215.45966228894,77.0,1.102251407129456,12.0,85.0,69.0,3.0,9.7,19.22232645403377,0.31398686679174537,62.66885553470921,0,0,0,1,0,0,0
533,53520,85.0,69.0,77.0,9.7,24.0,10.35,1924,432,0.0,3,53.45788043478261,71.0,12.0,1.235,29.145,41.963976,-87.69181,7,54214.15730337079,77.0,1.100187265917603,12.0,85.0,69.0,3.0,9.7,19.231273408239698,0.31571161048689195,62.68445692883895,0,1,0,0,0,0,0
534,53520,85.0,69.0,77.0,9.7,24.0,10.35,1924,432,0.0,3,53.45788043478261,71.0,12.0,1.235,29.145,41.963976,-87.69181,7,54212.85981308411,77.0,1.0981308411214954,12.0,85.0,69.0,3.0,9.7,19.24018691588785,0.31742990654205666,62.7,0,0,1,0,0,0,0
535,53400,82.5,63.0,73.0,7.35,18.5,13.15,1923,433,0.0,-1,53.45788043478261,66.0,8.0,0.085,29.235,41.970248,-87.787992,7,54211.34328358209,77.0,1.0960820895522387,12.0,85.0,69.0,3.0,9.7,19.238805970149254,0.316996268656717,62.7061567164179,0,1,0,0,0,0,0
536,53400,82.5,63.0,73.0,7.35,18.5,13.15,1923,433,0.0,-1,53.45788043478261,66.0,8.0,0.085,29.235,41.836644,-87.677737,7,54209.832402234635,77.0,1.0940409683426444,12.0,85.0,69.0,3.0,9.7,19.237430167597765,0.31656424581005643,62.712290502793294,0,0,1,0,0,0,0
537,53400,82.5,63.0,73.0,7.35,18.5,13.15,1923,433,0.0,-1,53.45788043478261,66.0,8.0,0.085,29.235,41.763733,-87.742302,7,54208.32713754647,77.0,1.092007434944238,12.0,85.0,69.0,3.0,9.7,19.23605947955391,0.3161338289962831,62.71840148698885,0,0,1,0,0,0,0
538,53400,82.5,63.0,73.0,7.35,18.5,13.15,1923,433,0.0,-1,53.45788043478261,66.0,8.0,0.085,29.235,41.868142,-87.696269,7,54206.827458256026,77.0,1.0899814471243043,12.0,85.0,69.0,3.0,9.7,19.23469387755102,0.3157050092764385,62.724489795918366,0,0,0,1,0,0,0
539,53400,82.5,63.0,73.0,7.35,18.5,13.15,1923,433,0.0,-1,53.45788043478261,66.0,8.0,0.085,29.235,41.801179,-87.679447,7,54205.33333333334,77.0,1.087962962962963,12.0,85.0,69.0,3.0,9.7,19.233333333333334,0.31527777777777843,62.73055555555555,0,1,0,0,0,0,0
540,53400,82.5,63.0,73.0,7.35,18.5,13.15,1923,433,0.0,-1,53.45788043478261,66.0,8.0,0.085,29.235,41.800737,-87.71188000000002,7,54203.84473197782,77.0,1.0859519408502774,12.0,85.0,69.0,3.0,9.7,19.231977818853974,0.31485212569316146,62.73659889094271,0,0,0,0,1,0,0
541,53400,82.5,63.0,73.0,7.35,18.5,13.15,1923,433,0.0,-1,53.45788043478261,66.0,8.0,0.085,29.235,41.82561,-87.726549,7,54202.36162361624,77.0,1.0839483394833949,12.0,85.0,69.0,3.0,9.7,19.230627306273067,0.31442804428044346,62.742619926199254,0,0,1,0,0,0,0
542,53400,82.5,63.0,73.0,7.35,18.5,13.15,1923,433,0.0,-1,53.45788043478261,66.0,8.0,0.085,29.235,41.778297,-87.752411,7,54200.88397790055,73.0,1.08195211786372,8.0,82.5,69.0,-1.0,9.7,19.2292817679558,0.3140055248618791,62.74861878453039,0,0,1,0,0,0,0
543,53400,82.5,63.0,73.0,7.35,18.5,13.15,1923,433,0.0,-1,53.45788043478261,66.0,8.0,0.085,29.235,41.77166,-87.703047,7,54199.41176470588,73.0,1.0799632352941178,8.0,82.5,69.0,-1.0,9.7,19.227941176470583,0.3135845588235301,62.75459558823529,0,0,0,1,0,0,0
544,53400,82.5,63.0,73.0,7.35,18.5,13.15,1923,433,0.0,-1,53.45788043478261,66.0,8.0,0.085,29.235,41.781416,-87.77653199999996,7,54197.944954128434,73.0,1.0779816513761469,8.0,82.5,69.0,-1.0,9.7,19.226605504587155,0.3131651376146796,62.7605504587156,0,1,0,0,0,0,0
545,53400,82.5,63.0,73.0,7.35,18.5,13.15,1923,433,0.0,-1,53.45788043478261,66.0,8.0,0.085,29.235,41.822536,-87.66634300000004,7,54196.48351648352,73.0,1.076007326007326,8.0,82.5,63.0,-1.0,9.7,19.225274725274726,0.31274725274725346,62.766483516483525,0,0,0,1,0,0,0
546,53400,82.5,63.0,73.0,7.35,18.5,13.15,1923,433,0.0,-1,53.45788043478261,66.0,8.0,0.085,29.235,41.862292,-87.64886,7,54195.027422303465,73.0,1.0740402193784278,8.0,82.5,63.0,-1.0,9.7,19.223948811700183,0.31233089579524753,62.77239488117002,0,1,0,0,0,0,0
547,53400,82.5,63.0,73.0,7.35,18.5,13.15,1923,433,0.0,-1,53.45788043478261,66.0,8.0,0.085,29.235,41.798697,-87.736812,7,54193.57664233576,73.0,1.072080291970803,8.0,82.5,63.0,-1.0,9.7,19.222627737226283,0.3119160583941613,62.77828467153285,0,0,1,0,0,0,0
548,53400,82.5,63.0,73.0,7.35,18.5,13.15,1923,433,0.0,-1,53.45788043478261,66.0,8.0,0.085,29.235,41.72646500000001,-87.585413,7,54192.131147540975,73.0,1.070127504553734,8.0,82.5,63.0,-1.0,9.7,19.221311475409838,0.3115027322404379,62.784153005464475,0,1,0,0,0,0,0
549,53400,82.5,63.0,73.0,7.35,18.5,13.15,1923,433,0.0,-1,53.45788043478261,66.0,8.0,0.085,29.235,41.72646500000001,-87.585413,7,54190.69090909091,73.0,1.068181818181818,8.0,82.5,63.0,-1.0,9.7,19.22,0.31109090909090986,62.79,0,0,1,0,0,0,0
550,53400,82.5,63.0,73.0,7.35,18.5,13.15,1923,433,0.0,-1,53.45788043478261,66.0,8.0,0.085,29.235,41.72646500000001,-87.585413,7,54189.25589836661,73.0,1.0662431941923776,8.0,82.5,63.0,-1.0,9.7,19.21869328493648,0.31068058076225125,62.795825771324864,0,0,0,1,0,0,0
551,53400,82.5,63.0,73.0,7.35,18.5,13.15,1923,433,0.0,-1,53.45788043478261,66.0,8.0,0.085,29.235,41.72646500000001,-87.585413,7,54187.82608695652,73.0,1.0643115942028984,8.0,82.5,63.0,-1.0,9.7,19.217391304347824,0.3102717391304356,62.80163043478261,0,0,0,0,0,0,1
552,53400,82.5,63.0,73.0,7.35,18.5,13.15,1923,433,0.0,-1,53.45788043478261,66.0,8.0,0.085,29.235,41.878114,-87.629798,7,54186.40144665461,73.0,1.062386980108499,8.0,82.5,63.0,-1.0,9.7,19.21609403254973,0.3098643761301997,62.80741410488246,0,0,1,0,0,0,0
553,53400,82.5,63.0,73.0,7.35,18.5,13.15,1923,433,0.0,-1,53.45788043478261,66.0,8.0,0.085,29.235,41.994469,-87.667736,7,54184.98194945847,73.0,1.0604693140794224,8.0,82.5,63.0,-1.0,9.7,19.21480144404332,0.30945848375451346,62.81317689530687,0,0,0,1,0,0,0
554,53400,82.5,63.0,73.0,7.35,18.5,13.15,1923,433,0.0,-1,53.45788043478261,66.0,8.0,0.085,29.235,41.678618,-87.559308,7,54183.56756756757,73.0,1.0585585585585586,8.0,82.5,63.0,-1.0,9.7,19.213513513513515,0.3090540540540549,62.818918918918925,0,1,0,0,0,0,0
555,53400,82.5,63.0,73.0,7.35,18.5,13.15,1923,433,0.0,-1,53.45788043478261,66.0,8.0,0.085,29.235,41.678618,-87.559308,7,54182.1582733813,73.0,1.0566546762589928,8.0,82.5,63.0,-1.0,9.7,19.212230215827336,0.3086510791366915,62.82464028776978,0,0,1,0,0,0,0
556,53400,82.5,63.0,73.0,7.35,18.5,13.15,1923,433,0.0,-1,53.45788043478261,66.0,8.0,0.085,29.235,41.678618,-87.559308,7,54180.7540394973,73.0,1.05475763016158,8.0,82.5,63.0,-1.0,9.7,19.210951526032318,0.30824955116696673,62.83034111310592,0,0,0,1,0,0,0
557,53400,82.5,63.0,73.0,7.35,18.5,13.15,1923,433,0.0,-1,53.45788043478261,66.0,8.0,0.085,29.235,41.737052,-87.54306700000002,7,54179.354838709674,73.0,1.0528673835125448,8.0,82.5,63.0,-1.0,9.7,19.20967741935484,0.30784946236559224,62.83602150537635,0,1,0,0,0,0,0
558,53400,82.5,63.0,73.0,7.35,18.5,13.15,1923,433,0.0,-1,53.45788043478261,66.0,8.0,0.085,29.235,41.737052,-87.54306700000002,7,54177.96064400716,73.0,1.0509838998211092,8.0,82.5,63.0,-1.0,9.7,19.20840787119857,0.30745080500894545,62.84168157423972,0,0,1,0,0,0,0
559,53400,82.5,63.0,73.0,7.35,18.5,13.15,1923,433,0.0,-1,53.45788043478261,66.0,8.0,0.085,29.235,41.740641,-87.546587,7,54176.571428571435,73.0,1.0491071428571428,8.0,82.5,63.0,-1.0,9.7,19.207142857142856,0.3070535714285723,62.84732142857143,0,1,0,0,0,0,0
560,53400,82.5,63.0,73.0,7.35,18.5,13.15,1923,433,0.0,-1,53.45788043478261,66.0,8.0,0.085,29.235,41.740641,-87.546587,7,54175.1871657754,73.0,1.0472370766488412,8.0,82.5,63.0,-1.0,9.7,19.205882352941178,0.3066577540106961,62.852941176470594,0,0,1,0,0,0,0
561,53400,82.5,63.0,73.0,7.35,18.5,13.15,1923,433,0.0,-1,53.45788043478261,66.0,8.0,0.085,29.235,41.740641,-87.546587,7,54173.807829181496,73.0,1.045373665480427,8.0,82.5,63.0,-1.0,9.7,19.204626334519574,0.30626334519573045,62.858540925266894,0,0,0,1,0,0,0
562,53400,82.5,63.0,73.0,7.35,18.5,13.15,1923,433,0.0,-1,53.45788043478261,66.0,8.0,0.085,29.235,41.680946,-87.535198,7,54172.43339253996,73.0,1.0435168738898757,8.0,82.5,63.0,-1.0,9.7,19.20337477797513,0.3058703374777985,62.86412078152753,0,1,0,0,0,0,0
563,53400,82.5,63.0,73.0,7.35,18.5,13.15,1923,433,0.0,-1,53.45788043478261,66.0,8.0,0.085,29.235,41.680946,-87.535198,7,54171.063829787236,73.0,1.0416666666666667,8.0,82.5,63.0,-1.0,7.349999999999998,19.20212765957447,0.30547872340425625,62.869680851063826,0,0,1,0,0,0,0
564,53400,82.5,63.0,73.0,7.35,18.5,13.15,1923,433,0.0,-1,53.45788043478261,66.0,8.0,0.085,29.235,41.680946,-87.535198,7,54169.69911504425,73.0,1.0398230088495577,8.0,82.5,63.0,-1.0,7.349999999999998,19.200884955752205,0.3050884955752222,62.875221238938046,0,0,0,1,0,0,0
565,53400,82.5,63.0,73.0,7.35,18.5,13.15,1923,433,0.0,-1,53.45788043478261,66.0,8.0,0.085,29.235,41.680946,-87.535198,7,54168.339222614835,73.0,1.0379858657243817,8.0,82.5,63.0,-1.0,7.349999999999998,19.199646643109546,0.3046996466431105,62.880742049469966,0,0,0,0,0,0,1
566,53400,82.5,63.0,73.0,7.35,18.5,13.15,1923,433,0.0,-1,53.45788043478261,66.0,8.0,0.085,29.235,41.686398,-87.531635,7,54166.984126984134,73.0,1.0361552028218697,8.0,82.5,63.0,-1.0,7.349999999999998,19.1984126984127,0.3043121693121703,62.88624338624338,0,1,0,0,0,0,0
567,53400,82.5,63.0,73.0,7.35,18.5,13.15,1923,433,0.0,-1,53.45788043478261,66.0,8.0,0.085,29.235,41.686398,-87.531635,7,54165.633802816905,73.0,1.034330985915493,8.0,82.5,63.0,-1.0,7.349999999999998,19.197183098591548,0.3039260563380292,62.89172535211269,0,0,1,0,0,0,0
568,53400,82.5,63.0,73.0,7.35,18.5,13.15,1923,433,0.0,-1,53.45788043478261,66.0,8.0,0.085,29.235,41.686398,-87.531635,7,54164.288224956064,73.0,1.0325131810193322,8.0,82.5,63.0,-1.0,7.349999999999998,19.195957820738137,0.30354130052724176,62.897188049209134,0,0,0,1,0,0,0
569,53400,82.5,63.0,73.0,7.35,18.5,13.15,1923,433,0.0,-1,53.45788043478261,66.0,8.0,0.085,29.235,41.686398,-87.531635,7,54162.94736842105,73.0,1.0307017543859651,8.0,82.5,63.0,-1.0,7.349999999999998,19.194736842105264,0.3031578947368431,62.902631578947364,0,0,0,0,0,0,1
570,52800,84.0,70.5,77.5,6.1,24.0,6.8,1918,438,0.0,4,53.45788043478261,66.5,12.5,0.0,29.32,41.729669,-87.582699,7,54160.56042031523,73.0,1.0288966725043782,8.0,82.5,63.0,-1.0,7.349999999999998,19.2031523642732,0.30262697022767177,62.90893169877408,0,1,0,0,0,0,0
571,52800,84.0,70.5,77.5,6.1,24.0,6.8,1918,438,0.0,4,53.45788043478261,66.5,12.5,0.0,29.32,41.729669,-87.582699,7,54158.181818181816,73.0,1.027097902097902,8.0,82.5,63.0,-1.0,7.349999999999998,19.21153846153846,0.3020979020979031,62.915209790209786,0,0,1,0,0,0,0
572,52800,84.0,70.5,77.5,6.1,24.0,6.8,1918,438,0.0,4,53.45788043478261,66.5,12.5,0.0,29.32,41.673408,-87.599862,7,54155.81151832461,73.0,1.025305410122164,8.0,82.5,63.0,-1.0,7.349999999999998,19.219895287958114,0.30157068062827325,62.92146596858639,0,1,0,0,0,0,0
573,52800,84.0,70.5,77.5,6.1,24.0,6.8,1918,438,0.0,4,53.45788043478261,66.5,12.5,0.0,29.32,41.673408,-87.599862,7,54153.44947735191,73.0,1.0235191637630665,8.0,82.5,63.0,-1.0,7.349999999999998,19.22822299651568,0.3010452961672484,62.92770034843206,0,0,1,0,0,0,0
574,52800,84.0,70.5,77.5,6.1,24.0,6.8,1918,438,0.0,4,53.45788043478261,66.5,12.5,0.0,29.32,41.673408,-87.599862,7,54151.09565217391,73.0,1.0217391304347827,8.0,82.5,63.0,-1.0,7.349999999999998,19.23652173913043,0.3005217391304358,62.93391304347826,0,0,0,0,1,0,0
575,52800,84.0,70.5,77.5,6.1,24.0,6.8,1918,438,0.0,4,53.45788043478261,66.5,12.5,0.0,29.32,41.673408,-87.599862,7,54148.75,73.0,1.0199652777777777,8.0,82.5,63.0,-1.0,7.349999999999998,19.244791666666668,0.30000000000000104,62.94010416666666,0,0,0,0,0,0,1
576,52800,84.0,70.5,77.5,6.1,24.0,6.8,1918,438,0.0,4,53.45788043478261,66.5,12.5,0.0,29.32,41.704572,-87.56566600000002,7,54146.41247833622,73.0,1.0181975736568458,8.0,82.5,63.0,-1.0,7.349999999999998,19.253032928942808,0.2994800693240911,62.946273830155974,0,1,0,0,0,0,0
577,52800,84.0,70.5,77.5,6.1,24.0,6.8,1918,438,0.0,4,53.45788043478261,66.5,12.5,0.0,29.32,41.704572,-87.56566600000002,7,54144.0830449827,77.5,1.0164359861591696,12.5,84.0,63.0,4.0,7.349999999999998,19.261245674740483,0.298961937716264,62.952422145328725,0,0,1,0,0,0,0
578,52800,84.0,70.5,77.5,6.1,24.0,6.8,1918,438,0.0,4,53.45788043478261,66.5,12.5,0.0,29.32,41.704572,-87.56566600000002,7,54141.761658031086,77.5,1.0146804835924006,12.5,84.0,63.0,4.0,7.349999999999998,19.269430051813472,0.2984455958549233,62.95854922279793,0,0,0,1,0,0,0
579,52800,84.0,70.5,77.5,6.1,24.0,6.8,1918,438,0.0,4,53.45788043478261,66.5,12.5,0.0,29.32,41.704572,-87.56566600000002,7,54139.44827586207,77.5,1.012931034482759,12.5,84.0,63.0,4.0,7.349999999999998,19.27758620689655,0.2979310344827596,62.964655172413785,0,0,0,0,1,0,0
580,52800,84.0,70.5,77.5,6.1,24.0,6.8,1918,438,0.0,4,53.45788043478261,66.5,12.5,0.0,29.32,41.72646500000001,-87.585413,7,54137.142857142855,77.5,1.0111876075731498,12.5,84.0,70.5,4.0,7.349999999999998,19.285714285714285,0.2974182444061972,62.97074010327022,0,1,0,0,0,0,0
581,52800,84.0,70.5,77.5,6.1,24.0,6.8,1918,438,0.0,4,53.45788043478261,66.5,12.5,0.0,29.32,41.72646500000001,-87.585413,7,54134.84536082474,77.5,1.0094501718213058,12.5,84.0,70.5,4.0,7.349999999999998,19.29381443298969,0.2969072164948464,62.97680412371135,0,0,1,0,0,0,0
582,52620,83.0,70.0,77.0,2.1,19.5,8.0,1917,440,0.0,3,53.45788043478261,70.0,12.0,0.105,29.135,41.95469,-87.800991,7,54132.246998284725,77.5,1.0077186963979416,12.5,84.0,70.5,4.0,7.349999999999998,19.29416809605489,0.2965780445969135,62.98885077186964,0,1,0,0,0,0,0
583,52620,83.0,70.0,77.0,2.1,19.5,8.0,1917,440,0.0,3,53.45788043478261,70.0,12.0,0.105,29.135,41.95469,-87.800991,7,54129.65753424657,77.5,1.0059931506849316,12.5,84.0,70.5,4.0,7.349999999999998,19.294520547945204,0.29625000000000096,63.00085616438356,0,0,1,0,0,0,0
584,52620,83.0,70.0,77.0,2.1,19.5,8.0,1917,440,0.0,3,53.45788043478261,70.0,12.0,0.105,29.135,41.95469,-87.800991,7,54127.076923076915,77.5,1.0042735042735045,12.5,84.0,70.5,4.0,7.349999999999998,19.2948717948718,0.29592307692307784,63.01282051282051,0,0,0,1,0,0,0
585,52620,83.0,70.0,77.0,2.1,19.5,8.0,1917,440,0.0,3,53.45788043478261,70.0,12.0,0.105,29.135,41.964242,-87.757639,7,54124.505119453934,77.5,1.002559726962457,12.5,84.0,70.5,4.0,7.349999999999998,19.295221843003414,0.2955972696245743,63.02474402730376,0,0,1,0,0,0,0
586,52620,83.0,70.0,77.0,2.1,19.5,8.0,1917,440,0.0,3,53.45788043478261,70.0,12.0,0.105,29.135,41.964242,-87.757639,7,54121.94207836457,77.5,1.0008517887563884,12.5,84.0,70.5,4.0,7.349999999999998,19.29557069846678,0.2952725724020452,63.0366269165247,0,0,0,1,0,0,0
587,52620,83.0,70.0,77.0,2.1,19.5,8.0,1917,440,0.0,3,53.45788043478261,70.0,12.0,0.105,29.135,41.96272800000001,-87.748367,7,54119.38775510204,77.5,0.9991496598639455,12.5,84.0,70.5,4.0,7.349999999999998,19.295918367346943,0.29494897959183763,63.048469387755105,0,0,0,1,0,0,0
588,52620,83.0,70.0,77.0,2.1,19.5,8.0,1917,440,0.0,3,53.45788043478261,70.0,12.0,0.105,29.135,41.990284,-87.797127,7,54116.84210526317,77.5,0.9974533106960952,12.5,84.0,70.5,4.0,7.349999999999998,19.29626485568761,0.2946264855687615,63.06027164685909,0,0,1,0,0,0,0
589,52620,83.0,70.0,77.0,2.1,19.5,8.0,1917,440,0.0,3,53.45788043478261,70.0,12.0,0.105,29.135,41.990284,-87.797127,7,54114.30508474576,77.0,0.9957627118644068,12.0,83.0,70.5,3.0,7.349999999999998,19.296610169491526,0.2943050847457636,63.072033898305094,0,0,0,1,0,0,0
590,52620,83.0,70.0,77.0,2.1,19.5,8.0,1917,440,0.0,3,53.45788043478261,70.0,12.0,0.105,29.135,41.994991,-87.769279,7,54111.77664974619,77.0,0.994077834179357,12.0,83.0,70.5,3.0,7.349999999999998,19.29695431472081,0.2939847715736049,63.08375634517766,0,0,1,0,0,0,0
591,52620,83.0,70.0,77.0,2.1,19.5,8.0,1917,440,0.0,3,53.45788043478261,70.0,12.0,0.105,29.135,42.008314,-87.77792099999998,7,54109.25675675676,77.0,0.9923986486486488,12.0,83.0,70.5,3.0,7.349999999999998,19.297297297297302,0.2936655405405413,63.095439189189186,0,0,1,0,0,0,0
592,52620,83.0,70.0,77.0,2.1,19.5,8.0,1917,440,0.0,3,53.45788043478261,70.0,12.0,0.105,29.135,42.008314,-87.77792099999998,7,54106.74536256324,77.0,0.990725126475548,12.0,83.0,70.0,3.0,7.349999999999998,19.29763912310287,0.2933473861720075,63.107082630691394,0,0,0,1,0,0,0
593,52620,83.0,70.0,77.0,2.1,19.5,8.0,1917,440,0.0,3,53.45788043478261,70.0,12.0,0.105,29.135,41.98196400000001,-87.812827,7,54104.24242424241,77.0,0.9890572390572392,12.0,83.0,70.0,3.0,7.349999999999998,19.2979797979798,0.2930303030303038,63.118686868686865,0,1,0,0,0,0,0
594,52620,83.0,70.0,77.0,2.1,19.5,8.0,1917,440,0.0,3,53.45788043478261,70.0,12.0,0.105,29.135,41.99247800000001,-87.862995,7,54101.747899159665,77.0,0.9873949579831932,12.0,83.0,70.0,3.0,7.349999999999998,19.298319327731093,0.2927142857142865,63.13025210084034,0,1,0,0,0,0,0
595,52620,83.0,70.0,77.0,2.1,19.5,8.0,1917,440,0.0,3,53.45788043478261,70.0,12.0,0.105,29.135,41.98196400000001,-87.812827,7,54099.26174496643,77.0,0.9857382550335569,12.0,83.0,70.0,3.0,7.349999999999998,19.298657718120804,0.2923993288590611,63.14177852348993,0,0,1,0,0,0,0
596,52620,83.0,70.0,77.0,2.1,19.5,8.0,1917,440,0.0,3,53.45788043478261,70.0,12.0,0.105,29.135,41.99247800000001,-87.862995,7,54096.78391959799,77.0,0.9840871021775544,12.0,83.0,70.0,3.0,7.349999999999998,19.29899497487437,0.2920854271356791,63.15326633165829,0,0,1,0,0,0,0
597,52620,83.0,70.0,77.0,2.1,19.5,8.0,1917,440,0.0,3,53.45788043478261,70.0,12.0,0.105,29.135,41.98196400000001,-87.812827,7,54094.314381270895,77.0,0.9824414715719064,12.0,83.0,70.0,3.0,7.349999999999998,19.29933110367893,0.29177257525083683,63.16471571906354,0,0,0,1,0,0,0
598,52620,83.0,70.0,77.0,2.1,19.5,8.0,1917,440,0.0,3,53.45788043478261,70.0,12.0,0.105,29.135,41.99247800000001,-87.862995,7,54091.8530884808,77.0,0.9808013355592654,12.0,83.0,70.0,3.0,6.099999999999998,19.29966611018364,0.2914607679465783,63.17612687813022,0,0,0,1,0,0,0
599,52620,83.0,70.0,77.0,2.1,19.5,8.0,1917,440,0.0,3,53.45788043478261,70.0,12.0,0.105,29.135,41.944869,-87.832763,7,54089.4,77.0,0.9791666666666666,12.0,83.0,70.0,3.0,6.099999999999998,19.3,0.2911500000000007,63.1875,0,0,1,0,0,0,0
600,52620,83.0,70.0,77.0,2.1,19.5,8.0,1917,440,0.0,3,53.45788043478261,70.0,12.0,0.105,29.135,41.944869,-87.832763,7,54086.955074875215,77.0,0.9775374376039934,12.0,83.0,70.0,3.0,6.099999999999998,19.300332778702163,0.2908402662229624,63.198835274542425,0,0,0,1,0,0,0
601,52620,83.0,70.0,77.0,2.1,19.5,8.0,1917,440,0.0,3,53.45788043478261,70.0,12.0,0.105,29.135,41.991429,-87.747113,7,54084.51827242525,77.0,0.9759136212624584,12.0,83.0,70.0,3.0,6.099999999999998,19.300664451827238,0.29053156146179465,63.21013289036546,0,0,1,0,0,0,0
602,52620,83.0,70.0,77.0,2.1,19.5,8.0,1917,440,0.0,3,53.45788043478261,70.0,12.0,0.105,29.135,41.991429,-87.747113,7,54082.08955223881,77.0,0.9742951907131012,12.0,83.0,70.0,3.0,6.099999999999998,19.300995024875625,0.29022388059701554,63.221393034825866,0,0,0,1,0,0,0
603,52620,83.0,70.0,77.0,2.1,19.5,8.0,1917,440,0.0,3,53.45788043478261,70.0,12.0,0.105,29.135,41.923738,-87.785288,7,54079.66887417219,77.0,0.972682119205298,12.0,83.0,70.0,3.0,6.099999999999998,19.301324503311253,0.2899172185430469,63.232615894039725,0,0,1,0,0,0,0
604,52620,83.0,70.0,77.0,2.1,19.5,8.0,1917,440,0.0,3,53.45788043478261,70.0,12.0,0.105,29.135,41.974089,-87.824812,7,54077.25619834711,77.0,0.9710743801652892,12.0,83.0,70.0,3.0,6.099999999999998,19.301652892561982,0.28961157024793444,63.243801652892564,0,0,1,0,0,0,0
605,52620,83.0,70.0,77.0,2.1,19.5,8.0,1917,440,0.0,3,53.45788043478261,70.0,12.0,0.105,29.135,41.974089,-87.824812,7,54074.851485148516,77.0,0.9694719471947196,12.0,83.0,70.0,3.0,6.099999999999998,19.301980198019802,0.28930693069306984,63.254950495049506,0,0,0,1,0,0,0
606,52620,83.0,70.0,77.0,2.1,19.5,8.0,1917,440,0.0,3,53.45788043478261,70.0,12.0,0.105,29.135,42.011601,-87.81150600000002,7,54072.45469522241,77.0,0.9678747940691927,12.0,83.0,70.0,3.0,6.099999999999998,19.302306425041188,0.2890032948929165,63.266062602965405,0,0,1,0,0,0,0
607,52620,83.0,70.0,77.0,2.1,19.5,8.0,1917,440,0.0,3,53.45788043478261,70.0,12.0,0.105,29.135,42.010412,-87.66214000000002,7,54070.065789473694,77.0,0.966282894736842,12.0,83.0,70.0,3.0,6.099999999999998,19.30263157894737,0.28870065789473737,63.27713815789475,0,0,1,0,0,0,0
608,52620,83.0,70.0,77.0,2.1,19.5,8.0,1917,440,0.0,3,53.45788043478261,70.0,12.0,0.105,29.135,41.979243,-87.750938,7,54067.68472906404,77.0,0.964696223316913,12.0,83.0,70.0,3.0,6.099999999999998,19.30295566502463,0.28839901477832564,63.28817733990147,0,0,1,0,0,0,0
609,52620,83.0,70.0,77.0,2.1,19.5,8.0,1917,440,0.0,3,53.45788043478261,70.0,12.0,0.105,29.135,41.986921,-87.689778,7,54065.31147540984,77.0,0.9631147540983608,12.0,83.0,70.0,3.0,6.099999999999998,19.30327868852459,0.2880983606557382,63.299180327868854,0,0,1,0,0,0,0
610,52620,83.0,70.0,77.0,2.1,19.5,8.0,1917,440,0.0,3,53.45788043478261,70.0,12.0,0.105,29.135,41.986921,-87.689778,7,54062.94599018003,77.0,0.9615384615384616,12.0,83.0,70.0,3.0,2.099999999999998,19.30360065466449,0.2877986906710316,63.31014729950901,0,0,0,1,0,0,0
611,52620,83.0,70.0,77.0,2.1,19.5,8.0,1917,440,0.0,3,53.45788043478261,70.0,12.0,0.105,29.135,41.89923,-87.716788,7,54060.58823529412,77.0,0.959967320261438,12.0,83.0,70.0,3.0,2.099999999999997,19.303921568627448,0.2875000000000004,63.32107843137255,0,0,1,0,0,0,0
612,52620,83.0,70.0,77.0,2.1,19.5,8.0,1917,440,0.0,3,53.45788043478261,70.0,12.0,0.105,29.135,41.89923,-87.716788,7,54058.23817292007,77.0,0.9584013050570962,12.0,83.0,70.0,3.0,2.099999999999997,19.304241435562805,0.2872022838499189,63.33197389885808,0,0,0,1,0,0,0
613,52620,83.0,70.0,77.0,2.1,19.5,8.0,1917,440,0.0,3,53.45788043478261,70.0,12.0,0.105,29.135,41.801498,-87.763416,7,54055.89576547231,77.0,0.9568403908794788,12.0,83.0,70.0,3.0,2.099999999999997,19.30456026058632,0.2869055374592838,63.342833876221505,0,0,1,0,0,0,0
614,52620,83.0,70.0,77.0,2.1,19.5,8.0,1917,440,0.0,3,53.45788043478261,70.0,12.0,0.105,29.135,41.836644,-87.677737,7,54053.560975609755,77.0,0.9552845528455284,12.0,83.0,70.0,3.0,2.099999999999997,19.304878048780488,0.2866097560975614,63.35365853658536,0,0,1,0,0,0,0
615,52620,83.0,70.0,77.0,2.1,19.5,8.0,1917,440,0.0,3,53.45788043478261,70.0,12.0,0.105,29.135,41.763733,-87.742302,7,54051.23376623377,77.0,0.9537337662337664,12.0,83.0,70.0,3.0,2.099999999999997,19.305194805194805,0.28631493506493544,63.36444805194805,0,0,1,0,0,0,0
616,52620,83.0,70.0,77.0,2.1,19.5,8.0,1917,440,0.0,3,53.45788043478261,70.0,12.0,0.105,29.135,41.836644,-87.677737,7,54048.91410048623,77.0,0.9521880064829822,12.0,83.0,70.0,3.0,2.099999999999997,19.305510534846032,0.2860210696920587,63.37520259319286,0,0,0,1,0,0,0
617,52620,83.0,70.0,77.0,2.1,19.5,8.0,1917,440,0.0,3,53.45788043478261,70.0,12.0,0.105,29.135,41.763733,-87.742302,7,54046.601941747576,77.0,0.9506472491909383,12.0,83.0,70.0,3.0,2.099999999999997,19.305825242718445,0.28572815533980617,63.385922330097095,0,0,0,1,0,0,0
618,52620,83.0,70.0,77.0,2.1,19.5,8.0,1917,440,0.0,3,53.45788043478261,70.0,12.0,0.105,29.135,41.921177,-87.79518,7,54044.297253634904,77.0,0.9491114701130856,12.0,83.0,70.0,3.0,2.099999999999997,19.306138933764135,0.28543618739903104,63.39660743134088,0,0,1,0,0,0,0
619,52620,83.0,70.0,77.0,2.1,19.5,8.0,1917,440,0.0,3,53.45788043478261,70.0,12.0,0.105,29.135,41.921177,-87.79518,7,54042.0,77.0,0.9475806451612904,12.0,83.0,70.0,3.0,2.099999999999997,19.306451612903224,0.2851451612903229,63.407258064516135,0,0,0,1,0,0,0
620,52620,83.0,70.0,77.0,2.1,19.5,8.0,1917,440,0.0,3,53.45788043478261,70.0,12.0,0.105,29.135,41.911824,-87.726737,7,54039.710144927536,77.0,0.9460547504025764,12.0,83.0,70.0,3.0,2.099999999999997,19.306763285024157,0.2848550724637684,63.417874396135275,0,0,1,0,0,0,0
621,52620,83.0,70.0,77.0,2.1,19.5,8.0,1917,440,0.0,3,53.45788043478261,70.0,12.0,0.105,29.135,41.857402,-87.694991,7,54037.42765273312,77.0,0.944533762057878,12.0,83.0,70.0,3.0,2.099999999999997,19.307073954983927,0.2845659163987141,63.42845659163987,0,1,0,0,0,0,0
622,52620,83.0,70.0,77.0,2.1,19.5,8.0,1917,440,0.0,3,53.45788043478261,70.0,12.0,0.105,29.135,41.857402,-87.694991,7,54035.152487961466,77.0,0.9430176565008026,12.0,83.0,70.0,3.0,2.099999999999997,19.307383627608345,0.28427768860353153,63.43900481540932,0,0,1,0,0,0,0
623,52620,83.0,70.0,77.0,2.1,19.5,8.0,1917,440,0.0,3,53.45788043478261,70.0,12.0,0.105,29.135,41.9216,-87.666455,7,54032.88461538462,77.0,0.9415064102564102,12.0,83.0,70.0,3.0,2.099999999999997,19.30769230769231,0.28399038461538484,63.449519230769226,0,0,1,0,0,0,0
624,52620,83.0,70.0,77.0,2.1,19.5,8.0,1917,440,0.0,3,53.45788043478261,70.0,12.0,0.105,29.135,41.9216,-87.666455,7,54030.624,77.0,0.94,12.0,83.0,70.0,3.0,2.099999999999997,19.308,0.28370400000000023,63.46,0,0,0,1,0,0,0
625,52620,83.0,70.0,77.0,2.1,19.5,8.0,1917,440,0.0,3,53.45788043478261,70.0,12.0,0.105,29.135,41.891118,-87.65449100000002,7,54028.37060702875,77.0,0.9384984025559104,12.0,83.0,70.0,3.0,2.099999999999997,19.30830670926517,0.2834185303514379,63.47044728434504,0,1,0,0,0,0,0
626,52620,83.0,70.0,77.0,2.1,19.5,8.0,1917,440,0.0,3,53.45788043478261,70.0,12.0,0.105,29.135,41.891118,-87.65449100000002,7,54026.124401913876,77.0,0.9370015948963316,12.0,83.0,70.0,3.0,2.099999999999997,19.30861244019139,0.28313397129186624,63.48086124401914,0,0,1,0,0,0,0
627,52620,83.0,70.0,77.0,2.1,19.5,8.0,1917,440,0.0,3,53.45788043478261,70.0,12.0,0.105,29.135,41.891118,-87.65449100000002,7,54023.885350318465,77.0,0.9355095541401274,12.0,83.0,70.0,3.0,2.099999999999997,19.308917197452224,0.2828503184713377,63.49124203821656,0,0,0,1,0,0,0
628,52620,83.0,70.0,77.0,2.1,19.5,8.0,1917,440,0.0,3,53.45788043478261,70.0,12.0,0.105,29.135,41.868142,-87.696269,7,54021.653418124006,77.0,0.9340222575516692,12.0,83.0,70.0,3.0,2.099999999999997,19.309220985691574,0.2825675675675677,63.50158982511924,0,0,0,1,0,0,0
629,52620,83.0,70.0,77.0,2.1,19.5,8.0,1917,440,0.0,3,53.45788043478261,70.0,12.0,0.105,29.135,41.867108,-87.654224,7,54019.428571428565,77.0,0.9325396825396826,12.0,83.0,70.0,3.0,2.099999999999997,19.30952380952381,0.2822857142857144,63.51190476190475,0,0,1,0,0,0,0
630,52620,83.0,70.0,77.0,2.1,19.5,8.0,1917,440,0.0,3,53.45788043478261,70.0,12.0,0.105,29.135,41.867108,-87.654224,7,54017.210776545166,77.0,0.9310618066561014,12.0,83.0,70.0,3.0,2.099999999999997,19.30982567353407,0.2820047543581617,63.522187004754365,0,0,0,1,0,0,0
631,52620,83.0,70.0,77.0,2.1,19.5,8.0,1917,440,0.0,3,53.45788043478261,70.0,12.0,0.105,29.135,41.896282,-87.655232,7,54015.0,77.0,0.9295886075949368,12.0,83.0,70.0,3.0,2.099999999999997,19.310126582278482,0.2817246835443039,63.53243670886076,0,0,1,0,0,0,0
632,52620,83.0,70.0,77.0,2.1,19.5,8.0,1917,440,0.0,3,53.45788043478261,70.0,12.0,0.105,29.135,41.896282,-87.655232,7,54012.7962085308,77.0,0.9281200631911533,12.0,83.0,70.0,3.0,2.099999999999997,19.31042654028436,0.28144549763033183,63.54265402843602,0,0,0,1,0,0,0
633,52620,83.0,70.0,77.0,2.1,19.5,8.0,1917,440,0.0,3,53.45788043478261,70.0,12.0,0.105,29.135,41.846283,-87.656913,7,54010.599369085176,77.0,0.9266561514195584,12.0,83.0,70.0,3.0,2.099999999999997,19.310725552050474,0.28116719242902216,63.55283911671925,0,0,1,0,0,0,0
634,52620,83.0,70.0,77.0,2.1,19.5,8.0,1917,440,0.0,3,53.45788043478261,70.0,12.0,0.105,29.135,41.921965,-87.632085,7,54008.40944881889,77.0,0.9251968503937008,12.0,83.0,70.0,3.0,2.099999999999997,19.311023622047244,0.2808897637795276,63.56299212598425,0,0,0,1,0,0,0
635,52620,83.0,70.0,77.0,2.1,19.5,8.0,1917,440,0.0,3,53.45788043478261,70.0,12.0,0.105,29.135,41.801179,-87.679447,7,54006.22641509434,77.0,0.92374213836478,12.0,83.0,70.0,3.0,2.099999999999997,19.31132075471698,0.28061320754716984,63.573113207547166,0,0,1,0,0,0,0
636,52620,83.0,70.0,77.0,2.1,19.5,8.0,1917,440,0.0,3,53.45788043478261,70.0,12.0,0.105,29.135,41.801179,-87.679447,7,54004.0502354788,77.0,0.9222919937205653,12.0,83.0,70.0,3.0,2.099999999999997,19.311616954474093,0.28033751962323394,63.58320251177394,0,0,0,1,0,0,0
637,52620,83.0,70.0,77.0,2.1,19.5,8.0,1917,440,0.0,3,53.45788043478261,70.0,12.0,0.105,29.135,41.82561,-87.726549,7,54001.88087774294,77.0,0.920846394984326,12.0,83.0,70.0,3.0,2.099999999999997,19.311912225705328,0.2800626959247649,63.593260188087775,0,0,1,0,0,0,0
638,52620,83.0,70.0,77.0,2.1,19.5,8.0,1917,440,0.0,3,53.45788043478261,70.0,12.0,0.105,29.135,41.77166,-87.703047,7,53999.71830985916,77.0,0.9194053208137716,12.0,83.0,70.0,3.0,2.099999999999997,19.312206572769956,0.2797887323943662,63.60328638497653,0,0,1,0,0,0,0
639,52620,83.0,70.0,77.0,2.1,19.5,8.0,1917,440,0.0,3,53.45788043478261,70.0,12.0,0.105,29.135,41.759346,-87.745602,7,53997.5625,77.0,0.91796875,12.0,83.0,70.0,3.0,2.099999999999997,19.3125,0.279515625,63.61328125,0,0,1,0,0,0,0
640,52620,83.0,70.0,77.0,2.1,19.5,8.0,1917,440,0.0,3,53.45788043478261,70.0,12.0,0.105,29.135,41.759346,-87.745602,7,53995.41341653666,77.0,0.9165366614664586,12.0,83.0,70.0,3.0,2.099999999999997,19.31279251170047,0.27924336973478936,63.6232449297972,0,0,0,1,0,0,0
641,52620,83.0,70.0,77.0,2.1,19.5,8.0,1917,440,0.0,3,53.45788043478261,70.0,12.0,0.105,29.135,41.797616,-87.797894,7,53993.27102803738,77.0,0.9151090342679128,12.0,83.0,70.0,3.0,2.099999999999997,19.31308411214953,0.2789719626168224,63.63317757009346,0,0,1,0,0,0,0
642,52620,83.0,70.0,77.0,2.1,19.5,8.0,1917,440,0.0,3,53.45788043478261,70.0,12.0,0.105,29.135,41.797616,-87.797894,7,53991.13530326594,77.0,0.9136858475894246,12.0,83.0,70.0,3.0,2.099999999999997,19.313374805598755,0.278701399688958,63.64307931570762,0,0,0,1,0,0,0
643,52620,83.0,70.0,77.0,2.1,19.5,8.0,1917,440,0.0,3,53.45788043478261,70.0,12.0,0.105,29.135,41.781416,-87.77653199999996,7,53989.006211180116,77.0,0.9122670807453416,12.0,83.0,70.0,3.0,2.099999999999997,19.313664596273288,0.2784316770186335,63.65295031055901,0,0,0,1,0,0,0
644,52620,83.0,70.0,77.0,2.1,19.5,8.0,1917,440,0.0,3,53.45788043478261,70.0,12.0,0.105,29.135,41.74785,-87.70271600000002,7,53986.88372093024,77.0,0.9108527131782944,12.0,83.0,70.0,3.0,2.099999999999997,19.313953488372096,0.2781627906976743,63.66279069767442,0,0,1,0,0,0,0
645,52620,83.0,70.0,77.0,2.1,19.5,8.0,1917,440,0.0,3,53.45788043478261,70.0,12.0,0.105,29.135,41.74785,-87.70271600000002,7,53984.767801857575,77.0,0.9094427244582044,12.0,83.0,70.0,3.0,2.099999999999997,19.314241486068113,0.27789473684210514,63.67260061919505,0,0,0,1,0,0,0
646,52620,83.0,70.0,77.0,2.1,19.5,8.0,1917,440,0.0,3,53.45788043478261,70.0,12.0,0.105,29.135,41.773215,-87.60088,7,53982.658423493034,77.0,0.9080370942812984,12.0,83.0,70.0,3.0,2.099999999999997,19.314528593508502,0.27762751159196275,63.682380216383315,0,0,1,0,0,0,0
647,52620,83.0,70.0,77.0,2.1,19.5,8.0,1917,440,0.0,3,53.45788043478261,70.0,12.0,0.105,29.135,41.798697,-87.736812,7,53980.555555555555,77.0,0.9066358024691358,12.0,83.0,70.0,3.0,2.099999999999997,19.314814814814813,0.2773611111111109,63.69212962962962,0,0,1,0,0,0,0
648,52620,83.0,70.0,77.0,2.1,19.5,8.0,1917,440,0.0,3,53.45788043478261,70.0,12.0,0.105,29.135,41.891126,-87.61156,7,53978.459167950685,77.0,0.9052388289676424,12.0,83.0,70.0,3.0,2.099999999999997,19.315100154083204,0.27709553158705685,63.70184899845917,0,0,1,0,0,0,0
649,52620,83.0,70.0,77.0,2.1,19.5,8.0,1917,440,0.0,3,53.45788043478261,70.0,12.0,0.105,29.135,41.961743,-87.76007,7,53976.369230769225,77.0,0.903846153846154,12.0,83.0,70.0,3.0,2.099999999999997,19.315384615384616,0.27683076923076905,63.71153846153846,0,0,1,0,0,0,0
650,52620,83.0,70.0,77.0,2.1,19.5,8.0,1917,440,0.0,3,53.45788043478261,70.0,12.0,0.105,29.135,41.961743,-87.76007,7,53974.285714285725,77.0,0.9024577572964668,12.0,83.0,70.0,3.0,2.099999999999997,19.315668202764982,0.2765668202764975,63.721198156682036,0,0,0,1,0,0,0
651,52620,83.0,70.0,77.0,2.1,19.5,8.0,1917,440,0.0,3,53.45788043478261,70.0,12.0,0.105,29.135,41.953067,-87.776792,7,53972.20858895705,77.0,0.9010736196319018,12.0,83.0,70.0,3.0,2.099999999999997,19.3159509202454,0.2763036809815949,63.730828220858896,0,0,1,0,0,0,0
652,52620,83.0,70.0,77.0,2.1,19.5,8.0,1917,440,0.0,3,53.45788043478261,70.0,12.0,0.105,29.135,41.953067,-87.776792,7,53970.13782542113,77.0,0.8996937212863706,12.0,83.0,70.0,3.0,2.099999999999997,19.31623277182236,0.2760413476263397,63.74042879019908,0,0,0,1,0,0,0
653,52620,83.0,70.0,77.0,2.1,19.5,8.0,1917,440,0.0,3,53.45788043478261,70.0,12.0,0.105,29.135,41.999129,-87.795585,7,53968.07339449541,77.0,0.8983180428134556,12.0,83.0,70.0,3.0,2.099999999999997,19.316513761467892,0.2757798165137612,63.75,0,0,0,1,0,0,0
654,52620,83.0,70.0,77.0,2.1,19.5,8.0,1917,440,0.0,3,53.45788043478261,70.0,12.0,0.105,29.135,41.94016,-87.794896,7,53966.015267175564,77.0,0.8969465648854962,12.0,83.0,70.0,3.0,2.099999999999997,19.31679389312977,0.2755190839694654,63.75954198473283,0,0,1,0,0,0,0
655,52620,83.0,70.0,77.0,2.1,19.5,8.0,1917,440,0.0,3,53.45788043478261,70.0,12.0,0.105,29.135,41.878114,-87.629798,7,53963.96341463415,77.0,0.8955792682926829,12.0,83.0,70.0,3.0,2.099999999999997,19.317073170731707,0.27525914634146315,63.769054878048784,0,0,1,0,0,0,0
656,52620,83.0,70.0,77.0,2.1,19.5,8.0,1917,440,0.0,3,53.45788043478261,70.0,12.0,0.105,29.135,41.878114,-87.629798,7,53961.91780821918,77.0,0.8942161339421614,12.0,83.0,70.0,3.0,2.099999999999997,19.31735159817352,0.2749999999999997,63.778538812785385,0,0,0,1,0,0,0
657,52620,83.0,70.0,77.0,2.1,19.5,8.0,1917,440,0.0,3,53.45788043478261,70.0,12.0,0.105,29.135,41.958271,-87.702575,7,53959.87841945289,77.0,0.8928571428571429,12.0,83.0,70.0,3.0,2.099999999999997,19.317629179331306,0.2747416413373857,63.78799392097265,0,0,1,0,0,0,0
658,52620,83.0,70.0,77.0,2.1,19.5,8.0,1917,440,0.0,3,53.45788043478261,70.0,12.0,0.105,29.135,42.01743,-87.68776899999996,7,53957.84522003035,77.0,0.8915022761760243,12.0,83.0,70.0,3.0,2.099999999999997,19.31790591805766,0.2744840667678297,63.79742033383915,0,0,1,0,0,0,0
659,52620,83.0,70.0,77.0,2.1,19.5,8.0,1917,440,0.0,3,53.45788043478261,70.0,12.0,0.105,29.135,42.01743,-87.68776899999996,7,53955.81818181818,77.0,0.8901515151515151,12.0,83.0,70.0,3.0,2.099999999999997,19.318181818181817,0.2742272727272724,63.80681818181818,0,0,0,1,0,0,0
660,52620,83.0,70.0,77.0,2.1,19.5,8.0,1917,440,0.0,3,53.45788043478261,70.0,12.0,0.105,29.135,41.916265,-87.800515,7,53953.79727685325,77.0,0.8888048411497731,12.0,83.0,70.0,3.0,2.099999999999997,19.318456883509832,0.2739712556732221,63.816187594553696,0,0,1,0,0,0,0
661,52620,83.0,70.0,77.0,2.1,19.5,8.0,1917,440,0.0,3,53.45788043478261,70.0,12.0,0.105,29.135,41.916265,-87.800515,7,53951.78247734139,77.0,0.8874622356495468,12.0,83.0,70.0,3.0,2.099999999999997,19.31873111782477,0.2737160120845918,63.825528700906354,0,0,0,1,0,0,0
662,52620,83.0,70.0,77.0,2.1,19.5,8.0,1917,440,0.0,3,53.45788043478261,70.0,12.0,0.105,29.135,41.846075,-87.716277,7,53949.77375565611,77.0,0.8861236802413273,12.0,83.0,70.0,3.0,2.099999999999997,19.31900452488688,0.2734615384615381,63.83484162895928,0,0,1,0,0,0,0
663,52620,83.0,70.0,77.0,2.1,19.5,8.0,1917,440,0.0,3,53.45788043478261,70.0,12.0,0.105,29.135,41.776156,-87.778927,7,53947.77108433736,77.0,0.884789156626506,12.0,83.0,70.0,3.0,2.099999999999997,19.319277108433734,0.2732078313253008,63.844126506024104,0,0,1,0,0,0,0
664,52620,83.0,70.0,77.0,2.1,19.5,8.0,1917,440,0.0,3,53.45788043478261,70.0,12.0,0.105,29.135,41.948167,-87.730698,7,53945.774436090236,77.0,0.8834586466165414,12.0,83.0,70.0,3.0,2.099999999999997,19.31954887218045,0.27295488721804473,63.85338345864662,0,0,1,0,0,0,0
665,52620,83.0,70.0,77.0,2.1,19.5,8.0,1917,440,0.0,3,53.45788043478261,70.0,12.0,0.105,29.135,41.966987,-87.674677,7,53943.78378378379,77.0,0.8821321321321322,12.0,83.0,70.0,3.0,2.099999999999997,19.31981981981982,0.2727027027027023,63.86261261261262,0,0,1,0,0,0,0
666,52620,83.0,70.0,77.0,2.1,19.5,8.0,1917,440,0.0,3,53.45788043478261,70.0,12.0,0.105,29.135,41.966987,-87.674677,7,53941.799100449774,77.0,0.8808095952023988,12.0,83.0,70.0,3.0,2.099999999999997,19.32008995502249,0.2724512743628181,63.87181409295352,0,0,0,1,0,0,0
667,52620,83.0,70.0,77.0,2.1,19.5,8.0,1917,440,0.0,3,53.45788043478261,70.0,12.0,0.105,29.135,41.963976,-87.69181,7,53939.82035928144,77.0,0.8794910179640718,12.0,83.0,70.0,3.0,2.099999999999997,19.320359281437124,0.2722005988023948,63.8809880239521,0,0,1,0,0,0,0
668,52620,83.0,70.0,77.0,2.1,19.5,8.0,1917,440,0.0,3,53.45788043478261,70.0,12.0,0.105,29.135,41.963976,-87.69181,7,53937.84753363229,77.0,0.8781763826606876,12.0,83.0,70.0,3.0,2.099999999999997,19.320627802690588,0.2719506726457395,63.89013452914798,0,0,0,1,0,0,0
669,51960,91.5,69.0,80.5,2.8,11.0,3.9,1911,445,0.0,8,53.45788043478261,69.5,15.5,0.0,29.315,41.953705,-87.733974,8,53934.89552238807,77.0,0.8768656716417911,12.0,83.0,70.0,3.0,2.099999999999997,19.30820895522388,0.2715447761194025,63.89850746268657,0,1,0,0,0,0,0
670,51960,91.5,69.0,80.5,2.8,11.0,3.9,1911,445,0.0,8,53.45788043478261,69.5,15.5,0.0,29.315,41.953705,-87.733974,8,53931.9523099851,77.0,0.8755588673621459,12.0,83.0,70.0,3.0,2.099999999999997,19.29582712369597,0.2711400894187775,63.90685543964232,0,0,1,0,0,0,0
671,51960,91.5,69.0,80.5,2.8,11.0,3.9,1911,445,0.0,8,53.45788043478261,69.5,15.5,0.0,29.315,41.95469,-87.800991,8,53929.017857142855,77.0,0.8742559523809523,12.0,83.0,70.0,3.0,2.099999999999997,19.283482142857142,0.2707366071428567,63.91517857142857,0,1,0,0,0,0,0
672,51960,91.5,69.0,80.5,2.8,11.0,3.9,1911,445,0.0,8,53.45788043478261,69.5,15.5,0.0,29.315,41.95469,-87.800991,8,53926.092124814255,77.0,0.8729569093610698,12.0,83.0,70.0,3.0,2.099999999999997,19.271173848439826,0.27033432392273354,63.923476968796436,0,0,1,0,0,0,0
673,51960,91.5,69.0,80.5,2.8,11.0,3.9,1911,445,0.0,8,53.45788043478261,69.5,15.5,0.0,29.315,41.95469,-87.800991,8,53923.175074183986,77.0,0.8716617210682492,12.0,83.0,70.0,3.0,2.099999999999997,19.258902077151337,0.2699332344213645,63.931750741839764,0,0,0,1,0,0,0
674,51960,91.5,69.0,80.5,2.8,11.0,3.9,1911,445,0.0,8,53.45788043478261,69.5,15.5,0.0,29.315,41.964242,-87.757639,8,53920.26666666667,77.0,0.8703703703703703,12.0,83.0,70.0,3.0,2.099999999999997,19.246666666666666,0.26953333333333285,63.94,0,1,0,0,0,0,0
675,51960,91.5,69.0,80.5,2.8,11.0,3.9,1911,445,0.0,8,53.45788043478261,69.5,15.5,0.0,29.315,41.964242,-87.757639,8,53917.36686390533,77.0,0.8690828402366864,12.0,83.0,70.0,3.0,2.099999999999997,19.234467455621303,0.2691346153846149,63.94822485207101,0,0,1,0,0,0,0
676,51960,91.5,69.0,80.5,2.8,11.0,3.9,1911,445,0.0,8,53.45788043478261,69.5,15.5,0.0,29.315,41.964242,-87.757639,8,53914.47562776957,80.5,0.8677991137370753,15.5,91.5,70.0,8.0,2.099999999999997,19.22230428360413,0.2687370753323481,63.95642540620384,0,0,0,1,0,0,0
677,51960,91.5,69.0,80.5,2.8,11.0,3.9,1911,445,0.0,8,53.45788043478261,69.5,15.5,0.0,29.315,41.942114,-87.776385,8,53911.59292035399,80.5,0.8665191740412981,15.5,91.5,70.0,8.0,2.099999999999997,19.210176991150448,0.2683407079646013,63.964601769911496,0,1,0,0,0,0,0
678,51960,91.5,69.0,80.5,2.8,11.0,3.9,1911,445,0.0,8,53.45788043478261,69.5,15.5,0.0,29.315,41.942114,-87.776385,8,53908.71870397643,80.5,0.8652430044182622,15.5,91.5,70.0,8.0,2.099999999999997,19.19808541973491,0.26794550810014683,63.97275405007364,0,0,1,0,0,0,0
679,51960,91.5,69.0,80.5,2.8,11.0,3.9,1911,445,0.0,8,53.45788043478261,69.5,15.5,0.0,29.315,41.990284,-87.797127,8,53905.85294117647,80.5,0.8639705882352942,15.5,91.5,69.0,8.0,2.099999999999997,19.186029411764707,0.2675514705882349,63.98088235294118,0,1,0,0,0,0,0
680,51960,91.5,69.0,80.5,2.8,11.0,3.9,1911,445,0.0,8,53.45788043478261,69.5,15.5,0.0,29.315,41.990284,-87.797127,8,53902.995594713655,80.5,0.8627019089574156,15.5,91.5,69.0,8.0,2.099999999999997,19.174008810572687,0.2671585903083696,63.98898678414097,0,0,1,0,0,0,0
681,51960,91.5,69.0,80.5,2.8,11.0,3.9,1911,445,0.0,8,53.45788043478261,69.5,15.5,0.0,29.315,41.994991,-87.769279,8,53900.146627565984,80.5,0.8614369501466276,15.5,91.5,69.0,8.0,2.099999999999997,19.162023460410555,0.26676686217008755,63.99706744868036,0,1,0,0,0,0,0
682,51960,91.5,69.0,80.5,2.8,11.0,3.9,1911,445,0.0,8,53.45788043478261,69.5,15.5,0.0,29.315,42.008314,-87.77792099999998,8,53897.306002928264,80.5,0.8601756954612005,15.5,91.5,69.0,8.0,2.099999999999997,19.150073206442162,0.2663762811127375,64.00512445095168,0,1,0,0,0,0,0
683,51960,91.5,69.0,80.5,2.8,11.0,3.9,1911,445,0.0,8,53.45788043478261,69.5,15.5,0.0,29.315,42.008314,-87.77792099999998,8,53894.47368421053,80.5,0.8589181286549707,15.5,91.5,69.0,8.0,2.099999999999997,19.138157894736842,0.2659868421052627,64.01315789473685,0,0,1,0,0,0,0
684,51960,91.5,69.0,80.5,2.8,11.0,3.9,1911,445,0.0,8,53.45788043478261,69.5,15.5,0.0,29.315,42.008314,-87.77792099999998,8,53891.649635036505,80.5,0.8576642335766423,15.5,91.5,69.0,8.0,2.099999999999997,19.126277372262773,0.2655985401459849,64.02116788321167,0,0,0,1,0,0,0
685,51960,91.5,69.0,80.5,2.8,11.0,3.9,1911,445,0.0,8,53.45788043478261,69.5,15.5,0.0,29.315,41.98196400000001,-87.812827,8,53888.83381924198,80.5,0.8564139941690962,15.5,91.5,69.0,8.0,2.099999999999997,19.114431486880463,0.2652113702623902,64.02915451895043,0,1,0,0,0,0,0
686,51960,91.5,69.0,80.5,2.8,11.0,3.9,1911,445,0.0,8,53.45788043478261,69.5,15.5,0.0,29.315,41.99247800000001,-87.862995,8,53886.02620087336,80.5,0.8551673944687045,15.5,91.5,69.0,8.0,2.099999999999997,19.10262008733625,0.2648253275109166,64.03711790393012,0,1,0,0,0,0,0
687,51960,91.5,69.0,80.5,2.8,11.0,3.9,1911,445,0.0,8,53.45788043478261,69.5,15.5,0.0,29.315,41.98196400000001,-87.812827,8,53883.226744186046,80.5,0.8539244186046512,15.5,91.5,69.0,8.0,2.099999999999997,19.090843023255815,0.26444040697674376,64.04505813953489,0,0,1,0,0,0,0
688,51960,91.5,69.0,80.5,2.8,11.0,3.9,1911,445,0.0,8,53.45788043478261,69.5,15.5,0.0,29.315,41.99247800000001,-87.862995,8,53880.43541364296,80.5,0.8526850507982583,15.5,91.5,69.0,8.0,2.099999999999997,19.079100145137886,0.2640566037735845,64.05297532656023,0,0,1,0,0,0,0
689,51960,91.5,69.0,80.5,2.8,11.0,3.9,1911,445,0.0,8,53.45788043478261,69.5,15.5,0.0,29.315,41.98196400000001,-87.812827,8,53877.65217391304,80.5,0.8514492753623188,15.5,91.5,69.0,8.0,2.099999999999997,19.067391304347826,0.2636739130434778,64.06086956521739,0,0,0,1,0,0,0
690,51960,91.5,69.0,80.5,2.8,11.0,3.9,1911,445,0.0,8,53.45788043478261,69.5,15.5,0.0,29.315,41.99247800000001,-87.862995,8,53874.876989869765,80.5,0.8502170767004341,15.5,91.5,69.0,8.0,2.099999999999997,19.055716353111436,0.2632923299565842,64.06874095513749,0,0,0,1,0,0,0
691,51960,91.5,69.0,80.5,2.8,11.0,3.9,1911,445,0.0,8,53.45788043478261,69.5,15.5,0.0,29.315,41.944869,-87.832763,8,53872.10982658959,80.5,0.8489884393063584,15.5,91.5,69.0,8.0,2.099999999999997,19.04407514450867,0.2629118497109822,64.07658959537572,0,1,0,0,0,0,0
692,51960,91.5,69.0,80.5,2.8,11.0,3.9,1911,445,0.0,8,53.45788043478261,69.5,15.5,0.0,29.315,41.944869,-87.832763,8,53869.35064935066,80.5,0.8477633477633477,15.5,91.5,69.0,8.0,2.099999999999997,19.03246753246753,0.26253246753246706,64.08441558441558,0,0,1,0,0,0,0
693,51960,91.5,69.0,80.5,2.8,11.0,3.9,1911,445,0.0,8,53.45788043478261,69.5,15.5,0.0,29.315,41.944869,-87.832763,8,53866.59942363112,80.5,0.8465417867435159,15.5,91.5,69.0,8.0,2.099999999999997,19.02089337175793,0.26215417867435115,64.0922190201729,0,0,0,1,0,0,0
694,51960,91.5,69.0,80.5,2.8,11.0,3.9,1911,445,0.0,8,53.45788043478261,69.5,15.5,0.0,29.315,41.991429,-87.747113,8,53863.85611510791,80.5,0.8453237410071942,15.5,91.5,69.0,8.0,2.099999999999997,19.009352517985608,0.2617769784172657,64.1,0,1,0,0,0,0,0
695,51960,91.5,69.0,80.5,2.8,11.0,3.9,1911,445,0.0,8,53.45788043478261,69.5,15.5,0.0,29.315,41.991429,-87.747113,8,53861.12068965517,80.5,0.8441091954022989,15.5,91.5,69.0,8.0,2.099999999999997,18.997844827586206,0.2614008620689651,64.10775862068965,0,0,1,0,0,0,0
696,51960,91.5,69.0,80.5,2.8,11.0,3.9,1911,445,0.0,8,53.45788043478261,69.5,15.5,0.0,29.315,41.991429,-87.747113,8,53858.3931133429,80.5,0.8428981348637016,15.5,91.5,69.0,8.0,2.099999999999997,18.986370157819227,0.2610258249641316,64.11549497847919,0,0,0,1,0,0,0
697,51960,91.5,69.0,80.5,2.8,11.0,3.9,1911,445,0.0,8,53.45788043478261,69.5,15.5,0.0,29.315,41.923738,-87.785288,8,53855.67335243553,80.5,0.8416905444126075,15.5,91.5,69.0,8.0,2.7999999999999967,18.974928366762175,0.2606518624641829,64.12320916905445,0,0,1,0,0,0,0
698,51960,91.5,69.0,80.5,2.8,11.0,3.9,1911,445,0.0,8,53.45788043478261,69.5,15.5,0.0,29.315,41.970248,-87.787992,8,53852.961373390564,80.5,0.8404864091559371,15.5,91.5,69.0,8.0,2.7999999999999963,18.96351931330472,0.2602789699570811,64.13090128755364,0,1,0,0,0,0,0
699,51960,91.5,69.0,80.5,2.8,11.0,3.9,1911,445,0.0,8,53.45788043478261,69.5,15.5,0.0,29.315,41.970248,-87.787992,8,53850.25714285715,80.5,0.8392857142857143,15.5,91.5,69.0,8.0,2.7999999999999963,18.952142857142857,0.2599071428571424,64.13857142857142,0,0,1,0,0,0,0
700,51960,91.5,69.0,80.5,2.8,11.0,3.9,1911,445,0.0,8,53.45788043478261,69.5,15.5,0.0,29.315,41.970248,-87.787992,8,53847.56062767475,80.5,0.8380884450784594,15.5,91.5,69.0,8.0,2.7999999999999963,18.940798858773178,0.2595363766048498,64.14621968616261,0,0,0,1,0,0,0
701,51960,91.5,69.0,80.5,2.8,11.0,3.9,1911,445,0.0,8,53.45788043478261,69.5,15.5,0.0,29.315,41.974089,-87.824812,8,53844.8717948718,80.5,0.8368945868945868,15.5,91.5,69.0,8.0,2.7999999999999963,18.929487179487182,0.2591666666666662,64.15384615384616,0,1,0,0,0,0,0
702,51960,91.5,69.0,80.5,2.8,11.0,3.9,1911,445,0.0,8,53.45788043478261,69.5,15.5,0.0,29.315,41.974089,-87.824812,8,53842.190611664286,80.5,0.8357041251778093,15.5,91.5,69.0,8.0,2.7999999999999963,18.918207681365573,0.2587980085348502,64.16145092460881,0,0,1,0,0,0,0
703,51960,91.5,69.0,80.5,2.8,11.0,3.9,1911,445,0.0,8,53.45788043478261,69.5,15.5,0.0,29.315,41.974089,-87.824812,8,53839.517045454544,80.5,0.8345170454545454,15.5,91.5,69.0,8.0,2.7999999999999963,18.906960227272727,0.2584303977272723,64.1690340909091,0,0,0,1,0,0,0
704,51960,91.5,69.0,80.5,2.8,11.0,3.9,1911,445,0.0,8,53.45788043478261,69.5,15.5,0.0,29.315,42.011601,-87.81150600000002,8,53836.85106382979,80.5,0.8333333333333334,15.5,91.5,69.0,8.0,2.7999999999999963,18.895744680851067,0.2580638297872336,64.17659574468085,0,1,0,0,0,0,0
705,51960,91.5,69.0,80.5,2.8,11.0,3.9,1911,445,0.0,8,53.45788043478261,69.5,15.5,0.0,29.315,42.011601,-87.81150600000002,8,53834.19263456091,80.5,0.8321529745042493,15.5,91.5,69.0,8.0,2.7999999999999963,18.884560906515578,0.2576983002832857,64.1841359773371,0,0,1,0,0,0,0
706,51960,91.5,69.0,80.5,2.8,11.0,3.9,1911,445,0.0,8,53.45788043478261,69.5,15.5,0.0,29.315,42.011601,-87.81150600000002,8,53831.541725601135,80.5,0.830975954738331,15.5,91.5,69.0,8.0,2.7999999999999963,18.87340876944837,0.2573338048090519,64.19165487977371,0,0,0,1,0,0,0
707,51960,91.5,69.0,80.5,2.8,11.0,3.9,1911,445,0.0,8,53.45788043478261,69.5,15.5,0.0,29.315,41.960616,-87.777189,8,53828.898305084746,80.5,0.8298022598870056,15.5,91.5,69.0,8.0,2.7999999999999963,18.862288135593218,0.2569703389830504,64.1991525423729,0,0,1,0,0,0,0
708,51960,91.5,69.0,80.5,2.8,11.0,3.9,1911,445,0.0,8,53.45788043478261,69.5,15.5,0.0,29.315,41.960616,-87.777189,8,53826.26234132581,80.5,0.8286318758815233,15.5,91.5,69.0,8.0,2.7999999999999963,18.85119887165021,0.2566078984485186,64.20662905500707,0,0,0,1,0,0,0
709,51960,91.5,69.0,80.5,2.8,11.0,3.9,1911,445,0.0,8,53.45788043478261,69.5,15.5,0.0,29.315,42.010412,-87.66214000000002,8,53823.633802816905,80.5,0.8274647887323944,15.5,91.5,69.0,8.0,2.7999999999999963,18.840140845070426,0.256246478873239,64.21408450704226,0,0,1,0,0,0,0
710,51960,91.5,69.0,80.5,2.8,11.0,3.9,1911,445,0.0,8,53.45788043478261,69.5,15.5,0.0,29.315,41.94983,-87.69845699999998,8,53821.01265822785,80.5,0.8263009845288326,15.5,91.5,69.0,8.0,2.7999999999999963,18.829113924050635,0.25588607594936663,64.22151898734178,0,1,0,0,0,0,0
711,51960,91.5,69.0,80.5,2.8,11.0,3.9,1911,445,0.0,8,53.45788043478261,69.5,15.5,0.0,29.315,41.94983,-87.69845699999998,8,53818.39887640449,80.5,0.8251404494382022,15.5,91.5,69.0,8.0,2.7999999999999963,18.81811797752809,0.255526685393258,64.22893258426966,0,0,1,0,0,0,0
712,51960,91.5,69.0,80.5,2.8,11.0,3.9,1911,445,0.0,8,53.45788043478261,69.5,15.5,0.0,29.315,41.94983,-87.69845699999998,8,53815.79242636746,80.5,0.8239831697054698,15.5,91.5,69.0,8.0,2.7999999999999963,18.807152875175323,0.25516830294530113,64.23632538569424,0,0,0,1,0,0,0
713,51960,91.5,69.0,80.5,2.8,11.0,3.9,1911,445,0.0,8,53.45788043478261,69.5,15.5,0.0,29.315,41.979243,-87.750938,8,53813.193277310915,80.5,0.8228291316526608,15.5,91.5,69.0,8.0,2.7999999999999963,18.79621848739496,0.25481092436974745,64.24369747899159,0,1,0,0,0,0,0
714,51960,91.5,69.0,80.5,2.8,11.0,3.9,1911,445,0.0,8,53.45788043478261,69.5,15.5,0.0,29.315,41.979243,-87.750938,8,53810.60139860139,80.5,0.8216783216783217,15.5,91.5,69.0,8.0,2.7999999999999963,18.785314685314685,0.25445454545454504,64.25104895104897,0,0,1,0,0,0,0
715,51960,91.5,69.0,80.5,2.8,11.0,3.9,1911,445,0.0,8,53.45788043478261,69.5,15.5,0.0,29.315,41.979243,-87.750938,8,53808.01675977653,80.5,0.8205307262569832,15.5,91.5,69.0,8.0,2.7999999999999963,18.77444134078212,0.2540991620111728,64.25837988826815,0,0,0,1,0,0,0
716,51960,91.5,69.0,80.5,2.8,11.0,3.9,1911,445,0.0,8,53.45788043478261,69.5,15.5,0.0,29.315,41.98480900000001,-87.728492,8,53805.43933054394,80.5,0.8193863319386332,15.5,91.5,69.0,8.0,2.7999999999999963,18.763598326359837,0.2537447698744765,64.26569037656904,0,0,1,0,0,0,0
717,51960,91.5,69.0,80.5,2.8,11.0,3.9,1911,445,0.0,8,53.45788043478261,69.5,15.5,0.0,29.315,41.98480900000001,-87.728492,8,53802.86908077994,80.5,0.8182451253481894,15.5,91.5,69.0,8.0,2.7999999999999963,18.752785515320333,0.2533913649025065,64.27298050139275,0,0,0,1,0,0,0
718,51960,91.5,69.0,80.5,2.8,11.0,3.9,1911,445,0.0,8,53.45788043478261,69.5,15.5,0.0,29.315,41.986921,-87.689778,8,53800.305980528516,80.5,0.8171070931849791,15.5,91.5,69.0,8.0,2.7999999999999963,18.742002781641173,0.2530389429763556,64.28025034770515,0,1,0,0,0,0,0
719,51960,91.5,69.0,80.5,2.8,11.0,3.9,1911,445,0.0,8,53.45788043478261,69.5,15.5,0.0,29.315,41.986921,-87.689778,8,53797.75,80.5,0.8159722222222222,15.5,91.5,69.0,8.0,2.7999999999999963,18.73125,0.2526874999999996,64.2875,0,0,1,0,0,0,0
720,51960,91.5,69.0,80.5,2.8,11.0,3.9,1911,445,0.0,8,53.45788043478261,69.5,15.5,0.0,29.315,41.89923,-87.716788,8,53795.201109570036,80.5,0.8148404993065187,15.5,91.5,69.0,8.0,2.7999999999999963,18.720527045769764,0.2523370319001383,64.29472954230236,0,1,0,0,0,0,0
721,51960,91.5,69.0,80.5,2.8,11.0,3.9,1911,445,0.0,8,53.45788043478261,69.5,15.5,0.0,29.315,41.89923,-87.716788,8,53792.659279778396,80.5,0.8137119113573407,15.5,91.5,69.0,8.0,2.7999999999999963,18.709833795013854,0.25198753462603835,64.30193905817174,0,0,1,0,0,0,0
722,51960,91.5,69.0,80.5,2.8,11.0,3.9,1911,445,0.0,8,53.45788043478261,69.5,15.5,0.0,29.315,41.89923,-87.716788,8,53790.1244813278,80.5,0.8125864453665284,15.5,91.5,69.0,8.0,2.7999999999999963,18.699170124481327,0.2516390041493772,64.30912863070539,0,0,0,1,0,0,0
723,51960,91.5,69.0,80.5,2.8,11.0,3.9,1911,445,0.0,8,53.45788043478261,69.5,15.5,0.0,29.315,41.801498,-87.763416,8,53787.59668508287,80.5,0.81146408839779,15.5,91.5,69.0,8.0,2.7999999999999963,18.688535911602212,0.251291436464088,64.31629834254143,0,1,0,0,0,0,0
724,51960,91.5,69.0,80.5,2.8,11.0,3.9,1911,445,0.0,8,53.45788043478261,69.5,15.5,0.0,29.315,41.801498,-87.763416,8,53785.07586206897,80.5,0.8103448275862069,15.5,91.5,69.0,8.0,2.7999999999999963,18.677931034482764,0.25094482758620645,64.32344827586206,0,0,1,0,0,0,0
725,51960,91.5,69.0,80.5,2.8,11.0,3.9,1911,445,0.0,8,53.45788043478261,69.5,15.5,0.0,29.315,41.906638,-87.701431,8,53782.561983471074,80.5,0.8092286501377409,15.5,91.5,69.0,8.0,2.7999999999999963,18.667355371900822,0.2505991735537186,64.33057851239671,0,1,0,0,0,0,0
726,51960,91.5,69.0,80.5,2.8,11.0,3.9,1911,445,0.0,8,53.45788043478261,69.5,15.5,0.0,29.315,41.906638,-87.701431,8,53780.05502063273,80.5,0.8081155433287482,15.5,91.5,69.0,8.0,2.7999999999999963,18.65680880330124,0.2502544704264095,64.33768913342503,0,0,1,0,0,0,0
727,51960,91.5,69.0,80.5,2.8,11.0,3.9,1911,445,0.0,8,53.45788043478261,69.5,15.5,0.0,29.315,41.906638,-87.701431,8,53777.554945054944,80.5,0.8070054945054945,15.5,91.5,69.0,8.0,2.7999999999999963,18.646291208791204,0.24991071428571385,64.34478021978022,0,0,0,0,1,0,0
728,51960,91.5,69.0,80.5,2.8,11.0,3.9,1911,445,0.0,8,53.45788043478261,69.5,15.5,0.0,29.315,41.843811,-87.686763,8,53775.061728395056,80.5,0.8058984910836763,15.5,91.5,69.0,8.0,2.7999999999999963,18.635802469135804,0.2495679012345675,64.35185185185185,0,1,0,0,0,0,0
729,51960,91.5,69.0,80.5,2.8,11.0,3.9,1911,445,0.0,8,53.45788043478261,69.5,15.5,0.0,29.315,41.843811,-87.686763,8,53772.57534246575,80.5,0.8047945205479452,15.5,91.5,69.0,8.0,2.7999999999999963,18.625342465753427,0.24922602739725985,64.35890410958905,0,0,1,0,0,0,0
730,51960,91.5,69.0,80.5,2.8,11.0,3.9,1911,445,0.0,8,53.45788043478261,69.5,15.5,0.0,29.315,41.836644,-87.677737,8,53770.095759233925,80.5,0.8036935704514364,15.5,91.5,69.0,8.0,2.7999999999999963,18.614911080711355,0.24888508891928826,64.3659370725034,0,1,0,0,0,0,0
731,51960,91.5,69.0,80.5,2.8,11.0,3.9,1911,445,0.0,8,53.45788043478261,69.5,15.5,0.0,29.315,41.763733,-87.742302,8,53767.62295081967,80.5,0.8025956284153005,15.5,91.5,69.0,8.0,2.7999999999999963,18.604508196721312,0.2485450819672127,64.37295081967214,0,1,0,0,0,0,0
732,51960,91.5,69.0,80.5,2.8,11.0,3.9,1911,445,0.0,8,53.45788043478261,69.5,15.5,0.0,29.315,41.836644,-87.677737,8,53765.156889495214,80.5,0.8015006821282401,15.5,91.5,69.0,8.0,2.7999999999999963,18.594133697135057,0.2482060027285125,64.37994542974079,0,0,1,0,0,0,0
733,51960,91.5,69.0,80.5,2.8,11.0,3.9,1911,445,0.0,8,53.45788043478261,69.5,15.5,0.0,29.315,41.763733,-87.742302,8,53762.697547683914,80.5,0.8004087193460491,15.5,91.5,69.0,8.0,2.7999999999999963,18.583787465940052,0.2478678474114437,64.38692098092643,0,0,1,0,0,0,0
734,51960,91.5,69.0,80.5,2.8,11.0,3.9,1911,445,0.0,8,53.45788043478261,69.5,15.5,0.0,29.315,41.837085,-87.729384,8,53760.244897959186,80.5,0.7993197278911565,15.5,91.5,69.0,8.0,2.7999999999999963,18.573469387755104,0.24753061224489756,64.39387755102041,0,1,0,0,0,0,0
735,51960,91.5,69.0,80.5,2.8,11.0,3.9,1911,445,0.0,8,53.45788043478261,69.5,15.5,0.0,29.315,41.837085,-87.729384,8,53757.79891304348,80.5,0.7982336956521741,15.5,91.5,69.0,8.0,2.7999999999999963,18.563179347826086,0.24719429347826044,64.4008152173913,0,0,1,0,0,0,0
736,51960,91.5,69.0,80.5,2.8,11.0,3.9,1911,445,0.0,8,53.45788043478261,69.5,15.5,0.0,29.315,41.921177,-87.79518,8,53755.359565807325,80.5,0.7971506105834464,15.5,91.5,69.0,8.0,2.7999999999999963,18.55291723202171,0.246858887381275,64.40773405698779,0,1,0,0,0,0,0
737,51960,91.5,69.0,80.5,2.8,11.0,3.9,1911,445,0.0,8,53.45788043478261,69.5,15.5,0.0,29.315,41.921177,-87.79518,8,53752.92682926829,80.5,0.7960704607046071,15.5,91.5,69.0,8.0,2.7999999999999963,18.54268292682927,0.246524390243902,64.41463414634147,0,0,1,0,0,0,0
738,51960,91.5,69.0,80.5,2.8,11.0,3.9,1911,445,0.0,8,53.45788043478261,69.5,15.5,0.0,29.315,41.911824,-87.726737,8,53750.50067658999,80.5,0.7949932341001353,15.5,91.5,69.0,8.0,2.7999999999999963,18.532476319350472,0.2461907983761836,64.42151556156969,0,0,1,0,0,0,0
739,51960,91.5,69.0,80.5,2.8,11.0,3.9,1911,445,0.0,8,53.45788043478261,69.5,15.5,0.0,29.315,41.857402,-87.694991,8,53748.08108108109,80.5,0.7939189189189191,15.5,91.5,69.0,8.0,2.7999999999999963,18.522297297297296,0.2458581081081077,64.42837837837838,0,1,0,0,0,0,0
740,51960,91.5,69.0,80.5,2.8,11.0,3.9,1911,445,0.0,8,53.45788043478261,69.5,15.5,0.0,29.315,41.857402,-87.694991,8,53745.66801619434,80.5,0.7928475033738192,15.5,91.5,69.0,8.0,2.7999999999999963,18.51214574898785,0.2455263157894733,64.43522267206478,0,0,1,0,0,0,0
741,51960,91.5,69.0,80.5,2.8,11.0,3.9,1911,445,0.0,8,53.45788043478261,69.5,15.5,0.0,29.315,41.857402,-87.694991,8,53743.261455525615,80.5,0.7917789757412399,15.5,91.5,69.0,8.0,2.7999999999999963,18.50202156334232,0.24519541778975695,64.44204851752022,0,0,0,1,0,0,0
742,51960,91.5,69.0,80.5,2.8,11.0,3.9,1911,445,0.0,8,53.45788043478261,69.5,15.5,0.0,29.315,41.883284,-87.705085,8,53740.86137281292,80.5,0.7907133243606999,15.5,91.5,69.0,8.0,2.7999999999999963,18.49192462987887,0.24486541049798075,64.44885598923284,0,1,0,0,0,0,0
743,51960,91.5,69.0,80.5,2.8,11.0,3.9,1911,445,0.0,8,53.45788043478261,69.5,15.5,0.0,29.315,41.883284,-87.705085,8,53738.467741935485,80.5,0.7896505376344086,15.5,91.5,69.0,8.0,2.7999999999999963,18.48185483870968,0.24453629032258026,64.45564516129032,0,0,1,0,0,0,0
744,51960,91.5,69.0,80.5,2.8,11.0,3.9,1911,445,0.0,8,53.45788043478261,69.5,15.5,0.0,29.315,41.883284,-87.705085,8,53736.080536912756,80.5,0.7885906040268457,15.5,91.5,69.0,8.0,2.7999999999999963,18.471812080536914,0.24420805369127474,64.46241610738255,0,0,0,1,0,0,0
745,51960,91.5,69.0,80.5,2.8,11.0,3.9,1911,445,0.0,8,53.45788043478261,69.5,15.5,0.0,29.315,41.9216,-87.666455,8,53733.699731903485,80.5,0.7875335120643432,15.5,91.5,69.0,8.0,2.7999999999999963,18.4617962466488,0.24388069705093796,64.46916890080429,0,1,0,0,0,0,0
746,51960,91.5,69.0,80.5,2.8,11.0,3.9,1911,445,0.0,8,53.45788043478261,69.5,15.5,0.0,29.315,41.9216,-87.666455,8,53731.325301204815,80.5,0.786479250334672,15.5,91.5,69.0,8.0,2.7999999999999963,18.451807228915666,0.2435542168674695,64.47590361445782,0,0,1,0,0,0,0
747,51960,91.5,69.0,80.5,2.8,11.0,3.9,1911,445,0.0,8,53.45788043478261,69.5,15.5,0.0,29.315,41.891118,-87.65449100000002,8,53728.95721925134,80.5,0.785427807486631,15.5,91.5,69.0,8.0,2.7999999999999963,18.441844919786092,0.24322860962566806,64.48262032085562,0,1,0,0,0,0,0
748,51960,91.5,69.0,80.5,2.8,11.0,3.9,1911,445,0.0,8,53.45788043478261,69.5,15.5,0.0,29.315,41.891118,-87.65449100000002,8,53726.59546061415,80.5,0.7843791722296395,15.5,91.5,69.0,8.0,2.7999999999999963,18.431909212283045,0.24290387182910506,64.48931909212283,0,0,1,0,0,0,0
749,51960,91.5,69.0,80.5,2.8,11.0,3.9,1911,445,0.0,8,53.45788043478261,69.5,15.5,0.0,29.315,41.891118,-87.65449100000002,8,53724.24,80.5,0.7833333333333333,15.5,91.5,69.0,8.0,2.7999999999999963,18.422,0.2425799999999996,64.49600000000001,0,0,0,1,0,0,0
750,51960,91.5,69.0,80.5,2.8,11.0,3.9,1911,445,0.0,8,53.45788043478261,69.5,15.5,0.0,29.315,41.868142,-87.696269,8,53721.890812250334,80.5,0.7822902796271638,15.5,91.5,69.0,8.0,2.7999999999999963,18.412117177097205,0.2422569906790941,64.50266311584554,0,1,0,0,0,0,0
751,51960,91.5,69.0,80.5,2.8,11.0,3.9,1911,445,0.0,8,53.45788043478261,69.5,15.5,0.0,29.315,41.868142,-87.696269,8,53719.54787234042,80.5,0.78125,15.5,91.5,69.0,8.0,2.7999999999999963,18.40226063829787,0.2419348404255315,64.50930851063829,0,0,1,0,0,0,0
752,51960,91.5,69.0,80.5,2.8,11.0,3.9,1911,445,0.0,8,53.45788043478261,69.5,15.5,0.0,29.315,41.868142,-87.696269,8,53717.211155378485,80.5,0.7802124833997344,15.5,91.5,69.0,8.0,2.7999999999999963,18.39243027888446,0.2416135458167327,64.51593625498008,0,0,0,1,0,0,0
753,51960,91.5,69.0,80.5,2.8,11.0,3.9,1911,445,0.0,8,53.45788043478261,69.5,15.5,0.0,29.315,41.867108,-87.654224,8,53714.880636604765,80.5,0.7791777188328912,15.5,91.5,69.0,8.0,2.7999999999999963,18.38262599469496,0.24129310344827545,64.52254641909815,0,1,0,0,0,0,0
754,51960,91.5,69.0,80.5,2.8,11.0,3.9,1911,445,0.0,8,53.45788043478261,69.5,15.5,0.0,29.315,41.867108,-87.654224,8,53712.556291390734,80.5,0.7781456953642384,15.5,91.5,69.0,8.0,2.7999999999999963,18.372847682119204,0.2409735099337744,64.52913907284768,0,0,1,0,0,0,0
755,51960,91.5,69.0,80.5,2.8,11.0,3.9,1911,445,0.0,8,53.45788043478261,69.5,15.5,0.0,29.315,41.896282,-87.655232,8,53710.238095238084,80.5,0.7771164021164021,15.5,91.5,69.0,8.0,2.7999999999999963,18.363095238095237,0.2406547619047615,64.53571428571429,0,1,0,0,0,0,0
756,51960,91.5,69.0,80.5,2.8,11.0,3.9,1911,445,0.0,8,53.45788043478261,69.5,15.5,0.0,29.315,41.896282,-87.655232,8,53707.92602377807,80.5,0.7760898282694848,15.5,91.5,69.0,8.0,2.7999999999999963,18.35336856010568,0.2403368560105676,64.54227212681639,0,0,1,0,0,0,0
757,51960,91.5,69.0,80.5,2.8,11.0,3.9,1911,445,0.0,8,53.45788043478261,69.5,15.5,0.0,29.315,41.896282,-87.655232,8,53705.62005277045,80.5,0.7750659630606859,15.5,91.5,69.0,8.0,2.7999999999999963,18.343667546174146,0.24001978891820536,64.54881266490766,0,0,0,1,0,0,0
758,51960,91.5,69.0,80.5,2.8,11.0,3.9,1911,445,0.0,8,53.45788043478261,69.5,15.5,0.0,29.315,41.919343,-87.694259,8,53703.320158102775,80.5,0.7740447957839263,15.5,91.5,69.0,8.0,2.7999999999999963,18.33399209486166,0.23970355731225254,64.55533596837945,0,1,0,0,0,0,0
759,51960,91.5,69.0,80.5,2.8,11.0,3.9,1911,445,0.0,8,53.45788043478261,69.5,15.5,0.0,29.315,41.919343,-87.694259,8,53701.02631578947,80.5,0.7730263157894737,15.5,91.5,69.0,8.0,2.7999999999999963,18.32434210526316,0.23938815789473644,64.56184210526315,0,0,1,0,0,0,0
760,51960,91.5,69.0,80.5,2.8,11.0,3.9,1911,445,0.0,8,53.45788043478261,69.5,15.5,0.0,29.315,41.921965,-87.632085,8,53698.738501971085,80.5,0.7720105124835742,15.5,91.5,69.0,8.0,2.7999999999999963,18.314717477003946,0.2390735873850193,64.56833114323257,0,0,1,0,0,0,0
761,51960,91.5,69.0,80.5,2.8,11.0,3.9,1911,445,0.0,8,53.45788043478261,69.5,15.5,0.0,29.315,41.823065,-87.67837800000002,8,53696.45669291339,80.5,0.7709973753280841,15.5,91.5,69.0,8.0,2.7999999999999963,18.30511811023623,0.23875984251968466,64.5748031496063,0,0,1,0,0,0,0
762,51960,91.5,69.0,80.5,2.8,11.0,3.9,1911,445,0.0,8,53.45788043478261,69.5,15.5,0.0,29.315,41.801179,-87.679447,8,53694.18086500655,80.5,0.7699868938401049,15.5,91.5,69.0,8.0,2.7999999999999963,18.295543905635647,0.23844692005242424,64.58125819134993,0,1,0,0,0,0,0
763,51960,91.5,69.0,80.5,2.8,11.0,3.9,1911,445,0.0,8,53.45788043478261,69.5,15.5,0.0,29.315,41.801179,-87.679447,8,53691.9109947644,80.5,0.7689790575916229,15.5,91.5,69.0,8.0,2.7999999999999963,18.285994764397905,0.2381348167539263,64.58769633507853,0,0,1,0,0,0,0
764,51960,91.5,69.0,80.5,2.8,11.0,3.9,1911,445,0.0,8,53.45788043478261,69.5,15.5,0.0,29.315,41.801179,-87.679447,8,53689.64705882353,80.5,0.7679738562091504,15.5,91.5,69.0,8.0,2.7999999999999963,18.27647058823529,0.2378235294117643,64.59411764705882,0,0,0,1,0,0,0
765,51960,91.5,69.0,80.5,2.8,11.0,3.9,1911,445,0.0,8,53.45788043478261,69.5,15.5,0.0,29.315,41.800737,-87.71188000000002,8,53687.389033942556,80.5,0.7669712793733682,15.5,91.5,69.0,8.0,2.7999999999999963,18.266971279373372,0.2375130548302868,64.60052219321149,0,1,0,0,0,0,0
766,51960,91.5,69.0,80.5,2.8,11.0,3.9,1911,445,0.0,8,53.45788043478261,69.5,15.5,0.0,29.315,41.800737,-87.71188000000002,8,53685.136897001306,80.5,0.7659713168187744,15.5,91.5,69.0,8.0,2.7999999999999963,18.257496740547584,0.2372033898305081,64.60691003911343,0,0,1,0,0,0,0
767,51960,91.5,69.0,80.5,2.8,11.0,3.9,1911,445,0.0,8,53.45788043478261,69.5,15.5,0.0,29.315,41.800737,-87.71188000000002,8,53682.890625,80.5,0.7649739583333334,15.5,91.5,69.0,8.0,2.7999999999999963,18.248046875,0.2368945312499996,64.61328125,0,0,0,1,0,0,0
768,51960,91.5,69.0,80.5,2.8,11.0,3.9,1911,445,0.0,8,53.45788043478261,69.5,15.5,0.0,29.315,41.778297,-87.752411,8,53680.650195058515,80.5,0.7639791937581274,15.5,91.5,69.0,8.0,2.7999999999999963,18.238621586475944,0.23658647594278245,64.61963589076723,0,1,0,0,0,0,0
769,51960,91.5,69.0,80.5,2.8,11.0,3.9,1911,445,0.0,8,53.45788043478261,69.5,15.5,0.0,29.315,41.778297,-87.752411,8,53678.41558441558,80.5,0.762987012987013,15.5,91.5,69.0,8.0,2.7999999999999963,18.229220779220782,0.2362792207792204,64.62597402597403,0,0,1,0,0,0,0
770,51960,91.5,69.0,80.5,2.8,11.0,3.9,1911,445,0.0,8,53.45788043478261,69.5,15.5,0.0,29.315,41.778297,-87.752411,8,53676.186770428016,80.5,0.7619974059662775,15.5,91.5,69.0,8.0,2.7999999999999963,18.21984435797665,0.23597276264591396,64.63229571984436,0,0,0,1,0,0,0
771,51960,91.5,69.0,80.5,2.8,11.0,3.9,1911,445,0.0,8,53.45788043478261,69.5,15.5,0.0,29.315,41.778297,-87.752411,8,53673.96373056995,80.5,0.7610103626943006,15.5,91.5,69.0,8.0,2.7999999999999963,18.210492227979273,0.23566709844559544,64.63860103626942,0,0,0,0,1,0,0
772,51960,91.5,69.0,80.5,2.8,11.0,3.9,1911,445,0.0,8,53.45788043478261,69.5,15.5,0.0,29.315,41.77166,-87.703047,8,53671.74644243209,80.5,0.7600258732212161,15.5,91.5,69.0,8.0,2.7999999999999963,18.20116429495472,0.23536222509702415,64.64489003880982,0,1,0,0,0,0,0
773,51960,91.5,69.0,80.5,2.8,11.0,3.9,1911,445,0.0,8,53.45788043478261,69.5,15.5,0.0,29.315,41.77166,-87.703047,8,53669.53488372093,80.5,0.7590439276485789,15.5,91.5,69.0,8.0,2.7999999999999963,18.19186046511628,0.2350581395348833,64.65116279069767,0,0,1,0,0,0,0
774,51960,91.5,69.0,80.5,2.8,11.0,3.9,1911,445,0.0,8,53.45788043478261,69.5,15.5,0.0,29.315,41.77166,-87.703047,8,53667.32903225808,80.5,0.7580645161290323,15.5,91.5,69.0,8.0,2.7999999999999963,18.18258064516129,0.234754838709677,64.65741935483871,0,0,0,1,0,0,0
775,51960,91.5,69.0,80.5,2.8,11.0,3.9,1911,445,0.0,8,53.45788043478261,69.5,15.5,0.0,29.315,41.759346,-87.745602,8,53665.128865979386,80.5,0.7570876288659794,15.5,91.5,69.0,8.0,2.7999999999999963,18.17332474226804,0.2344523195876285,64.66365979381443,0,1,0,0,0,0,0
776,51960,91.5,69.0,80.5,2.8,11.0,3.9,1911,445,0.0,8,53.45788043478261,69.5,15.5,0.0,29.315,41.759346,-87.745602,8,53662.934362934364,80.5,0.7561132561132561,15.5,91.5,69.0,8.0,2.7999999999999963,18.164092664092664,0.23415057915057874,64.66988416988417,0,0,1,0,0,0,0
777,51960,91.5,69.0,80.5,2.8,11.0,3.9,1911,445,0.0,8,53.45788043478261,69.5,15.5,0.0,29.315,41.759346,-87.745602,8,53660.74550128535,80.5,0.7551413881748072,15.5,91.5,69.0,8.0,2.7999999999999963,18.15488431876607,0.2338496143958865,64.67609254498714,0,0,0,1,0,0,0
778,51960,91.5,69.0,80.5,2.8,11.0,3.9,1911,445,0.0,8,53.45788043478261,69.5,15.5,0.0,29.315,41.759346,-87.745602,8,53658.5622593068,80.5,0.7541720154043645,15.5,91.5,69.0,8.0,2.7999999999999963,18.145699614890887,0.23354942233632825,64.68228498074454,0,0,0,0,1,0,0
779,51960,91.5,69.0,80.5,2.8,11.0,3.9,1911,445,0.0,8,53.45788043478261,69.5,15.5,0.0,29.315,41.768388,-87.678649,8,53656.38461538462,80.5,0.7532051282051282,15.5,91.5,69.0,8.0,2.7999999999999963,18.13653846153846,0.2332499999999996,64.68846153846154,0,1,0,0,0,0,0
780,51960,91.5,69.0,80.5,2.8,11.0,3.9,1911,445,0.0,8,53.45788043478261,69.5,15.5,0.0,29.315,41.768388,-87.678649,8,53654.21254801536,80.5,0.7522407170294494,15.5,91.5,69.0,8.0,2.7999999999999963,18.127400768245842,0.2329513444302173,64.69462227912932,0,0,1,0,0,0,0
781,51960,91.5,69.0,80.5,2.8,11.0,3.9,1911,445,0.0,8,53.45788043478261,69.5,15.5,0.0,29.315,41.768388,-87.678649,8,53652.04603580564,80.5,0.7512787723785166,15.5,91.5,69.0,8.0,2.7999999999999963,18.11828644501279,0.2326534526854216,64.70076726342711,0,0,0,1,0,0,0
782,51960,91.5,69.0,80.5,2.8,11.0,3.9,1911,445,0.0,8,53.45788043478261,69.5,15.5,0.0,29.315,41.797616,-87.797894,8,53649.88505747126,80.5,0.7503192848020435,15.5,91.5,69.0,8.0,2.7999999999999963,18.10919540229885,0.2323563218390801,64.70689655172414,0,1,0,0,0,0,0
783,51960,91.5,69.0,80.5,2.8,11.0,3.9,1911,445,0.0,8,53.45788043478261,69.5,15.5,0.0,29.315,41.797616,-87.797894,8,53647.72959183674,80.5,0.7493622448979592,15.5,91.5,69.0,8.0,2.7999999999999963,18.100127551020407,0.23205994897959145,64.71301020408163,0,0,1,0,0,0,0
784,51960,91.5,69.0,80.5,2.8,11.0,3.9,1911,445,0.0,8,53.45788043478261,69.5,15.5,0.0,29.315,41.797616,-87.797894,8,53645.5796178344,80.5,0.7484076433121019,15.5,91.5,69.0,8.0,2.7999999999999963,18.09108280254777,0.2317643312101907,64.71910828025477,0,0,0,1,0,0,0
785,51960,91.5,69.0,80.5,2.8,11.0,3.9,1911,445,0.0,8,53.45788043478261,69.5,15.5,0.0,29.315,41.781416,-87.77653199999996,8,53643.435114503816,80.5,0.7474554707379135,15.5,91.5,69.0,8.0,2.7999999999999963,18.08206106870229,0.23146946564885454,64.72519083969465,0,1,0,0,0,0,0
786,51960,91.5,69.0,80.5,2.8,11.0,3.9,1911,445,0.0,8,53.45788043478261,69.5,15.5,0.0,29.315,41.781416,-87.77653199999996,8,53641.2960609911,80.5,0.7465057179161372,15.5,91.5,69.0,8.0,2.7999999999999963,18.073062261753496,0.23117534942820803,64.73125794155021,0,0,1,0,0,0,0
787,51960,91.5,69.0,80.5,2.8,11.0,3.9,1911,445,0.0,8,53.45788043478261,69.5,15.5,0.0,29.315,41.74785,-87.70271600000002,8,53639.16243654822,80.5,0.7455583756345178,15.5,91.5,69.0,8.0,2.7999999999999963,18.06408629441624,0.2308819796954311,64.73730964467005,0,1,0,0,0,0,0
788,51960,91.5,69.0,80.5,2.8,11.0,3.9,1911,445,0.0,8,53.45788043478261,69.5,15.5,0.0,29.315,41.74785,-87.70271600000002,8,53637.03422053232,80.5,0.7446134347275032,15.5,91.5,69.0,8.0,2.7999999999999963,18.05513307984791,0.2305893536121669,64.74334600760456,0,0,1,0,0,0,0
789,51960,91.5,69.0,80.5,2.8,11.0,3.9,1911,445,0.0,8,53.45788043478261,69.5,15.5,0.0,29.315,41.773215,-87.60088,8,53634.91139240506,80.5,0.7436708860759493,15.5,91.5,69.0,8.0,2.7999999999999963,18.04620253164557,0.23029746835442996,64.7493670886076,0,1,0,0,0,0,0
790,51960,91.5,69.0,80.5,2.8,11.0,3.9,1911,445,0.0,8,53.45788043478261,69.5,15.5,0.0,29.315,41.773215,-87.60088,8,53632.79393173198,80.5,0.7427307206068268,15.5,91.5,69.0,8.0,2.7999999999999963,18.03729456384324,0.2300063211125154,64.75537294563843,0,0,1,0,0,0,0
791,51960,91.5,69.0,80.5,2.8,11.0,3.9,1911,445,0.0,8,53.45788043478261,69.5,15.5,0.0,29.315,41.773215,-87.60088,8,53630.681818181816,80.5,0.7417929292929293,15.5,91.5,69.0,8.0,2.7999999999999963,18.02840909090909,0.2297159090909087,64.76136363636364,0,0,0,1,0,0,0
792,51960,91.5,69.0,80.5,2.8,11.0,3.9,1911,445,0.0,8,53.45788043478261,69.5,15.5,0.0,29.315,41.822536,-87.66634300000004,8,53628.57503152585,80.5,0.7408575031525851,15.5,91.5,69.0,8.0,2.7999999999999963,18.019546027742752,0.22942622950819636,64.76733921815891,0,1,0,0,0,0,0
793,51960,91.5,69.0,80.5,2.8,11.0,3.9,1911,445,0.0,8,53.45788043478261,69.5,15.5,0.0,29.315,41.822536,-87.66634300000004,8,53626.47355163728,80.5,0.7399244332493703,15.5,91.5,69.0,8.0,2.7999999999999963,18.010705289672547,0.2291372795969769,64.77329974811083,0,0,1,0,0,0,0
794,51960,91.5,69.0,80.5,2.8,11.0,3.9,1911,445,0.0,8,53.45788043478261,69.5,15.5,0.0,29.315,41.822536,-87.66634300000004,8,53624.377358490565,80.5,0.7389937106918238,15.5,91.5,69.0,8.0,2.7999999999999963,18.00188679245283,0.2288490566037732,64.77924528301887,0,0,0,1,0,0,0
795,51960,91.5,69.0,80.5,2.8,11.0,3.9,1911,445,0.0,8,53.45788043478261,69.5,15.5,0.0,29.315,41.799282,-87.585487,8,53622.286432160814,80.5,0.7380653266331658,15.5,91.5,69.0,8.0,2.7999999999999963,17.993090452261306,0.22856155778894435,64.78517587939699,0,1,0,0,0,0,0
796,51960,91.5,69.0,80.5,2.8,11.0,3.9,1911,445,0.0,8,53.45788043478261,69.5,15.5,0.0,29.315,41.799282,-87.585487,8,53620.20075282308,80.5,0.7371392722710163,15.5,91.5,69.0,8.0,2.7999999999999963,17.984316185696358,0.2282747804265993,64.79109159347553,0,0,1,0,0,0,0
797,51960,91.5,69.0,80.5,2.8,11.0,3.9,1911,445,0.0,8,53.45788043478261,69.5,15.5,0.0,29.315,41.778748,-87.586427,8,53618.120300751885,80.5,0.7362155388471178,15.5,91.5,69.0,8.0,2.7999999999999963,17.975563909774433,0.2279887218045109,64.796992481203,0,1,0,0,0,0,0
798,51960,91.5,69.0,80.5,2.8,11.0,3.9,1911,445,0.0,8,53.45788043478261,69.5,15.5,0.0,29.315,41.778748,-87.586427,8,53616.0450563204,80.5,0.7352941176470589,15.5,91.5,69.0,8.0,2.7999999999999963,17.96683354192741,0.22770337922402964,64.80287859824783,0,0,1,0,0,0,0
799,51960,91.5,69.0,80.5,2.8,11.0,3.9,1911,445,0.0,8,53.45788043478261,69.5,15.5,0.0,29.315,41.778748,-87.586427,8,53613.975,80.5,0.734375,15.5,91.5,69.0,8.0,2.7999999999999963,17.958125,0.2274187499999996,64.80875,0,0,0,1,0,0,0
800,51960,91.5,69.0,80.5,2.8,11.0,3.9,1911,445,0.0,8,53.45788043478261,69.5,15.5,0.0,29.315,41.775051,-87.65535600000004,8,53611.910112359554,80.5,0.733458177278402,15.5,91.5,69.0,8.0,2.7999999999999963,17.94943820224719,0.22713483146067376,64.81460674157303,0,0,1,0,0,0,0
801,51960,91.5,69.0,80.5,2.8,11.0,3.9,1911,445,0.0,8,53.45788043478261,69.5,15.5,0.0,29.315,41.766202,-87.562889,8,53609.85037406484,80.5,0.7325436408977556,15.5,91.5,69.0,8.0,2.7999999999999963,17.940773067331673,0.2268516209476305,64.82044887780549,0,1,0,0,0,0,0
802,51960,91.5,69.0,80.5,2.8,11.0,3.9,1911,445,0.0,8,53.45788043478261,69.5,15.5,0.0,29.315,41.766202,-87.562889,8,53607.795765877956,80.5,0.7316313823163139,15.5,91.5,69.0,8.0,2.7999999999999963,17.932129514321296,0.2265691158156908,64.82627646326276,0,0,1,0,0,0,0
803,51960,91.5,69.0,80.5,2.8,11.0,3.9,1911,445,0.0,8,53.45788043478261,69.5,15.5,0.0,29.315,41.766202,-87.562889,8,53605.746268656716,80.5,0.7307213930348259,15.5,91.5,69.0,8.0,2.7999999999999963,17.92350746268657,0.22628731343283545,64.83208955223881,0,0,0,1,0,0,0
804,51960,91.5,69.0,80.5,2.8,11.0,3.9,1911,445,0.0,8,53.45788043478261,69.5,15.5,0.0,29.315,41.754676,-87.612922,8,53603.70186335404,80.5,0.7298136645962733,15.5,91.5,69.0,8.0,2.7999999999999963,17.914906832298136,0.22600621118012384,64.83788819875777,0,1,0,0,0,0,0
805,51960,91.5,69.0,80.5,2.8,11.0,3.9,1911,445,0.0,8,53.45788043478261,69.5,15.5,0.0,29.315,41.754676,-87.612922,8,53601.66253101737,80.5,0.7289081885856079,15.5,91.5,69.0,8.0,2.7999999999999963,17.906327543424315,0.2257258064516125,64.84367245657569,0,0,1,0,0,0,0
806,51960,91.5,69.0,80.5,2.8,11.0,3.9,1911,445,0.0,8,53.45788043478261,69.5,15.5,0.0,29.315,41.754676,-87.612922,8,53599.628252788105,80.5,0.7280049566294919,15.5,91.5,69.0,8.0,2.7999999999999963,17.897769516728626,0.2254460966542747,64.84944237918215,0,0,0,1,0,0,0
807,51960,91.5,69.0,80.5,2.8,11.0,3.9,1911,445,0.0,8,53.45788043478261,69.5,15.5,0.0,29.315,41.821582,-87.62779599999998,8,53597.59900990099,80.5,0.7271039603960396,15.5,91.5,69.0,8.0,2.7999999999999963,17.889232673267323,0.2251670792079204,64.85519801980197,0,1,0,0,0,0,0
808,51960,91.5,69.0,80.5,2.8,11.0,3.9,1911,445,0.0,8,53.45788043478261,69.5,15.5,0.0,29.315,41.821582,-87.62779599999998,8,53595.574783683565,80.5,0.7262051915945612,15.5,91.5,69.0,8.0,2.7999999999999963,17.880716934487022,0.22488875154511706,64.86093943139679,0,0,1,0,0,0,0
809,51960,91.5,69.0,80.5,2.8,11.0,3.9,1911,445,0.0,8,53.45788043478261,69.5,15.5,0.0,29.315,41.821582,-87.62779599999998,8,53593.555555555555,80.5,0.7253086419753086,15.5,91.5,69.0,8.0,2.7999999999999963,17.872222222222227,0.22461111111111076,64.86666666666666,0,0,0,1,0,0,0
810,51960,91.5,69.0,80.5,2.8,11.0,3.9,1911,445,0.0,8,53.45788043478261,69.5,15.5,0.0,29.315,41.803423,-87.642984,8,53591.54130702836,80.5,0.7244143033292232,15.5,91.5,69.0,8.0,2.7999999999999963,17.863748458692967,0.22433415536374807,64.8723797780518,0,1,0,0,0,0,0
811,51960,91.5,69.0,80.5,2.8,11.0,3.9,1911,445,0.0,8,53.45788043478261,69.5,15.5,0.0,29.315,41.803423,-87.642984,8,53589.53201970444,80.5,0.7235221674876847,15.5,91.5,69.0,8.0,2.7999999999999963,17.855295566502463,0.22405788177339864,64.87807881773399,0,0,1,0,0,0,0
812,51960,91.5,69.0,80.5,2.8,11.0,3.9,1911,445,0.0,8,53.45788043478261,69.5,15.5,0.0,29.315,41.803423,-87.642984,8,53587.527675276746,80.5,0.7226322263222632,15.5,91.5,69.0,8.0,2.7999999999999963,17.846863468634687,0.22378228782287785,64.88376383763837,0,0,0,1,0,0,0
813,51960,91.5,69.0,80.5,2.8,11.0,3.9,1911,445,0.0,8,53.45788043478261,69.5,15.5,0.0,29.315,41.754292,-87.590773,8,53585.528255528254,80.5,0.7217444717444718,15.5,91.5,69.0,8.0,2.7999999999999963,17.838452088452087,0.2235073710073706,64.8894348894349,0,1,0,0,0,0,0
814,51960,91.5,69.0,80.5,2.8,11.0,3.9,1911,445,0.0,8,53.45788043478261,69.5,15.5,0.0,29.315,41.754292,-87.590773,8,53583.53374233129,80.5,0.7208588957055214,15.5,91.5,69.0,8.0,2.7999999999999963,17.830061349693253,0.22323312883435545,64.89509202453988,0,0,1,0,0,0,0
815,51960,91.5,69.0,80.5,2.8,11.0,3.9,1911,445,0.0,8,53.45788043478261,69.5,15.5,0.0,29.315,41.754292,-87.590773,8,53581.54411764706,80.5,0.7199754901960784,15.5,91.5,69.0,8.0,2.7999999999999963,17.821691176470583,0.22295955882352905,64.90073529411765,0,0,0,1,0,0,0
816,51960,91.5,69.0,80.5,2.8,11.0,3.9,1911,445,0.0,8,53.45788043478261,69.5,15.5,0.0,29.315,41.692555,-87.598865,8,53579.559363525084,80.5,0.7190942472460219,15.5,91.5,69.0,8.0,2.7999999999999963,17.813341493268055,0.2226866585067316,64.906364749082,0,1,0,0,0,0,0
817,51960,91.5,69.0,80.5,2.8,11.0,3.9,1911,445,0.0,8,53.45788043478261,69.5,15.5,0.0,29.315,41.692555,-87.598865,8,53577.57946210269,80.5,0.7182151589242054,15.5,91.5,69.0,8.0,2.7999999999999963,17.805012224938874,0.2224144254278725,64.91198044009779,0,0,1,0,0,0,0
818,51960,91.5,69.0,80.5,2.8,11.0,3.9,1911,445,0.0,8,53.45788043478261,69.5,15.5,0.0,29.315,41.721474,-87.648064,8,53575.6043956044,80.5,0.7173382173382173,15.5,91.5,69.0,8.0,2.7999999999999963,17.796703296703296,0.22214285714285675,64.91758241758242,0,1,0,0,0,0,0
819,51960,91.5,69.0,80.5,2.8,11.0,3.9,1911,445,0.0,8,53.45788043478261,69.5,15.5,0.0,29.315,41.721474,-87.648064,8,53573.634146341465,80.5,0.7164634146341463,15.5,91.5,69.0,8.0,2.7999999999999963,17.788414634146346,0.2218719512195118,64.92317073170733,0,0,1,0,0,0,0
820,51960,91.5,69.0,80.5,2.8,11.0,3.9,1911,445,0.0,8,53.45788043478261,69.5,15.5,0.0,29.315,41.721474,-87.648064,8,53571.66869671133,80.5,0.715590742996346,15.5,91.5,69.0,8.0,2.7999999999999963,17.78014616321559,0.22160170523751485,64.92874543239951,0,0,0,1,0,0,0
821,51960,91.5,69.0,80.5,2.8,11.0,3.9,1911,445,0.0,8,53.45788043478261,69.5,15.5,0.0,29.315,41.688324,-87.676709,8,53569.70802919708,80.5,0.7147201946472019,15.5,91.5,69.0,8.0,2.7999999999999963,17.771897810218977,0.2213321167883208,64.93430656934306,0,1,0,0,0,0,0
822,51960,91.5,69.0,80.5,2.8,11.0,3.9,1911,445,0.0,8,53.45788043478261,69.5,15.5,0.0,29.315,41.688324,-87.676709,8,53567.752126366955,80.5,0.7138517618469016,15.5,91.5,69.0,8.0,2.7999999999999963,17.7636695018226,0.22106318347509074,64.93985419198056,0,0,1,0,0,0,0
823,51960,91.5,69.0,80.5,2.8,11.0,3.9,1911,445,0.0,8,53.45788043478261,69.5,15.5,0.0,29.315,41.688324,-87.676709,8,53565.80097087379,80.5,0.7129854368932039,15.5,91.5,69.0,8.0,2.7999999999999963,17.755461165048548,0.22079490291262102,64.94538834951456,0,0,0,1,0,0,0
824,51960,91.5,69.0,80.5,2.8,11.0,3.9,1911,445,0.0,8,53.45788043478261,69.5,15.5,0.0,29.315,41.869107,-87.69629300000004,8,53563.85454545455,80.5,0.7121212121212122,15.5,91.5,69.0,8.0,2.7999999999999963,17.747272727272726,0.22052727272727235,64.9509090909091,0,1,0,0,0,0,0
825,51960,91.5,69.0,80.5,2.8,11.0,3.9,1911,445,0.0,8,53.45788043478261,69.5,15.5,0.0,29.315,41.869107,-87.69629300000004,8,53561.91283292978,80.5,0.7112590799031477,15.5,91.5,69.0,8.0,2.7999999999999963,17.739104116222762,0.2202602905569004,64.95641646489103,0,0,1,0,0,0,0
826,51960,91.5,69.0,80.5,2.8,11.0,3.9,1911,445,0.0,8,53.45788043478261,69.5,15.5,0.0,29.315,41.723195,-87.64997,8,53559.975816203136,80.5,0.7103990326481258,15.5,91.5,69.0,8.0,2.7999999999999963,17.73095525997582,0.2199939540507856,64.96191051995163,0,1,0,0,0,0,0
827,51960,91.5,69.0,80.5,2.8,11.0,3.9,1911,445,0.0,8,53.45788043478261,69.5,15.5,0.0,29.315,41.723195,-87.64997,8,53558.04347826087,80.5,0.7095410628019324,15.5,91.5,69.0,8.0,2.7999999999999963,17.722826086956523,0.21972826086956485,64.96739130434783,0,0,1,0,0,0,0
828,51960,91.5,69.0,80.5,2.8,11.0,3.9,1911,445,0.0,8,53.45788043478261,69.5,15.5,0.0,29.315,41.868077,-87.666901,8,53556.11580217129,80.5,0.7086851628468034,15.5,91.5,69.0,8.0,2.7999999999999963,17.714716525934858,0.21946320868516248,64.97285886610372,0,1,0,0,0,0,0
829,51960,91.5,69.0,80.5,2.8,11.0,3.9,1911,445,0.0,8,53.45788043478261,69.5,15.5,0.0,29.315,41.868077,-87.666901,8,53554.19277108434,80.5,0.7078313253012049,15.5,91.5,69.0,8.0,2.7999999999999963,17.706626506024094,0.21919879518072247,64.97831325301205,0,0,1,0,0,0,0
830,51960,91.5,69.0,80.5,2.8,11.0,3.9,1911,445,0.0,8,53.45788043478261,69.5,15.5,0.0,29.315,41.868077,-87.666901,8,53552.274368231054,80.5,0.7069795427196149,15.5,91.5,69.0,8.0,2.7999999999999963,17.6985559566787,0.21893501805054116,64.9837545126354,0,0,0,1,0,0,0
831,51960,91.5,69.0,80.5,2.8,11.0,3.9,1911,445,0.0,8,53.45788043478261,69.5,15.5,0.0,29.315,41.862292,-87.64886,8,53550.360576923085,80.5,0.7061298076923077,15.5,91.5,69.0,8.0,2.7999999999999963,17.69050480769231,0.21867187499999965,64.98918269230771,0,1,0,0,0,0,0
832,51960,91.5,69.0,80.5,2.8,11.0,3.9,1911,445,0.0,8,53.45788043478261,69.5,15.5,0.0,29.315,41.862292,-87.64886,8,53548.451380552215,80.5,0.7052821128451381,15.5,91.5,69.0,8.0,2.7999999999999963,17.682472989195677,0.21840936374549785,64.99459783913565,0,0,1,0,0,0,0
833,51960,91.5,69.0,80.5,2.8,11.0,3.9,1911,445,0.0,8,53.45788043478261,69.5,15.5,0.0,29.315,41.862292,-87.64886,8,53546.54676258993,80.5,0.7044364508393285,15.5,91.5,69.0,8.0,2.7999999999999963,17.674460431654676,0.2181474820143881,65.0,0,0,0,1,0,0,0
834,51960,91.5,69.0,80.5,2.8,11.0,3.9,1911,445,0.0,8,53.45788043478261,69.5,15.5,0.0,29.315,41.869216,-87.627561,8,53544.646706586835,80.5,0.7035928143712575,15.5,91.5,69.0,8.0,2.7999999999999963,17.666467065868265,0.2178862275449098,65.00538922155688,0,1,0,0,0,0,0
835,51960,91.5,69.0,80.5,2.8,11.0,3.9,1911,445,0.0,8,53.45788043478261,69.5,15.5,0.0,29.315,41.869216,-87.627561,8,53542.75119617225,80.5,0.7027511961722488,15.5,91.5,69.0,8.0,2.7999999999999963,17.658492822966508,0.21762559808612406,65.01076555023923,0,0,1,0,0,0,0
836,51960,91.5,69.0,80.5,2.8,11.0,3.9,1911,445,0.0,8,53.45788043478261,69.5,15.5,0.0,29.315,41.869216,-87.627561,8,53540.86021505376,80.5,0.7019115890083633,15.5,91.5,69.0,8.0,2.7999999999999963,17.650537634408604,0.21736559139784908,65.01612903225806,0,0,0,1,0,0,0
837,51960,91.5,69.0,80.5,2.8,11.0,3.9,1911,445,0.0,8,53.45788043478261,69.5,15.5,0.0,29.315,41.720848,-87.666014,8,53538.97374701671,80.5,0.7010739856801911,15.5,91.5,69.0,8.0,2.7999999999999963,17.642601431980907,0.2171062052505963,65.02147971360382,0,1,0,0,0,0,0
838,51960,91.5,69.0,80.5,2.8,11.0,3.9,1911,445,0.0,8,53.45788043478261,69.5,15.5,0.0,29.315,41.720848,-87.666014,8,53537.09177592372,80.5,0.700238379022646,15.5,91.5,69.0,8.0,2.7999999999999963,17.634684147794992,0.2168474374255062,65.02681764004768,0,0,1,0,0,0,0
839,51960,91.5,69.0,80.5,2.8,11.0,3.9,1911,445,0.0,8,53.45788043478261,69.5,15.5,0.0,29.315,41.720848,-87.666014,8,53535.214285714275,80.5,0.6994047619047619,15.5,91.5,69.0,8.0,2.7999999999999963,17.62678571428571,0.21658928571428532,65.03214285714286,0,0,0,1,0,0,0
840,51960,91.5,69.0,80.5,2.8,11.0,3.9,1911,445,0.0,8,53.45788043478261,69.5,15.5,0.0,29.315,41.731922,-87.677512,8,53533.341260404275,80.5,0.6985731272294887,15.5,91.5,69.0,8.0,2.7999999999999963,17.618906064209273,0.2163317479191435,65.03745541022593,0,1,0,0,0,0,0
841,51960,91.5,69.0,80.5,2.8,11.0,3.9,1911,445,0.0,8,53.45788043478261,69.5,15.5,0.0,29.315,41.731922,-87.677512,8,53531.47268408551,80.5,0.6977434679334917,15.5,91.5,69.0,8.0,2.7999999999999963,17.61104513064133,0.2160748218527312,65.04275534441805,0,0,1,0,0,0,0
842,51960,91.5,69.0,80.5,2.8,11.0,3.9,1911,445,0.0,8,53.45788043478261,69.5,15.5,0.0,29.315,41.731922,-87.677512,8,53529.60854092527,80.5,0.6969157769869514,15.5,91.5,69.0,8.0,2.7999999999999963,17.60320284697509,0.21581850533807792,65.04804270462634,0,0,0,1,0,0,0
843,51960,91.5,69.0,80.5,2.8,11.0,3.9,1911,445,0.0,8,53.45788043478261,69.5,15.5,0.0,29.315,41.731922,-87.677512,8,53527.748815165876,80.5,0.6960900473933649,15.5,91.5,69.0,8.0,2.7999999999999963,17.59537914691943,0.21556279620853044,65.05331753554502,0,0,0,0,1,0,0
844,51960,91.5,69.0,80.5,2.8,11.0,3.9,1911,445,0.0,8,53.45788043478261,69.5,15.5,0.0,29.315,41.644612,-87.60449799999998,8,53525.89349112426,80.5,0.6952662721893491,15.5,91.5,69.0,8.0,2.7999999999999963,17.587573964497043,0.21530769230769195,65.05857988165681,0,0,1,0,0,0,0
845,51960,91.5,69.0,80.5,2.8,11.0,3.9,1911,445,0.0,8,53.45788043478261,69.5,15.5,0.0,29.315,41.733643,-87.55551,8,53524.04255319149,80.5,0.6944444444444444,15.5,91.5,69.0,8.0,2.7999999999999963,17.579787234042556,0.21505319148936133,65.06382978723404,0,1,0,0,0,0,0
846,51960,91.5,69.0,80.5,2.8,11.0,3.9,1911,445,0.0,8,53.45788043478261,69.5,15.5,0.0,29.315,41.733643,-87.55551,8,53522.195985832346,80.5,0.6936245572609209,15.5,91.5,69.0,8.0,2.7999999999999963,17.57201889020071,0.21479929161747308,65.06906729634002,0,0,1,0,0,0,0
847,51960,91.5,69.0,80.5,2.8,11.0,3.9,1911,445,0.0,8,53.45788043478261,69.5,15.5,0.0,29.315,41.733643,-87.55551,8,53520.3537735849,80.5,0.6928066037735849,15.5,91.5,69.0,8.0,2.7999999999999963,17.56426886792453,0.21454599056603735,65.07429245283019,0,0,0,1,0,0,0
848,51960,91.5,69.0,80.5,2.8,11.0,3.9,1911,445,0.0,8,53.45788043478261,69.5,15.5,0.0,29.315,41.717753,-87.531657,8,53518.51590106007,80.5,0.6919905771495878,15.5,91.5,69.0,8.0,2.7999999999999963,17.5565371024735,0.21429328621908086,65.07950530035336,0,1,0,0,0,0,0
849,51960,91.5,69.0,80.5,2.8,11.0,3.9,1911,445,0.0,8,53.45788043478261,69.5,15.5,0.0,29.315,41.717753,-87.531657,8,53516.682352941185,80.5,0.6911764705882353,15.5,91.5,69.0,8.0,2.7999999999999963,17.548823529411766,0.21404117647058787,65.08470588235294,0,0,1,0,0,0,0
850,51960,91.5,69.0,80.5,2.8,11.0,3.9,1911,445,0.0,8,53.45788043478261,69.5,15.5,0.0,29.315,41.717753,-87.531657,8,53514.853113983554,80.5,0.6903642773207991,15.5,91.5,69.0,8.0,2.7999999999999963,17.541128084606346,0.21378965922444146,65.08989424206814,0,0,0,1,0,0,0
851,51960,91.5,69.0,80.5,2.8,11.0,3.9,1911,445,0.0,8,53.45788043478261,69.5,15.5,0.0,29.315,41.750498,-87.605294,8,53513.028169014084,80.5,0.6895539906103286,15.5,91.5,69.0,8.0,2.7999999999999963,17.533450704225352,0.21353873239436585,65.09507042253522,0,1,0,0,0,0,0
852,51960,91.5,69.0,80.5,2.8,11.0,3.9,1911,445,0.0,8,53.45788043478261,69.5,15.5,0.0,29.315,41.750498,-87.605294,8,53511.20750293083,80.5,0.6887456037514654,15.5,91.5,69.0,8.0,2.7999999999999963,17.525791324736225,0.21328839390386836,65.10023446658853,0,0,1,0,0,0,0
853,51960,91.5,69.0,80.5,2.8,11.0,3.9,1911,445,0.0,8,53.45788043478261,69.5,15.5,0.0,29.315,41.750498,-87.605294,8,53509.39110070258,80.5,0.6879391100702577,15.5,91.5,69.0,8.0,2.7999999999999963,17.51814988290398,0.2130386416861823,65.10538641686183,0,0,0,1,0,0,0
854,51960,91.5,69.0,80.5,2.8,11.0,3.9,1911,445,0.0,8,53.45788043478261,69.5,15.5,0.0,29.315,41.702724,-87.536497,8,53507.57894736842,80.5,0.6871345029239766,15.5,91.5,69.0,8.0,2.7999999999999963,17.510526315789473,0.21278947368421014,65.11052631578947,0,1,0,0,0,0,0
855,51960,91.5,69.0,80.5,2.8,11.0,3.9,1911,445,0.0,8,53.45788043478261,69.5,15.5,0.0,29.315,41.702724,-87.536497,8,53505.77102803738,80.5,0.6863317757009346,15.5,91.5,69.0,8.0,2.7999999999999963,17.502920560747665,0.21254088785046693,65.11565420560747,0,0,1,0,0,0,0
856,51960,91.5,69.0,80.5,2.8,11.0,3.9,1911,445,0.0,8,53.45788043478261,69.5,15.5,0.0,29.315,41.702724,-87.536497,8,53503.96732788798,80.5,0.6855309218203034,15.5,91.5,69.0,8.0,2.7999999999999963,17.495332555425904,0.21229288214702413,65.12077012835472,0,0,0,1,0,0,0
857,51960,91.5,69.0,80.5,2.8,11.0,3.9,1911,445,0.0,8,53.45788043478261,69.5,15.5,0.0,29.315,41.702724,-87.536497,8,53502.16783216784,80.5,0.6847319347319347,15.5,91.5,69.0,8.0,2.7999999999999963,17.487762237762233,0.21204545454545415,65.12587412587412,0,0,0,0,0,0,1
858,51960,91.5,69.0,80.5,2.8,11.0,3.9,1911,445,0.0,8,53.45788043478261,69.5,15.5,0.0,29.315,41.729669,-87.582699,8,53500.37252619325,80.5,0.6839348079161816,15.5,91.5,69.0,8.0,2.7999999999999963,17.480209545983698,0.21179860302677492,65.13096623981373,0,1,0,0,0,0,0
859,51960,91.5,69.0,80.5,2.8,11.0,3.9,1911,445,0.0,8,53.45788043478261,69.5,15.5,0.0,29.315,41.729669,-87.582699,8,53498.58139534884,80.5,0.6831395348837209,15.5,91.5,69.0,8.0,2.7999999999999963,17.47267441860465,0.211552325581395,65.1360465116279,0,0,1,0,0,0,0
860,51960,91.5,69.0,80.5,2.8,11.0,3.9,1911,445,0.0,8,53.45788043478261,69.5,15.5,0.0,29.315,41.798697,-87.736812,8,53496.79442508711,80.5,0.6823461091753774,15.5,91.5,69.0,8.0,2.7999999999999963,17.465156794425088,0.21130662020905888,65.1411149825784,0,1,0,0,0,0,0
861,51960,91.5,69.0,80.5,2.8,11.0,3.9,1911,445,0.0,8,53.45788043478261,69.5,15.5,0.0,29.315,41.798697,-87.736812,8,53495.011600928075,80.5,0.681554524361949,15.5,91.5,69.0,8.0,2.7999999999999963,17.457656612529007,0.21106148491879315,65.14617169373551,0,0,1,0,0,0,0
862,51960,91.5,69.0,80.5,2.8,11.0,3.9,1911,445,0.0,8,53.45788043478261,69.5,15.5,0.0,29.315,41.798697,-87.736812,8,53493.232908458864,80.5,0.6807647740440325,15.5,91.5,69.0,8.0,2.7999999999999963,17.450173812282735,0.21081691772885247,65.15121668597914,0,0,0,1,0,0,0
863,51960,91.5,69.0,80.5,2.8,11.0,3.9,1911,445,0.0,8,53.45788043478261,69.5,15.5,0.0,29.315,41.798697,-87.736812,8,53491.45833333334,80.5,0.6799768518518519,15.5,91.5,69.0,8.0,2.7999999999999963,17.442708333333332,0.2105729166666663,65.15625,0,0,0,0,0,0,1
864,51960,91.5,69.0,80.5,2.8,11.0,3.9,1911,445,0.0,8,53.45788043478261,69.5,15.5,0.0,29.315,41.673408,-87.599862,8,53489.68786127168,80.5,0.6791907514450867,15.5,91.5,69.0,8.0,2.7999999999999963,17.435260115606933,0.21032947976878574,65.16127167630057,0,1,0,0,0,0,0
865,51960,91.5,69.0,80.5,2.8,11.0,3.9,1911,445,0.0,8,53.45788043478261,69.5,15.5,0.0,29.315,41.673408,-87.599862,8,53487.92147806005,80.5,0.6784064665127021,15.5,91.5,69.0,8.0,2.7999999999999963,17.42782909930716,0.21008660508083105,65.16628175519631,0,0,1,0,0,0,0
866,51960,91.5,69.0,80.5,2.8,11.0,3.9,1911,445,0.0,8,53.45788043478261,69.5,15.5,0.0,29.315,41.673408,-87.599862,8,53486.15916955016,80.5,0.6776239907727797,15.5,91.5,69.0,8.0,2.7999999999999963,17.420415224913494,0.2098442906574391,65.1712802768166,0,0,0,1,0,0,0
867,51960,91.5,69.0,80.5,2.8,11.0,3.9,1911,445,0.0,8,53.45788043478261,69.5,15.5,0.0,29.315,41.673408,-87.599862,8,53484.40092165898,80.5,0.6768433179723502,15.5,91.5,69.0,8.0,2.7999999999999963,17.413018433179722,0.2096025345622116,65.17626728110599,0,0,0,0,1,0,0
868,51960,91.5,69.0,80.5,2.8,11.0,3.9,1911,445,0.0,8,53.45788043478261,69.5,15.5,0.0,29.315,41.673408,-87.599862,8,53482.64672036824,80.5,0.6760644418872267,15.5,91.5,69.0,8.0,2.7999999999999963,17.405638665132336,0.2093613348676636,65.1812428078251,0,0,0,0,0,0,1
869,51960,91.5,69.0,80.5,2.8,11.0,3.9,1911,445,0.0,8,53.45788043478261,69.5,15.5,0.0,29.315,41.704572,-87.56566600000002,8,53480.89655172414,80.5,0.6752873563218391,15.5,91.5,69.0,8.0,2.7999999999999963,17.398275862068967,0.20912068965517205,65.18620689655172,0,1,0,0,0,0,0
870,51960,91.5,69.0,80.5,2.8,11.0,3.9,1911,445,0.0,8,53.45788043478261,69.5,15.5,0.0,29.315,41.704572,-87.56566600000002,8,53479.150401836974,80.5,0.6745120551090701,15.5,91.5,69.0,8.0,2.7999999999999963,17.390929965556833,0.208880597014925,65.19115958668198,0,0,1,0,0,0,0
871,51960,91.5,69.0,80.5,2.8,11.0,3.9,1911,445,0.0,8,53.45788043478261,69.5,15.5,0.0,29.315,41.704572,-87.56566600000002,8,53477.408256880735,80.5,0.6737385321100917,15.5,91.5,69.0,8.0,2.7999999999999963,17.383600917431192,0.2086410550458712,65.1961009174312,0,0,0,1,0,0,0
872,51960,91.5,69.0,80.5,2.8,11.0,3.9,1911,445,0.0,8,53.45788043478261,69.5,15.5,0.0,29.315,41.704572,-87.56566600000002,8,53475.67010309278,80.5,0.672966781214204,15.5,91.5,69.0,8.0,2.7999999999999963,17.376288659793815,0.20840206185566976,65.20103092783505,0,0,0,0,1,0,0
873,51960,91.5,69.0,80.5,2.8,11.0,3.9,1911,445,0.0,8,53.45788043478261,69.5,15.5,0.0,29.315,41.891126,-87.61156,8,53473.935926773454,80.5,0.6721967963386728,15.5,91.5,69.0,8.0,2.7999999999999963,17.36899313501144,0.2081636155606404,65.20594965675058,0,1,0,0,0,0,0
874,51960,91.5,69.0,80.5,2.8,11.0,3.9,1911,445,0.0,8,53.45788043478261,69.5,15.5,0.0,29.315,41.891126,-87.61156,8,53472.20571428572,80.5,0.6714285714285714,15.5,91.5,69.0,8.0,2.7999999999999963,17.361714285714285,0.20792571428571394,65.21085714285714,0,0,1,0,0,0,0
875,51960,91.5,69.0,80.5,2.8,11.0,3.9,1911,445,0.0,8,53.45788043478261,69.5,15.5,0.0,29.315,41.891126,-87.61156,8,53470.4794520548,80.5,0.670662100456621,15.5,91.5,69.0,8.0,2.7999999999999963,17.354452054794518,0.2076883561643832,65.21575342465754,0,0,0,1,0,0,0
876,51960,91.5,69.0,80.5,2.8,11.0,3.9,1911,445,0.0,8,53.45788043478261,69.5,15.5,0.0,29.315,41.662014,-87.72460799999998,8,53468.75712656784,80.5,0.669897377423033,15.5,91.5,69.0,8.0,2.7999999999999963,17.34720638540479,0.20745153933865412,65.2206385404789,0,1,0,0,0,0,0
877,51960,91.5,69.0,80.5,2.8,11.0,3.9,1911,445,0.0,8,53.45788043478261,69.5,15.5,0.0,29.315,41.662014,-87.72460799999998,8,53467.038724373575,80.5,0.6691343963553531,15.5,91.5,69.0,8.0,2.7999999999999963,17.339977220956722,0.20721526195899734,65.2255125284738,0,0,1,0,0,0,0
878,51960,91.5,69.0,80.5,2.8,11.0,3.9,1911,445,0.0,8,53.45788043478261,69.5,15.5,0.0,29.315,41.662014,-87.72460799999998,8,53465.32423208191,80.5,0.6683731513083049,15.5,91.5,69.0,8.0,2.7999999999999963,17.332764505119453,0.20697952218429996,65.23037542662117,0,0,0,1,0,0,0
879,51960,91.5,69.0,80.5,2.8,11.0,3.9,1911,445,0.0,8,53.45788043478261,69.5,15.5,0.0,29.315,41.662014,-87.72460799999998,8,53463.61363636363,80.5,0.6676136363636364,15.5,91.5,69.0,8.0,2.7999999999999963,17.32556818181818,0.20674431818181785,65.23522727272727,0,0,0,0,1,0,0
880,51960,91.5,69.0,80.5,2.8,11.0,3.9,1911,445,0.0,8,53.45788043478261,69.5,15.5,0.0,29.315,41.72646500000001,-87.585413,8,53461.906923950046,80.5,0.6668558456299659,15.5,91.5,69.0,8.0,2.7999999999999963,17.31838819523269,0.2065096481271279,65.24006810442678,0,1,0,0,0,0,0
881,51960,91.5,69.0,80.5,2.8,11.0,3.9,1911,445,0.0,8,53.45788043478261,69.5,15.5,0.0,29.315,41.72646500000001,-87.585413,8,53460.204081632655,80.5,0.6660997732426304,15.5,91.5,69.0,8.0,2.7999999999999963,17.311224489795922,0.20627551020408127,65.24489795918367,0,0,1,0,0,0,0
882,51960,91.5,69.0,80.5,2.8,11.0,3.9,1911,445,0.0,8,53.45788043478261,69.5,15.5,0.0,29.315,41.72646500000001,-87.585413,8,53458.505096262736,80.5,0.6653454133635334,15.5,91.5,69.0,8.0,2.7999999999999963,17.304077010192525,0.20604190260475616,65.24971687429219,0,0,0,1,0,0,0
883,51960,91.5,69.0,80.5,2.8,11.0,3.9,1911,445,0.0,8,53.45788043478261,69.5,15.5,0.0,29.315,41.72646500000001,-87.585413,8,53456.80995475113,80.5,0.6645927601809954,15.5,91.5,69.0,8.0,2.7999999999999963,17.296945701357465,0.2058088235294114,65.25452488687783,0,0,0,0,1,0,0
884,51960,91.5,69.0,80.5,2.8,11.0,3.9,1911,445,0.0,8,53.45788043478261,69.5,15.5,0.0,29.315,41.72646500000001,-87.585413,8,53455.1186440678,80.5,0.6638418079096046,15.5,91.5,69.0,8.0,2.7999999999999963,17.289830508474573,0.20557627118644034,65.2593220338983,0,0,0,0,0,0,1
885,51960,91.5,69.0,80.5,2.8,11.0,3.9,1911,445,0.0,8,53.45788043478261,69.5,15.5,0.0,29.315,41.961743,-87.76007,8,53453.43115124153,80.5,0.6630925507900677,15.5,91.5,69.0,8.0,2.7999999999999963,17.282731376975168,0.20534424379232472,65.26410835214448,0,1,0,0,0,0,0
886,51960,91.5,69.0,80.5,2.8,11.0,3.9,1911,445,0.0,8,53.45788043478261,69.5,15.5,0.0,29.315,41.961743,-87.76007,8,53451.747463359636,80.5,0.6623449830890643,15.5,91.5,69.0,8.0,2.7999999999999963,17.27564825253664,0.20511273957158926,65.26888387824127,0,0,1,0,0,0,0
887,51960,91.5,69.0,80.5,2.8,11.0,3.9,1911,445,0.0,8,53.45788043478261,69.5,15.5,0.0,29.315,41.953067,-87.776792,8,53450.06756756757,80.5,0.6615990990990991,15.5,91.5,69.0,8.0,2.7999999999999963,17.26858108108108,0.2048817567567564,65.27364864864866,0,1,0,0,0,0,0
888,51960,91.5,69.0,80.5,2.8,11.0,3.9,1911,445,0.0,8,53.45788043478261,69.5,15.5,0.0,29.315,41.953067,-87.776792,8,53448.391451068615,80.5,0.6608548931383577,15.5,91.5,69.0,8.0,2.7999999999999963,17.261529808773904,0.20465129358830111,65.27840269966254,0,0,1,0,0,0,0
889,51960,91.5,69.0,80.5,2.8,11.0,3.9,1911,445,0.0,8,53.45788043478261,69.5,15.5,0.0,29.315,41.999129,-87.795585,8,53446.71910112361,80.5,0.6601123595505618,15.5,91.5,69.0,8.0,2.7999999999999963,17.25449438202247,0.2044213483146064,65.28314606741573,0,1,0,0,0,0,0
890,51960,91.5,69.0,80.5,2.8,11.0,3.9,1911,445,0.0,8,53.45788043478261,69.5,15.5,0.0,29.315,41.999129,-87.795585,8,53445.0505050505,80.5,0.6593714927048261,15.5,91.5,69.0,8.0,2.7999999999999963,17.247474747474747,0.20419191919191884,65.28787878787878,0,0,1,0,0,0,0
891,51960,91.5,69.0,80.5,2.8,11.0,3.9,1911,445,0.0,8,53.45788043478261,69.5,15.5,0.0,29.315,41.999129,-87.795585,8,53443.38565022421,80.5,0.6586322869955157,15.5,91.5,69.0,8.0,2.7999999999999963,17.240470852017935,0.20396300448430454,65.29260089686099,0,0,0,1,0,0,0
892,51960,91.5,69.0,80.5,2.8,11.0,3.9,1911,445,0.0,8,53.45788043478261,69.5,15.5,0.0,29.315,41.94016,-87.794896,8,53441.724524076155,80.5,0.6578947368421053,15.5,91.5,69.0,8.0,2.7999999999999963,17.233482642777155,0.20373460246360547,65.2973124300112,0,1,0,0,0,0,0
893,51960,91.5,69.0,80.5,2.8,11.0,3.9,1911,445,0.0,8,53.45788043478261,69.5,15.5,0.0,29.315,41.94016,-87.794896,8,53440.06711409397,80.5,0.6571588366890381,15.5,91.5,69.0,8.0,2.7999999999999963,17.226510067114095,0.20350671140939566,65.30201342281879,0,0,1,0,0,0,0
894,51960,91.5,69.0,80.5,2.8,11.0,3.9,1911,445,0.0,8,53.45788043478261,69.5,15.5,0.0,29.315,41.94016,-87.794896,8,53438.41340782123,80.5,0.6564245810055865,15.5,91.5,69.0,8.0,2.7999999999999963,17.219553072625693,0.2032793296089382,65.30670391061453,0,0,0,1,0,0,0
895,51960,91.5,69.0,80.5,2.8,11.0,3.9,1911,445,0.0,8,53.45788043478261,69.5,15.5,0.0,29.315,41.878114,-87.629798,8,53436.763392857145,80.5,0.6556919642857143,15.5,91.5,69.0,8.0,2.7999999999999963,17.212611607142858,0.2030524553571425,65.31138392857143,0,1,0,0,0,0,0
896,51960,91.5,69.0,80.5,2.8,11.0,3.9,1911,445,0.0,8,53.45788043478261,69.5,15.5,0.0,29.315,41.878114,-87.629798,8,53435.117056856194,80.5,0.6549609810479375,15.5,91.5,69.0,8.0,2.7999999999999963,17.205685618729095,0.2028260869565214,65.31605351170569,0,0,1,0,0,0,0
897,51960,91.5,69.0,80.5,2.8,11.0,3.9,1911,445,0.0,8,53.45788043478261,69.5,15.5,0.0,29.315,41.878114,-87.629798,8,53433.474387527844,80.5,0.6542316258351893,15.5,91.5,69.0,8.0,2.7999999999999963,17.198775055679288,0.20260022271714886,65.3207126948775,0,0,0,1,0,0,0
898,51960,91.5,69.0,80.5,2.8,11.0,3.9,1911,445,0.0,8,53.45788043478261,69.5,15.5,0.0,29.315,41.958271,-87.702575,8,53431.83537263626,80.5,0.6535038932146829,15.5,91.5,69.0,8.0,2.7999999999999963,17.191879866518352,0.2023748609566181,65.325361512792,0,1,0,0,0,0,0
899,51960,91.5,69.0,80.5,2.8,11.0,3.9,1911,445,0.0,8,53.45788043478261,69.5,15.5,0.0,29.315,41.958271,-87.702575,8,53430.2,80.5,0.6527777777777778,15.5,91.5,69.0,8.0,2.7999999999999963,17.185,0.20214999999999966,65.33,0,0,1,0,0,0,0
900,51960,91.5,69.0,80.5,2.8,11.0,3.9,1911,445,0.0,8,53.45788043478261,69.5,15.5,0.0,29.315,41.958271,-87.702575,8,53428.56825749168,80.5,0.6520532741398446,15.5,91.5,69.0,8.0,2.7999999999999963,17.17813540510544,0.2019256381797999,65.334628190899,0,0,0,1,0,0,0
901,51960,91.5,69.0,80.5,2.8,11.0,3.9,1911,445,0.0,8,53.45788043478261,69.5,15.5,0.0,29.315,41.932094,-87.700117,8,53426.940133037686,80.5,0.6513303769401331,15.5,91.5,69.0,8.0,2.7999999999999963,17.17128603104213,0.20170177383591986,65.33924611973393,0,0,1,0,0,0,0
902,51960,91.5,69.0,80.5,2.8,11.0,3.9,1911,445,0.0,8,53.45788043478261,69.5,15.5,0.0,29.315,42.01743,-87.68776899999996,8,53425.31561461794,80.5,0.6506090808416389,15.5,91.5,69.0,8.0,2.7999999999999963,17.164451827242527,0.20147840531561428,65.34385382059801,0,1,0,0,0,0,0
903,51960,91.5,69.0,80.5,2.8,11.0,3.9,1911,445,0.0,8,53.45788043478261,69.5,15.5,0.0,29.315,42.01743,-87.68776899999996,8,53423.69469026549,80.5,0.6498893805309734,15.5,91.5,69.0,8.0,2.7999999999999963,17.157632743362832,0.20125553097345095,65.34845132743361,0,0,1,0,0,0,0
904,51960,91.5,69.0,80.5,2.8,11.0,3.9,1911,445,0.0,8,53.45788043478261,69.5,15.5,0.0,29.315,42.01743,-87.68776899999996,8,53422.0773480663,80.5,0.649171270718232,15.5,91.5,69.0,8.0,2.7999999999999963,17.150828729281766,0.2010331491712704,65.35303867403313,0,0,0,1,0,0,0
905,51960,91.5,69.0,80.5,2.8,11.0,3.9,1911,445,0.0,8,53.45788043478261,69.5,15.5,0.0,29.315,41.994469,-87.667736,8,53420.46357615894,80.5,0.6484547461368654,15.5,91.5,69.0,8.0,2.7999999999999963,17.144039735099337,0.20081125827814536,65.35761589403974,0,0,1,0,0,0,0
906,51960,91.5,69.0,80.5,2.8,11.0,3.9,1911,445,0.0,8,53.45788043478261,69.5,15.5,0.0,29.315,42.006858,-87.675919,8,53418.853362734284,80.5,0.6477398015435502,15.5,91.5,69.0,8.0,2.7999999999999963,17.137265711135615,0.20058985667034146,65.36218302094818,0,1,0,0,0,0,0
907,51960,91.5,69.0,80.5,2.8,11.0,3.9,1911,445,0.0,8,53.45788043478261,69.5,15.5,0.0,29.315,42.006858,-87.675919,8,53417.24669603523,80.5,0.6470264317180616,15.5,91.5,69.0,8.0,2.7999999999999963,17.130506607929515,0.2003689427312772,65.36674008810573,0,0,1,0,0,0,0
908,51960,91.5,69.0,80.5,2.8,11.0,3.9,1911,445,0.0,8,53.45788043478261,69.5,15.5,0.0,29.315,41.916265,-87.800515,8,53415.64356435643,80.5,0.6463146314631463,15.5,91.5,69.0,8.0,2.7999999999999963,17.123762376237625,0.2001485148514848,65.37128712871286,0,1,0,0,0,0,0
909,51960,91.5,69.0,80.5,2.8,11.0,3.9,1911,445,0.0,8,53.45788043478261,69.5,15.5,0.0,29.315,41.916265,-87.800515,8,53414.04395604396,80.5,0.6456043956043956,15.5,91.5,69.0,8.0,2.7999999999999963,17.117032967032966,0.1999285714285711,65.37582417582418,0,0,1,0,0,0,0
910,51960,91.5,69.0,80.5,2.8,11.0,3.9,1911,445,0.0,8,53.45788043478261,69.5,15.5,0.0,29.315,41.916265,-87.800515,8,53412.447859495056,80.5,0.6448957189901208,15.5,91.5,69.0,8.0,2.7999999999999963,17.11031833150384,0.19970911086717855,65.38035126234907,0,0,0,1,0,0,0
911,51960,91.5,69.0,80.5,2.8,11.0,3.9,1911,445,0.0,8,53.45788043478261,69.5,15.5,0.0,29.315,41.846075,-87.716277,8,53410.85526315789,80.5,0.6441885964912281,15.5,91.5,69.0,8.0,2.7999999999999963,17.10361842105263,0.19949013157894704,65.38486842105263,0,1,0,0,0,0,0
912,51960,91.5,69.0,80.5,2.8,11.0,3.9,1911,445,0.0,8,53.45788043478261,69.5,15.5,0.0,29.315,41.846075,-87.716277,8,53409.26615553122,80.5,0.6434830230010953,15.5,91.5,69.0,8.0,2.7999999999999963,17.096933187294635,0.19927163198247505,65.38937568455641,0,0,1,0,0,0,0
913,51960,91.5,69.0,80.5,2.8,11.0,3.9,1911,445,0.0,8,53.45788043478261,69.5,15.5,0.0,29.315,41.907645,-87.760886,8,53407.68052516411,80.5,0.6427789934354485,15.5,91.5,69.0,8.0,2.7999999999999963,17.090262582056894,0.19905361050328196,65.39387308533918,0,1,0,0,0,0,0
914,51960,91.5,69.0,80.5,2.8,11.0,3.9,1911,445,0.0,8,53.45788043478261,69.5,15.5,0.0,29.315,41.907645,-87.760886,8,53406.098360655735,80.5,0.6420765027322405,15.5,91.5,69.0,8.0,2.7999999999999963,17.08360655737705,0.19883606557377012,65.3983606557377,0,0,1,0,0,0,0
915,51960,91.5,69.0,80.5,2.8,11.0,3.9,1911,445,0.0,8,53.45788043478261,69.5,15.5,0.0,29.315,41.918705,-87.752329,8,53404.51965065502,80.5,0.6413755458515283,15.5,91.5,69.0,8.0,2.7999999999999963,17.076965065502186,0.19861899563318744,65.4028384279476,0,1,0,0,0,0,0
916,51960,91.5,69.0,80.5,2.8,11.0,3.9,1911,445,0.0,8,53.45788043478261,69.5,15.5,0.0,29.315,41.918705,-87.752329,8,53402.94438386041,80.5,0.6406761177753544,15.5,91.5,69.0,8.0,2.7999999999999963,17.07033805888768,0.19840239912758964,65.407306434024,0,0,1,0,0,0,0
917,51960,91.5,69.0,80.5,2.8,11.0,3.9,1911,445,0.0,8,53.45788043478261,69.5,15.5,0.0,29.315,41.776156,-87.778927,8,53401.37254901961,80.5,0.6399782135076253,15.5,91.5,69.0,8.0,2.7999999999999963,17.063725490196074,0.1981862745098036,65.41176470588235,0,1,0,0,0,0,0
918,51960,91.5,69.0,80.5,2.8,11.0,3.9,1911,445,0.0,8,53.45788043478261,69.5,15.5,0.0,29.315,41.776156,-87.778927,8,53399.80413492927,80.5,0.6392818280739935,15.5,91.5,69.0,8.0,2.7999999999999963,17.057127312295975,0.1979706202393903,65.41621327529924,0,0,1,0,0,0,0
919,51960,91.5,69.0,80.5,2.8,11.0,3.9,1911,445,0.0,8,53.45788043478261,69.5,15.5,0.0,29.315,41.776156,-87.778927,8,53398.239130434784,80.5,0.6385869565217391,15.5,91.5,69.0,8.0,2.7999999999999963,17.05054347826087,0.19775543478260835,65.42065217391304,0,0,0,1,0,0,0
920,51960,91.5,69.0,80.5,2.8,11.0,3.9,1911,445,0.0,8,53.45788043478261,69.5,15.5,0.0,29.315,41.772846,-87.740029,8,53396.67752442997,80.5,0.6378935939196525,15.5,91.5,69.0,8.0,2.7999999999999963,17.04397394136808,0.19754071661237751,65.42508143322475,0,1,0,0,0,0,0
921,51960,91.5,69.0,80.5,2.8,11.0,3.9,1911,445,0.0,8,53.45788043478261,69.5,15.5,0.0,29.315,41.772846,-87.740029,8,53395.11930585684,80.5,0.6372017353579176,15.5,91.5,69.0,8.0,2.7999999999999963,17.037418655097614,0.19732646420824265,65.4295010845987,0,0,1,0,0,0,0
922,51960,91.5,69.0,80.5,2.8,11.0,3.9,1911,445,0.0,8,53.45788043478261,69.5,15.5,0.0,29.315,41.772846,-87.740029,8,53393.56446370531,80.5,0.6365113759479957,15.5,91.5,69.0,8.0,2.7999999999999963,17.030877573131093,0.1971126760563377,65.43391115926327,0,0,0,1,0,0,0
923,51960,91.5,69.0,80.5,2.8,11.0,3.9,1911,445,0.0,8,53.45788043478261,69.5,15.5,0.0,29.315,41.772846,-87.740029,8,53392.01298701299,80.5,0.6358225108225108,15.5,91.5,69.0,8.0,2.7999999999999963,17.024350649350648,0.19689935064935032,65.43831168831169,0,0,0,0,0,0,1
924,51960,91.5,69.0,80.5,2.8,11.0,3.9,1911,445,0.0,8,53.45788043478261,69.5,15.5,0.0,29.315,41.825902,-87.667827,8,53390.46486486487,80.5,0.6351351351351351,15.5,91.5,69.0,8.0,2.7999999999999963,17.01783783783784,0.19668648648648612,65.4427027027027,0,1,0,0,0,0,0
925,51960,91.5,69.0,80.5,2.8,11.0,3.9,1911,445,0.0,8,53.45788043478261,69.5,15.5,0.0,29.315,41.825902,-87.667827,8,53388.92008639309,80.5,0.6344492440604752,15.5,91.5,69.0,8.0,2.7999999999999963,17.011339092872568,0.19647408207343375,65.44708423326135,0,0,1,0,0,0,0
926,51960,91.5,69.0,80.5,2.8,11.0,3.9,1911,445,0.0,8,53.45788043478261,69.5,15.5,0.0,29.315,41.682587,-87.707973,8,53387.3786407767,80.5,0.633764832793959,15.5,91.5,69.0,8.0,2.7999999999999963,17.00485436893204,0.19626213592232974,65.45145631067962,0,1,0,0,0,0,0
927,51960,91.5,69.0,80.5,2.8,11.0,3.9,1911,445,0.0,8,53.45788043478261,69.5,15.5,0.0,29.315,41.682587,-87.707973,8,53385.84051724138,80.5,0.6330818965517241,15.5,91.5,69.0,8.0,2.7999999999999963,16.998383620689655,0.1960506465517238,65.45581896551724,0,0,1,0,0,0,0
928,51960,91.5,69.0,80.5,2.8,11.0,3.9,1911,445,0.0,8,53.45788043478261,69.5,15.5,0.0,29.315,41.682587,-87.707973,8,53384.305705059196,80.5,0.6324004305705059,15.5,91.5,69.0,8.0,2.7999999999999963,16.991926803013992,0.19583961248654436,65.46017222820237,0,0,0,1,0,0,0
929,51960,91.5,69.0,80.5,2.8,11.0,3.9,1911,445,0.0,8,53.45788043478261,69.5,15.5,0.0,29.315,41.903002,-87.68826700000002,8,53382.77419354839,80.5,0.6317204301075269,15.5,91.5,69.0,8.0,2.7999999999999963,16.98548387096774,0.1956290322580642,65.46451612903226,0,1,0,0,0,0,0
930,51960,91.5,69.0,80.5,2.8,11.0,3.9,1911,445,0.0,8,53.45788043478261,69.5,15.5,0.0,29.315,41.903002,-87.68826700000002,8,53381.24597207304,80.5,0.6310418904403867,15.5,91.5,69.0,8.0,2.7999999999999963,16.97905477980666,0.19541890440386647,65.46885069817401,0,0,1,0,0,0,0
931,51960,91.5,69.0,80.5,2.8,11.0,3.9,1911,445,0.0,8,53.45788043478261,69.5,15.5,0.0,29.315,41.903002,-87.68826700000002,8,53379.72103004292,80.5,0.6303648068669528,15.5,91.5,69.0,8.0,2.7999999999999963,16.97263948497854,0.19520922746781086,65.47317596566522,0,0,0,1,0,0,0
932,51960,91.5,69.0,80.5,2.8,11.0,3.9,1911,445,0.0,8,53.45788043478261,69.5,15.5,0.0,29.315,41.719059,-87.675088,8,53378.19935691318,80.5,0.6296891747052519,15.5,91.5,69.0,8.0,2.7999999999999963,16.966237942122188,0.19499999999999967,65.47749196141478,0,1,0,0,0,0,0
933,51960,91.5,69.0,80.5,2.8,11.0,3.9,1911,445,0.0,8,53.45788043478261,69.5,15.5,0.0,29.315,41.719059,-87.675088,8,53376.68094218415,80.5,0.6290149892933619,15.5,91.5,69.0,8.0,2.7999999999999963,16.95985010706638,0.1947912205567449,65.48179871520342,0,0,1,0,0,0,0
934,51960,91.5,69.0,80.5,2.8,11.0,3.9,1911,445,0.0,8,53.45788043478261,69.5,15.5,0.0,29.315,41.719059,-87.675088,8,53375.16577540107,80.5,0.6283422459893048,15.5,91.5,69.0,8.0,2.7999999999999963,16.953475935828873,0.1945828877005344,65.48609625668449,0,0,0,1,0,0,0
935,51960,91.5,69.0,80.5,2.8,11.0,3.9,1911,445,0.0,8,53.45788043478261,69.5,15.5,0.0,29.315,41.725517,-87.61425799999998,8,53373.65384615384,80.5,0.6276709401709402,15.5,91.5,69.0,8.0,2.7999999999999963,16.947115384615387,0.1943749999999997,65.49038461538461,0,1,0,0,0,0,0
936,51960,91.5,69.0,80.5,2.8,11.0,3.9,1911,445,0.0,8,53.45788043478261,69.5,15.5,0.0,29.315,41.725517,-87.61425799999998,8,53372.145144076836,80.5,0.6270010672358591,15.5,91.5,69.0,8.0,2.7999999999999963,16.94076840981857,0.19416755602988228,65.49466382070436,0,0,1,0,0,0,0
937,51960,91.5,69.0,80.5,2.8,11.0,3.9,1911,445,0.0,8,53.45788043478261,69.5,15.5,0.0,29.315,41.948167,-87.730698,8,53370.639658848624,80.5,0.6263326226012793,15.5,91.5,69.0,8.0,2.7999999999999963,16.934434968017055,0.1939605543710018,65.49893390191896,0,1,0,0,0,0,0
938,51960,91.5,69.0,80.5,2.8,11.0,3.9,1911,445,0.0,8,53.45788043478261,69.5,15.5,0.0,29.315,41.948167,-87.730698,8,53369.13738019169,80.5,0.6256656017039404,15.5,91.5,69.0,8.0,2.7999999999999963,16.92811501597444,0.1937539936102233,65.5031948881789,0,0,1,0,0,0,0
939,51960,91.5,69.0,80.5,2.8,11.0,3.9,1911,445,0.0,8,53.45788043478261,69.5,15.5,0.0,29.315,41.948167,-87.730698,8,53367.638297872334,80.5,0.625,15.5,91.5,69.0,8.0,2.7999999999999963,16.921808510638293,0.1935478723404252,65.50744680851064,0,0,0,1,0,0,0
940,51960,91.5,69.0,80.5,2.8,11.0,3.9,1911,445,0.0,8,53.45788043478261,69.5,15.5,0.0,29.315,41.966987,-87.674677,8,53366.14240170032,80.5,0.6243358129649309,15.5,91.5,69.0,8.0,2.7999999999999963,16.915515409139218,0.19334218916046725,65.51168969181721,0,0,1,0,0,0,0
941,51960,91.5,69.0,80.5,2.8,11.0,3.9,1911,445,0.0,8,53.45788043478261,69.5,15.5,0.0,29.315,41.966987,-87.674677,8,53364.64968152866,80.5,0.6236730360934183,15.5,91.5,69.0,8.0,2.7999999999999963,16.909235668789805,0.1931369426751589,65.51592356687898,0,0,0,1,0,0,0
942,51960,91.5,69.0,80.5,2.8,11.0,3.9,1911,445,0.0,8,53.45788043478261,69.5,15.5,0.0,29.315,41.963976,-87.69181,8,53363.160127253446,80.5,0.6230116648992576,15.5,91.5,69.0,8.0,2.7999999999999963,16.902969247083774,0.19293213149522767,65.52014846235419,0,0,1,0,0,0,0
943,51840,91.0,71.5,81.5,6.0,24.5,6.5500000000000025,1910,446,0.0,8,53.45788043478261,71.5,16.5,0.0,29.285,41.822536,-87.66634300000004,8,53361.54661016949,80.5,0.6223516949152542,15.5,91.5,69.0,8.0,2.7999999999999963,16.911016949152547,0.1927277542372878,65.52648305084746,0,0,1,0,0,0,0
944,51840,91.0,71.5,81.5,6.0,24.5,6.5500000000000025,1910,446,0.0,8,53.45788043478261,71.5,16.5,0.0,29.285,41.822536,-87.66634300000004,8,53359.936507936516,80.5,0.6216931216931217,15.5,91.5,69.0,8.0,2.7999999999999963,16.919047619047618,0.1925238095238092,65.53280423280424,0,0,0,1,0,0,0
945,51840,91.0,71.5,81.5,6.0,24.5,6.5500000000000025,1910,446,0.0,8,53.45788043478261,71.5,16.5,0.0,29.285,41.778748,-87.586427,8,53358.32980972517,80.5,0.6210359408033826,15.5,91.5,69.0,8.0,2.7999999999999963,16.927061310782243,0.1923202959830864,65.53911205073996,0,0,0,1,0,0,0
946,51840,91.0,71.5,81.5,6.0,24.5,6.5500000000000025,1910,446,0.0,8,53.45788043478261,71.5,16.5,0.0,29.285,41.821582,-87.62779599999998,8,53356.726504751845,80.5,0.6203801478352693,15.5,91.5,69.0,8.0,2.7999999999999963,16.935058078141502,0.1921172122492077,65.54540654699049,0,0,1,0,0,0,0
947,51840,91.0,71.5,81.5,6.0,24.5,6.5500000000000025,1910,446,0.0,8,53.45788043478261,71.5,16.5,0.0,29.285,41.821582,-87.62779599999998,8,53355.12658227848,80.5,0.6197257383966245,15.5,91.5,69.0,8.0,2.7999999999999963,16.943037974683545,0.19191455696202497,65.55168776371308,0,0,0,1,0,0,0
948,51840,91.0,71.5,81.5,6.0,24.5,6.5500000000000025,1910,446,0.0,8,53.45788043478261,71.5,16.5,0.0,29.285,41.803423,-87.642984,8,53353.530031612216,80.5,0.619072708113804,15.5,91.5,69.0,8.0,2.7999999999999963,16.95100105374078,0.19171232876712296,65.55795574288724,0,0,1,0,0,0,0
949,51840,91.0,71.5,81.5,6.0,24.5,6.5500000000000025,1910,446,0.0,8,53.45788043478261,71.5,16.5,0.0,29.285,41.803423,-87.642984,8,53351.936842105264,80.5,0.618421052631579,15.5,91.5,69.0,8.0,2.7999999999999963,16.958947368421054,0.1915105263157892,65.56421052631579,0,0,0,1,0,0,0
950,51840,91.0,71.5,81.5,6.0,24.5,6.5500000000000025,1910,446,0.0,8,53.45788043478261,71.5,16.5,0.0,29.285,41.754292,-87.590773,8,53350.34700315457,81.5,0.617770767613039,16.5,91.0,69.0,8.0,2.7999999999999963,16.966876971608833,0.1913091482649839,65.57045215562566,0,1,0,0,0,0,0
951,51840,91.0,71.5,81.5,6.0,24.5,6.5500000000000025,1910,446,0.0,8,53.45788043478261,71.5,16.5,0.0,29.285,41.754292,-87.590773,8,53348.76050420168,81.5,0.6171218487394958,16.5,91.0,69.0,8.0,2.7999999999999963,16.974789915966387,0.1911081932773106,65.57668067226889,0,0,1,0,0,0,0
952,51840,91.0,71.5,81.5,6.0,24.5,6.5500000000000025,1910,446,0.0,8,53.45788043478261,71.5,16.5,0.0,29.285,41.692555,-87.598865,8,53347.177334732434,81.5,0.6164742917103883,16.5,91.0,69.0,8.0,2.7999999999999963,16.982686253934947,0.19090766002098605,65.5828961175236,0,0,1,0,0,0,0
953,51840,91.0,71.5,81.5,6.0,24.5,6.5500000000000025,1910,446,0.0,8,53.45788043478261,71.5,16.5,0.0,29.285,41.721474,-87.648064,8,53345.59748427673,81.5,0.6158280922431866,16.5,91.0,71.5,8.0,2.7999999999999963,16.99056603773585,0.19070754716981103,65.58909853249476,0,0,1,0,0,0,0
954,51840,91.0,71.5,81.5,6.0,24.5,6.5500000000000025,1910,446,0.0,8,53.45788043478261,71.5,16.5,0.0,29.285,41.721474,-87.648064,8,53344.02094240838,81.5,0.6151832460732984,16.5,91.0,71.5,8.0,2.7999999999999963,16.998429319371727,0.19050785340314105,65.59528795811518,0,0,0,1,0,0,0
955,51840,91.0,71.5,81.5,6.0,24.5,6.5500000000000025,1910,446,0.0,8,53.45788043478261,71.5,16.5,0.0,29.285,41.688324,-87.676709,8,53342.44769874476,81.5,0.6145397489539749,16.5,91.0,71.5,8.0,2.7999999999999963,17.006276150627617,0.1903085774058574,65.60146443514644,0,0,1,0,0,0,0
956,51840,91.0,71.5,81.5,6.0,24.5,6.5500000000000025,1910,446,0.0,8,53.45788043478261,71.5,16.5,0.0,29.285,41.688324,-87.676709,8,53340.87774294671,81.5,0.6138975966562173,16.5,91.0,71.5,8.0,2.7999999999999963,17.0141065830721,0.19010971786833825,65.60762800417973,0,0,0,1,0,0,0
957,51840,91.0,71.5,81.5,6.0,24.5,6.5500000000000025,1910,446,0.0,8,53.45788043478261,71.5,16.5,0.0,29.285,41.869107,-87.69629300000004,8,53339.31106471817,81.5,0.6132567849686847,16.5,91.0,71.5,8.0,2.7999999999999963,17.021920668058456,0.18991127348642972,65.61377870563675,0,1,0,0,0,0,0
958,51840,91.0,71.5,81.5,6.0,24.5,6.5500000000000025,1910,446,0.0,8,53.45788043478261,71.5,16.5,0.0,29.285,41.869107,-87.69629300000004,8,53337.74765380606,81.5,0.6126173096976016,16.5,91.0,71.5,8.0,2.7999999999999963,17.029718456725753,0.1897132429614178,65.61991657977059,0,0,1,0,0,0,0
959,51840,91.0,71.5,81.5,6.0,24.5,6.5500000000000025,1910,446,0.0,8,53.45788043478261,71.5,16.5,0.0,29.285,41.869107,-87.69629300000004,8,53336.1875,81.5,0.6119791666666666,16.5,91.0,71.5,8.0,2.7999999999999963,17.0375,0.1895156249999997,65.62604166666667,0,0,0,1,0,0,0
960,51840,91.0,71.5,81.5,6.0,24.5,6.5500000000000025,1910,446,0.0,8,53.45788043478261,71.5,16.5,0.0,29.285,41.723195,-87.64997,8,53334.630593132155,81.5,0.6113423517169615,16.5,91.0,71.5,8.0,2.7999999999999963,17.045265348595215,0.18931841831425567,65.6321540062435,0,0,1,0,0,0,0
961,51840,91.0,71.5,81.5,6.0,24.5,6.5500000000000025,1910,446,0.0,8,53.45788043478261,71.5,16.5,0.0,29.285,41.868077,-87.666901,8,53333.076923076915,81.5,0.6107068607068608,16.5,91.0,71.5,8.0,2.7999999999999963,17.053014553014552,0.1891216216216213,65.63825363825364,0,0,1,0,0,0,0
962,51840,91.0,71.5,81.5,6.0,24.5,6.5500000000000025,1910,446,0.0,8,53.45788043478261,71.5,16.5,0.0,29.285,41.868077,-87.666901,8,53331.526479750784,81.5,0.6100726895119418,16.5,91.0,71.5,8.0,2.7999999999999963,17.060747663551403,0.1889252336448595,65.64434060228453,0,0,0,1,0,0,0
963,51840,91.0,71.5,81.5,6.0,24.5,6.5500000000000025,1910,446,0.0,8,53.45788043478261,71.5,16.5,0.0,29.285,41.862292,-87.64886,8,53329.97925311203,81.5,0.6094398340248963,16.5,91.0,71.5,8.0,2.7999999999999963,17.068464730290458,0.18872925311203287,65.65041493775934,0,0,1,0,0,0,0
964,51840,91.0,71.5,81.5,6.0,24.5,6.5500000000000025,1910,446,0.0,8,53.45788043478261,71.5,16.5,0.0,29.285,41.862292,-87.64886,8,53328.43523316061,81.5,0.6088082901554405,16.5,91.0,71.5,8.0,2.7999999999999963,17.076165803108807,0.1885336787564764,65.65647668393783,0,0,0,1,0,0,0
965,51840,91.0,71.5,81.5,6.0,24.5,6.5500000000000025,1910,446,0.0,8,53.45788043478261,71.5,16.5,0.0,29.285,41.869216,-87.627561,8,53326.89440993789,81.5,0.6081780538302277,16.5,91.0,71.5,8.0,2.7999999999999963,17.08385093167702,0.18833850931676988,65.66252587991718,0,1,0,0,0,0,0
966,51840,91.0,71.5,81.5,6.0,24.5,6.5500000000000025,1910,446,0.0,8,53.45788043478261,71.5,16.5,0.0,29.285,41.869216,-87.627561,8,53325.356773526364,81.5,0.6075491209927611,16.5,91.0,71.5,8.0,2.7999999999999963,17.091520165460185,0.18814374353671115,65.66856256463288,0,0,1,0,0,0,0
967,51840,91.0,71.5,81.5,6.0,24.5,6.5500000000000025,1910,446,0.0,8,53.45788043478261,71.5,16.5,0.0,29.285,41.704336,-87.70373599999998,8,53323.82231404959,81.5,0.6069214876033058,16.5,91.0,71.5,8.0,2.7999999999999963,17.09917355371901,0.18794938016528892,65.6745867768595,0,0,1,0,0,0,0
968,51840,91.0,71.5,81.5,6.0,24.5,6.5500000000000025,1910,446,0.0,8,53.45788043478261,71.5,16.5,0.0,29.285,41.731922,-87.677512,8,53322.29102167184,81.5,0.6062951496388029,16.5,91.0,71.5,8.0,2.7999999999999963,17.106811145510836,0.18775541795665604,65.68059855521156,0,1,0,0,0,0,0
969,51840,91.0,71.5,81.5,6.0,24.5,6.5500000000000025,1910,446,0.0,8,53.45788043478261,71.5,16.5,0.0,29.285,41.731922,-87.677512,8,53320.76288659794,81.5,0.6056701030927835,16.5,91.0,71.5,8.0,2.7999999999999963,17.114432989690723,0.1875618556701028,65.68659793814433,0,0,1,0,0,0,0
970,51840,91.0,71.5,81.5,6.0,24.5,6.5500000000000025,1910,446,0.0,8,53.45788043478261,71.5,16.5,0.0,29.285,41.731922,-87.677512,8,53319.237899073116,81.5,0.6050463439752832,16.5,91.0,71.5,8.0,2.7999999999999963,17.122039134912466,0.18736869207003054,65.69258496395469,0,0,0,1,0,0,0
971,51840,91.0,71.5,81.5,6.0,24.5,6.5500000000000025,1910,446,0.0,8,53.45788043478261,71.5,16.5,0.0,29.285,41.731922,-87.677512,8,53317.71604938272,81.5,0.6044238683127572,16.5,91.0,71.5,8.0,5.999999999999997,17.12962962962963,0.1871759259259256,65.69855967078189,0,0,0,0,1,0,0
972,51840,91.0,71.5,81.5,6.0,24.5,6.5500000000000025,1910,446,0.0,8,53.45788043478261,71.5,16.5,0.0,29.285,41.644612,-87.60449799999998,8,53316.197327852,81.5,0.6038026721479959,16.5,91.0,71.5,8.0,5.9999999999999964,17.13720452209661,0.18698355601233269,65.70452209660843,0,1,0,0,0,0,0
973,51840,91.0,71.5,81.5,6.0,24.5,6.5500000000000025,1910,446,0.0,8,53.45788043478261,71.5,16.5,0.0,29.285,41.644612,-87.60449799999998,8,53314.681724846,81.5,0.6031827515400411,16.5,91.0,71.5,8.0,5.9999999999999964,17.144763860369608,0.18679158110882926,65.71047227926078,0,0,1,0,0,0,0
974,51840,91.0,71.5,81.5,6.0,24.5,6.5500000000000025,1910,446,0.0,8,53.45788043478261,71.5,16.5,0.0,29.285,41.733643,-87.55551,8,53313.16923076923,81.5,0.6025641025641025,16.5,91.0,71.5,8.0,5.9999999999999964,17.15230769230769,0.18659999999999968,65.71641025641026,0,1,0,0,0,0,0
975,51840,91.0,71.5,81.5,6.0,24.5,6.5500000000000025,1910,446,0.0,8,53.45788043478261,71.5,16.5,0.0,29.285,41.733643,-87.55551,8,53311.659836065584,81.5,0.6019467213114754,16.5,91.0,71.5,8.0,5.9999999999999964,17.159836065573767,0.18640881147540952,65.72233606557378,0,0,1,0,0,0,0
976,51840,91.0,71.5,81.5,6.0,24.5,6.5500000000000025,1910,446,0.0,8,53.45788043478261,71.5,16.5,0.0,29.285,41.717753,-87.531657,8,53310.153531218006,81.5,0.6013306038894575,16.5,91.0,71.5,8.0,5.9999999999999964,17.16734902763562,0.18621801432958,65.72824974411463,0,1,0,0,0,0,0
977,51840,91.0,71.5,81.5,6.0,24.5,6.5500000000000025,1910,446,0.0,8,53.45788043478261,71.5,16.5,0.0,29.285,41.717753,-87.531657,8,53308.65030674847,81.5,0.6007157464212679,16.5,91.0,71.5,8.0,5.9999999999999964,17.174846625766868,0.1860276073619629,65.73415132924336,0,0,1,0,0,0,0
978,51840,91.0,71.5,81.5,6.0,24.5,6.5500000000000025,1910,446,0.0,8,53.45788043478261,71.5,16.5,0.0,29.285,41.750498,-87.605294,8,53307.15015321757,81.5,0.6001021450459653,16.5,91.0,71.5,8.0,5.9999999999999964,17.18232890704801,0.1858375893769149,65.74004085801839,0,1,0,0,0,0,0
979,51840,91.0,71.5,81.5,6.0,24.5,6.5500000000000025,1910,446,0.0,8,53.45788043478261,71.5,16.5,0.0,29.285,41.750498,-87.605294,8,53305.65306122449,81.5,0.5994897959183674,16.5,91.0,71.5,8.0,5.9999999999999964,17.18979591836735,0.1856479591836732,65.74591836734696,0,0,1,0,0,0,0
980,51840,91.0,71.5,81.5,6.0,24.5,6.5500000000000025,1910,446,0.0,8,53.45788043478261,71.5,16.5,0.0,29.285,41.750498,-87.605294,8,53304.159021406726,81.5,0.5988786952089704,16.5,91.0,71.5,8.0,5.9999999999999964,17.19724770642202,0.18545871559632995,65.75178389398573,0,0,0,1,0,0,0
981,51840,91.0,71.5,81.5,6.0,24.5,6.5500000000000025,1910,446,0.0,8,53.45788043478261,71.5,16.5,0.0,29.285,41.702724,-87.536497,8,53302.668024439925,81.5,0.5982688391038696,16.5,91.0,71.5,8.0,5.9999999999999964,17.20468431771894,0.18526985743380825,65.75763747454175,0,1,0,0,0,0,0
982,51840,91.0,71.5,81.5,6.0,24.5,6.5500000000000025,1910,446,0.0,8,53.45788043478261,71.5,16.5,0.0,29.285,41.702724,-87.536497,8,53301.18006103764,81.5,0.5976602238046795,16.5,91.0,71.5,8.0,5.9999999999999964,17.212105798575788,0.1850813835198369,65.76347914547304,0,0,1,0,0,0,0
983,51840,91.0,71.5,81.5,6.0,24.5,6.5500000000000025,1910,446,0.0,8,53.45788043478261,71.5,16.5,0.0,29.285,41.702724,-87.536497,8,53299.69512195122,81.5,0.5970528455284553,16.5,91.0,71.5,8.0,5.9999999999999964,17.219512195121947,0.1848932926829265,65.76930894308943,0,0,0,1,0,0,0
984,51840,91.0,71.5,81.5,6.0,24.5,6.5500000000000025,1910,446,0.0,8,53.45788043478261,71.5,16.5,0.0,29.285,41.702724,-87.536497,8,53298.21319796954,81.5,0.5964467005076142,16.5,91.0,71.5,8.0,5.9999999999999964,17.22690355329949,0.18470558375634485,65.7751269035533,0,0,0,0,0,0,1
985,51840,91.0,71.5,81.5,6.0,24.5,6.5500000000000025,1910,446,0.0,8,53.45788043478261,71.5,16.5,0.0,29.285,41.729669,-87.582699,8,53296.73427991887,81.5,0.5958417849898578,16.5,91.0,71.5,8.0,5.9999999999999964,17.234279918864097,0.18451825557809295,65.78093306288032,0,1,0,0,0,0,0
986,51840,91.0,71.5,81.5,6.0,24.5,6.5500000000000025,1910,446,0.0,8,53.45788043478261,71.5,16.5,0.0,29.285,41.729669,-87.582699,8,53295.25835866262,81.5,0.5952380952380952,16.5,91.0,71.5,8.0,5.9999999999999964,17.241641337386014,0.1843313069908812,65.78672745694023,0,0,1,0,0,0,0
987,51840,91.0,71.5,81.5,6.0,24.5,6.5500000000000025,1910,446,0.0,8,53.45788043478261,71.5,16.5,0.0,29.285,41.673408,-87.599862,8,53293.78542510122,81.5,0.5946356275303644,16.5,91.0,71.5,8.0,5.9999999999999964,17.248987854251013,0.18414473684210492,65.7925101214575,0,1,0,0,0,0,0
988,51840,91.0,71.5,81.5,6.0,24.5,6.5500000000000025,1910,446,0.0,8,53.45788043478261,71.5,16.5,0.0,29.285,41.673408,-87.599862,8,53292.31547017188,81.5,0.5940343781597573,16.5,91.0,71.5,8.0,5.9999999999999964,17.256319514661275,0.18395854398382167,65.79828109201213,0,0,1,0,0,0,0
989,51840,91.0,71.5,81.5,6.0,24.5,6.5500000000000025,1910,446,0.0,8,53.45788043478261,71.5,16.5,0.0,29.285,41.704572,-87.56566600000002,8,53290.84848484849,81.5,0.5934343434343434,16.5,91.0,71.5,8.0,5.9999999999999964,17.263636363636362,0.18377272727272692,65.80404040404039,0,1,0,0,0,0,0
990,51840,91.0,71.5,81.5,6.0,24.5,6.5500000000000025,1910,446,0.0,8,53.45788043478261,71.5,16.5,0.0,29.285,41.704572,-87.56566600000002,8,53289.38446014127,81.5,0.5928355196770938,16.5,91.0,71.5,8.0,5.9999999999999964,17.270938446014128,0.18358728557013088,65.80978809283552,0,0,1,0,0,0,0
991,51840,91.0,71.5,81.5,6.0,24.5,6.5500000000000025,1910,446,0.0,8,53.45788043478261,71.5,16.5,0.0,29.285,41.662014,-87.72460799999998,8,53287.923387096766,81.5,0.5922379032258065,16.5,91.0,71.5,8.0,5.9999999999999964,17.278225806451616,0.1834022177419352,65.81552419354838,0,1,0,0,0,0,0
992,51840,91.0,71.5,81.5,6.0,24.5,6.5500000000000025,1910,446,0.0,8,53.45788043478261,71.5,16.5,0.0,29.285,41.662014,-87.72460799999998,8,53286.465256797586,81.5,0.5916414904330313,16.5,91.0,71.5,8.0,5.9999999999999964,17.285498489425983,0.18321752265861,65.82124874118831,0,0,1,0,0,0,0
993,51840,91.0,71.5,81.5,6.0,24.5,6.5500000000000025,1910,446,0.0,8,53.45788043478261,71.5,16.5,0.0,29.285,41.662014,-87.72460799999998,8,53285.010060362176,81.5,0.5910462776659959,16.5,91.0,71.5,8.0,5.9999999999999964,17.292756539235413,0.18303319919517072,65.82696177062374,0,0,0,1,0,0,0
994,51840,91.0,71.5,81.5,6.0,24.5,6.5500000000000025,1910,446,0.0,8,53.45788043478261,71.5,16.5,0.0,29.285,41.72646500000001,-87.585413,8,53283.557788944716,81.5,0.5904522613065326,16.5,91.0,71.5,8.0,5.9999999999999964,17.3,0.18284924623115548,65.83266331658291,0,1,0,0,0,0,0
995,51840,91.0,71.5,81.5,6.0,24.5,6.5500000000000025,1910,446,0.0,8,53.45788043478261,71.5,16.5,0.0,29.285,41.72646500000001,-87.585413,8,53282.10843373494,81.5,0.589859437751004,16.5,91.0,71.5,8.0,5.9999999999999964,17.30722891566265,0.1826656626506021,65.83835341365462,0,0,1,0,0,0,0
996,51840,91.0,71.5,81.5,6.0,24.5,6.5500000000000025,1910,446,0.0,8,53.45788043478261,71.5,16.5,0.0,29.285,41.72646500000001,-87.585413,8,53280.66198595787,81.5,0.5892678034102307,16.5,91.0,71.5,8.0,5.9999999999999964,17.31444332998997,0.18248244734202576,65.84403209628887,0,0,0,1,0,0,0
997,51840,91.0,71.5,81.5,6.0,24.5,6.5500000000000025,1910,446,0.0,8,53.45788043478261,71.5,16.5,0.0,29.285,41.825902,-87.667827,8,53279.21843687375,81.5,0.5886773547094188,16.5,91.0,71.5,8.0,5.9999999999999964,17.321643286573146,0.18229959919839647,65.8496993987976,0,1,0,0,0,0,0
998,51840,91.0,71.5,81.5,6.0,24.5,6.5500000000000025,1910,446,0.0,8,53.45788043478261,71.5,16.5,0.0,29.285,41.682587,-87.707973,8,53277.77777777778,81.5,0.5880880880880881,16.5,91.0,71.5,8.0,5.9999999999999964,17.32882882882883,0.1821171171171168,65.85535535535536,0,1,0,0,0,0,0
999,51840,91.0,71.5,81.5,6.0,24.5,6.5500000000000025,1910,446,0.0,8,53.45788043478261,71.5,16.5,0.0,29.285,41.682587,-87.707973,8,53276.34,81.5,0.5875,16.5,91.0,71.5,8.0,5.9999999999999964,17.336,0.18193499999999968,65.861,0,0,1,0,0,0,0
1000,51840,91.0,71.5,81.5,6.0,24.5,6.5500000000000025,1910,446,0.0,8,53.45788043478261,71.5,16.5,0.0,29.285,41.682587,-87.707973,8,53274.90509490509,81.5,0.5869130869130871,16.5,91.0,71.5,8.0,5.9999999999999964,17.343156843156844,0.18175324675324644,65.86663336663337,0,0,0,1,0,0,0
1001,51840,91.0,71.5,81.5,6.0,24.5,6.5500000000000025,1910,446,0.0,8,53.45788043478261,71.5,16.5,0.0,29.285,41.903002,-87.68826700000002,8,53273.473053892216,81.5,0.5863273453093812,16.5,91.0,71.5,8.0,5.9999999999999964,17.350299401197606,0.18157185628742484,65.87225548902195,0,1,0,0,0,0,0
1002,51840,91.0,71.5,81.5,6.0,24.5,6.5500000000000025,1910,446,0.0,8,53.45788043478261,71.5,16.5,0.0,29.285,41.903002,-87.68826700000002,8,53272.043868394816,81.5,0.5857427716849452,16.5,91.0,71.5,8.0,5.9999999999999964,17.35742771684945,0.1813908275174473,65.8778664007976,0,0,1,0,0,0,0
1003,51840,91.0,71.5,81.5,6.0,24.5,6.5500000000000025,1910,446,0.0,8,53.45788043478261,71.5,16.5,0.0,29.285,41.719059,-87.675088,8,53270.61752988048,81.5,0.5851593625498008,16.5,91.0,71.5,8.0,5.9999999999999964,17.36454183266932,0.1812101593625495,65.88346613545815,0,1,0,0,0,0,0
1004,51840,91.0,71.5,81.5,6.0,24.5,6.5500000000000025,1910,446,0.0,8,53.45788043478261,71.5,16.5,0.0,29.285,41.719059,-87.675088,8,53269.194029850754,81.5,0.5845771144278606,16.5,91.0,71.5,8.0,5.9999999999999964,17.371641791044777,0.18102985074626834,65.88905472636816,0,0,1,0,0,0,0
1005,51840,91.0,71.5,81.5,6.0,24.5,6.5500000000000025,1910,446,0.0,8,53.45788043478261,71.5,16.5,0.0,29.285,41.719059,-87.675088,8,53267.773359840954,81.5,0.5839960238568589,16.5,91.0,71.5,8.0,5.9999999999999964,17.378727634194828,0.1808499005964212,65.89463220675944,0,0,0,1,0,0,0
1006,51840,91.0,71.5,81.5,6.0,24.5,6.5500000000000025,1910,446,0.0,8,53.45788043478261,71.5,16.5,0.0,29.285,41.725517,-87.61425799999998,8,53266.35551142006,81.5,0.583416087388282,16.5,91.0,71.5,8.0,5.9999999999999964,17.385799404170804,0.1806703078450841,65.90019860973186,0,0,1,0,0,0,0
1007,51840,91.0,71.5,81.5,6.0,24.5,6.5500000000000025,1910,446,0.0,8,53.45788043478261,71.5,16.5,0.0,29.285,41.678618,-87.559308,8,53264.940476190466,81.5,0.5828373015873016,16.5,91.0,71.5,8.0,5.9999999999999964,17.392857142857142,0.18049107142857115,65.90575396825396,0,1,0,0,0,0,0
1008,51840,91.0,71.5,81.5,6.0,24.5,6.5500000000000025,1910,446,0.0,8,53.45788043478261,71.5,16.5,0.0,29.285,41.678618,-87.559308,8,53263.52824578791,81.5,0.5822596630327056,16.5,91.0,71.5,8.0,5.9999999999999964,17.39990089197225,0.18031219028741294,65.91129831516352,0,0,1,0,0,0,0
1009,51840,91.0,71.5,81.5,6.0,24.5,6.5500000000000025,1910,446,0.0,8,53.45788043478261,71.5,16.5,0.0,29.285,41.678618,-87.559308,8,53262.11881188119,81.5,0.5816831683168316,16.5,91.0,71.5,8.0,5.9999999999999964,17.406930693069306,0.18013366336633632,65.91683168316831,0,0,0,0,0,0,1
1010,51840,91.0,71.5,81.5,6.0,24.5,6.5500000000000025,1910,446,0.0,8,53.45788043478261,71.5,16.5,0.0,29.285,41.737052,-87.54306700000002,8,53260.71216617211,81.5,0.5811078140454995,16.5,91.0,71.5,8.0,5.9999999999999964,17.41394658753709,0.179955489614243,65.92235410484669,0,0,1,0,0,0,0
1011,51840,91.0,71.5,81.5,6.0,24.5,6.5500000000000025,1910,446,0.0,8,53.45788043478261,71.5,16.5,0.0,29.285,41.740641,-87.546587,8,53259.308300395256,81.5,0.5805335968379447,16.5,91.0,71.5,8.0,5.9999999999999964,17.42094861660079,0.17977766798418945,65.92786561264822,0,1,0,0,0,0,0
1012,51840,91.0,71.5,81.5,6.0,24.5,6.5500000000000025,1910,446,0.0,8,53.45788043478261,71.5,16.5,0.0,29.285,41.740641,-87.546587,8,53257.90720631787,81.5,0.5799605133267522,16.5,91.0,71.5,8.0,5.9999999999999964,17.427936821322803,0.17960019743336594,65.93336623889438,0,0,1,0,0,0,0
1013,51840,91.0,71.5,81.5,6.0,24.5,6.5500000000000025,1910,446,0.0,8,53.45788043478261,71.5,16.5,0.0,29.285,41.740641,-87.546587,8,53256.50887573965,81.5,0.5793885601577909,16.5,91.0,71.5,8.0,5.9999999999999964,17.43491124260355,0.17942307692307666,65.93885601577911,0,0,0,1,0,0,0
1014,51840,91.0,71.5,81.5,6.0,24.5,6.5500000000000025,1910,446,0.0,8,53.45788043478261,71.5,16.5,0.0,29.285,41.740641,-87.546587,8,53255.113300492616,81.5,0.5788177339901478,16.5,91.0,71.5,8.0,5.9999999999999964,17.441871921182265,0.17924630541871892,65.94433497536946,0,0,0,0,0,0,1
1015,51840,91.0,71.5,81.5,6.0,24.5,6.5500000000000025,1910,446,0.0,8,53.45788043478261,71.5,16.5,0.0,29.285,41.680946,-87.535198,8,53253.720472440946,81.5,0.5782480314960631,16.5,91.0,71.5,8.0,5.9999999999999964,17.448818897637793,0.17906988188976347,65.9498031496063,0,1,0,0,0,0,0
1016,51840,91.0,71.5,81.5,6.0,24.5,6.5500000000000025,1910,446,0.0,8,53.45788043478261,71.5,16.5,0.0,29.285,41.680946,-87.535198,8,53252.33038348082,81.5,0.5776794493608652,16.5,91.0,71.5,8.0,5.9999999999999964,17.45575221238938,0.1788938053097342,65.95526057030483,0,0,1,0,0,0,0
1017,51840,91.0,71.5,81.5,6.0,24.5,6.5500000000000025,1910,446,0.0,8,53.45788043478261,71.5,16.5,0.0,29.285,41.680946,-87.535198,8,53250.943025540284,81.5,0.5771119842829077,16.5,91.0,71.5,8.0,5.9999999999999964,17.462671905697444,0.1787180746561883,65.96070726915521,0,0,0,1,0,0,0
1018,51840,91.0,71.5,81.5,6.0,24.5,6.5500000000000025,1910,446,0.0,8,53.45788043478261,71.5,16.5,0.0,29.285,41.680946,-87.535198,8,53249.558390579004,81.5,0.5765456329735035,16.5,91.0,71.5,8.0,5.9999999999999964,17.469578017664375,0.17854268891069647,65.96614327772326,0,0,0,0,0,0,1
1019,51840,91.0,71.5,81.5,6.0,24.5,6.5500000000000025,1910,446,0.0,8,53.45788043478261,71.5,16.5,0.0,29.285,41.686398,-87.531635,8,53248.176470588245,81.5,0.5759803921568627,16.5,91.0,71.5,8.0,5.9999999999999964,17.476470588235294,0.1783676470588232,65.97156862745098,0,0,1,0,0,0,0
1020,51840,91.0,71.5,81.5,6.0,24.5,6.5500000000000025,1910,446,0.0,8,53.45788043478261,71.5,16.5,0.0,29.285,41.686398,-87.531635,8,53246.797257590595,81.5,0.5754162585700294,16.5,91.0,71.5,8.0,5.9999999999999964,17.483349657198826,0.17819294809010744,65.9769833496572,0,0,0,1,0,0,0
1021,51840,91.0,71.5,81.5,6.0,24.5,6.5500000000000025,1910,446,0.0,8,53.45788043478261,71.5,16.5,0.0,29.285,41.686398,-87.531635,8,53245.42074363992,81.5,0.574853228962818,16.5,91.0,71.5,8.0,5.9999999999999964,17.490215264187867,0.17801859099804276,65.98238747553816,0,0,0,0,0,0,1
1022,51720,89.0,71.0,80.5,3.0,4.5,5.75,1909,447,0.0,7,53.45788043478261,66.5,15.5,0.0,29.335,41.686398,-87.531635,8,53243.92961876833,81.5,0.5742913000977518,16.5,91.0,71.5,8.0,5.9999999999999964,17.477517106549364,0.17784457478005836,65.9828934506354,0,1,0,0,0,0,0
1023,51720,89.0,71.0,80.5,3.0,4.5,5.75,1909,447,0.0,7,53.45788043478261,66.5,15.5,0.0,29.335,41.686398,-87.531635,8,53242.44140625,81.5,0.57373046875,16.5,91.0,71.5,8.0,5.9999999999999964,17.46484375,0.1776708984374997,65.9833984375,0,0,1,0,0,0,0
1024,51180,91.5,72.5,82.5,6.25,24.5,8.9,1904,451,0.0,9,53.45788043478261,76.0,17.5,0.685,29.085,41.953705,-87.733974,8,53240.42926829268,81.5,0.573170731707317,16.5,91.0,71.5,8.0,5.9999999999999964,17.471707317073168,0.1781658536585363,65.99317073170732,0,1,0,0,0,0,0
1025,51180,91.5,72.5,82.5,6.25,24.5,8.9,1904,451,0.0,9,53.45788043478261,76.0,17.5,0.685,29.085,41.953705,-87.733974,8,53238.42105263158,81.5,0.5726120857699805,16.5,91.0,71.5,8.0,5.9999999999999964,17.478557504873294,0.1786598440545806,66.00292397660819,0,0,1,0,0,0,0
1026,51180,91.5,72.5,82.5,6.25,24.5,8.9,1904,451,0.0,9,53.45788043478261,76.0,17.5,0.685,29.085,41.95469,-87.800991,8,53236.41674780916,81.5,0.5720545277507303,16.5,91.0,71.5,8.0,5.9999999999999964,17.48539435248296,0.1791528724440114,66.0126582278481,0,1,0,0,0,0,0
1027,51180,91.5,72.5,82.5,6.25,24.5,8.9,1904,451,0.0,9,53.45788043478261,76.0,17.5,0.685,29.085,41.95469,-87.800991,8,53234.41634241245,81.5,0.5714980544747081,16.5,91.0,71.5,8.0,5.9999999999999964,17.492217898832685,0.17964494163424094,66.02237354085604,0,0,1,0,0,0,0
1028,51180,91.5,72.5,82.5,6.25,24.5,8.9,1904,451,0.0,9,53.45788043478261,76.0,17.5,0.685,29.085,41.95469,-87.800991,8,53232.41982507289,81.5,0.5709426627793974,16.5,91.0,71.5,8.0,5.9999999999999964,17.499028182701654,0.18013605442176842,66.03206997084548,0,0,0,1,0,0,0
1029,51180,91.5,72.5,82.5,6.25,24.5,8.9,1904,451,0.0,9,53.45788043478261,76.0,17.5,0.685,29.085,41.964242,-87.757639,8,53230.42718446602,80.5,0.5703883495145631,15.5,89.0,71.5,7.0,5.9999999999999964,17.505825242718448,0.18062621359223271,66.04174757281554,0,1,0,0,0,0,0
1030,51180,91.5,72.5,82.5,6.25,24.5,8.9,1904,451,0.0,9,53.45788043478261,76.0,17.5,0.685,29.085,41.964242,-87.757639,8,53228.43840931135,80.5,0.569835111542192,15.5,89.0,71.5,7.0,5.9999999999999964,17.512609117361784,0.18111542192046529,66.0514064015519,0,0,1,0,0,0,0
1031,51180,91.5,72.5,82.5,6.25,24.5,8.9,1904,451,0.0,9,53.45788043478261,76.0,17.5,0.685,29.085,41.990284,-87.797127,8,53226.45348837209,82.5,0.5692829457364341,17.5,91.5,71.5,9.0,5.9999999999999964,17.51937984496124,0.18160368217054235,66.06104651162791,0,1,0,0,0,0,0
1032,51180,91.5,72.5,82.5,6.25,24.5,8.9,1904,451,0.0,9,53.45788043478261,76.0,17.5,0.685,29.085,41.990284,-87.797127,8,53224.47241045498,82.5,0.5687318489835431,17.5,91.5,71.0,9.0,5.9999999999999964,17.526137463697967,0.1820909970958371,66.07066795740562,0,0,1,0,0,0,0
1033,51180,91.5,72.5,82.5,6.25,24.5,8.9,1904,451,0.0,9,53.45788043478261,76.0,17.5,0.685,29.085,41.994991,-87.769279,8,53222.49516441006,82.5,0.5681818181818182,17.5,91.5,71.0,9.0,5.9999999999999964,17.532882011605412,0.1825773694390713,66.08027079303675,0,1,0,0,0,0,0
1034,51180,91.5,72.5,82.5,6.25,24.5,8.9,1904,451,0.0,9,53.45788043478261,76.0,17.5,0.685,29.085,41.994991,-87.769279,8,53220.52173913043,82.5,0.5676328502415459,17.5,91.5,72.5,9.0,5.9999999999999964,17.539613526570047,0.18306280193236688,66.08985507246376,0,0,1,0,0,0,0
1035,51180,91.5,72.5,82.5,6.25,24.5,8.9,1904,451,0.0,9,53.45788043478261,76.0,17.5,0.685,29.085,42.008314,-87.77792099999998,8,53218.552123552116,82.5,0.5670849420849421,17.5,91.5,72.5,9.0,5.9999999999999964,17.546332046332047,0.18354729729729705,66.09942084942085,0,1,0,0,0,0,0
1036,51180,91.5,72.5,82.5,6.25,24.5,8.9,1904,451,0.0,9,53.45788043478261,76.0,17.5,0.685,29.085,42.008314,-87.77792099999998,8,53216.58630665381,82.5,0.5665380906460945,17.5,91.5,72.5,9.0,5.9999999999999964,17.553037608486022,0.18403085824493706,66.1089681774349,0,0,1,0,0,0,0
1037,51180,91.5,72.5,82.5,6.25,24.5,8.9,1904,451,0.0,9,53.45788043478261,76.0,17.5,0.685,29.085,42.008314,-87.77792099999998,8,53214.62427745665,82.5,0.5659922928709056,17.5,91.5,72.5,9.0,5.9999999999999964,17.559730250481696,0.18451348747591492,66.11849710982659,0,0,0,1,0,0,0
1038,51180,91.5,72.5,82.5,6.25,24.5,8.9,1904,451,0.0,9,53.45788043478261,76.0,17.5,0.685,29.085,41.98196400000001,-87.812827,8,53212.66602502406,82.5,0.5654475457170356,17.5,91.5,72.5,9.0,5.9999999999999964,17.56641000962464,0.18499518768046166,66.12800769971126,0,1,0,0,0,0,0
1039,51180,91.5,72.5,82.5,6.25,24.5,8.9,1904,451,0.0,9,53.45788043478261,76.0,17.5,0.685,29.085,41.99247800000001,-87.862995,8,53210.71153846153,82.5,0.5649038461538461,17.5,91.5,72.5,9.0,5.9999999999999964,17.573076923076922,0.18547596153846127,66.1375,0,1,0,0,0,0,0
1040,51180,91.5,72.5,82.5,6.25,24.5,8.9,1904,451,0.0,9,53.45788043478261,76.0,17.5,0.685,29.085,41.98196400000001,-87.812827,8,53208.760806916434,82.5,0.5643611911623438,17.5,91.5,72.5,9.0,5.9999999999999964,17.579731027857832,0.1859558117195002,66.14697406340058,0,0,1,0,0,0,0
1041,51180,91.5,72.5,82.5,6.25,24.5,8.9,1904,451,0.0,9,53.45788043478261,76.0,17.5,0.685,29.085,41.99247800000001,-87.862995,8,53206.813819577736,82.5,0.5638195777351248,17.5,91.5,72.5,9.0,5.9999999999999964,17.58637236084453,0.1864347408829172,66.15642994241843,0,0,1,0,0,0,0
1042,51180,91.5,72.5,82.5,6.25,24.5,8.9,1904,451,0.0,9,53.45788043478261,76.0,17.5,0.685,29.085,41.98196400000001,-87.812827,8,53204.870565675934,82.5,0.5632790028763183,17.5,91.5,72.5,9.0,5.9999999999999964,17.59300095877277,0.1869127516778521,66.16586768935764,0,0,0,1,0,0,0
1043,51180,91.5,72.5,82.5,6.25,24.5,8.9,1904,451,0.0,9,53.45788043478261,76.0,17.5,0.685,29.085,41.99247800000001,-87.862995,8,53202.93103448276,82.5,0.5627394636015326,17.5,91.5,72.5,9.0,5.9999999999999964,17.59961685823755,0.1873898467432948,66.17528735632185,0,0,0,1,0,0,0
1044,51180,91.5,72.5,82.5,6.25,24.5,8.9,1904,451,0.0,9,53.45788043478261,76.0,17.5,0.685,29.085,41.944869,-87.832763,8,53200.995215311006,82.5,0.5622009569377989,17.5,91.5,72.5,9.0,5.9999999999999964,17.606220095693782,0.1878660287081337,66.18468899521531,0,1,0,0,0,0,0
1045,51180,91.5,72.5,82.5,6.25,24.5,8.9,1904,451,0.0,9,53.45788043478261,76.0,17.5,0.685,29.085,41.944869,-87.832763,8,53199.063097514336,82.5,0.5616634799235182,17.5,91.5,72.5,9.0,5.9999999999999964,17.61281070745698,0.18834130019120435,66.19407265774379,0,0,1,0,0,0,0
1046,51180,91.5,72.5,82.5,6.25,24.5,8.9,1904,451,0.0,9,53.45788043478261,76.0,17.5,0.685,29.085,41.944869,-87.832763,8,53197.1346704871,82.5,0.561127029608405,17.5,91.5,72.5,9.0,5.9999999999999964,17.619388729703918,0.1888156638013369,66.20343839541547,0,0,0,1,0,0,0
1047,51180,91.5,72.5,82.5,6.25,24.5,8.9,1904,451,0.0,9,53.45788043478261,76.0,17.5,0.685,29.085,41.991429,-87.747113,8,53195.20992366412,82.5,0.5605916030534351,17.5,91.5,72.5,9.0,5.9999999999999964,17.625954198473284,0.18928912213740434,66.21278625954199,0,1,0,0,0,0,0
1048,51180,91.5,72.5,82.5,6.25,24.5,8.9,1904,451,0.0,9,53.45788043478261,76.0,17.5,0.685,29.085,41.991429,-87.747113,8,53193.288846520496,82.5,0.5600571973307912,17.5,91.5,72.5,9.0,5.9999999999999964,17.632507149666353,0.18976167778836964,66.22211630123928,0,0,1,0,0,0,0
1049,51180,91.5,72.5,82.5,6.25,24.5,8.9,1904,451,0.0,9,53.45788043478261,76.0,17.5,0.685,29.085,41.970248,-87.787992,8,53191.37142857144,82.5,0.5595238095238095,17.5,91.5,72.5,9.0,5.9999999999999964,17.63904761904762,0.1902333333333331,66.23142857142857,0,1,0,0,0,0,0
1050,51180,91.5,72.5,82.5,6.25,24.5,8.9,1904,451,0.0,9,53.45788043478261,76.0,17.5,0.685,29.085,41.970248,-87.787992,8,53189.457659372034,82.5,0.5589914367269267,17.5,91.5,72.5,9.0,2.9999999999999964,17.645575642245483,0.1907040913415792,66.2407231208373,0,0,1,0,0,0,0
1051,51180,91.5,72.5,82.5,6.25,24.5,8.9,1904,451,0.0,9,53.45788043478261,76.0,17.5,0.685,29.085,41.974089,-87.824812,8,53187.54752851711,82.5,0.5584600760456274,17.5,91.5,72.5,9.0,2.9999999999999964,17.65209125475285,0.19117395437262333,66.25,0,1,0,0,0,0,0
1052,51180,91.5,72.5,82.5,6.25,24.5,8.9,1904,451,0.0,9,53.45788043478261,76.0,17.5,0.685,29.085,41.974089,-87.824812,8,53185.641025641016,82.5,0.5579297245963912,17.5,91.5,72.5,9.0,6.2499999999999964,17.658594491927825,0.19164292497625807,66.25925925925925,0,0,1,0,0,0,0
1053,51180,91.5,72.5,82.5,6.25,24.5,8.9,1904,451,0.0,9,53.45788043478261,76.0,17.5,0.685,29.085,41.974089,-87.824812,8,53183.73814041746,82.5,0.5574003795066413,17.5,91.5,72.5,9.0,6.2499999999999964,17.665085388994306,0.1921110056925994,66.2685009487666,0,0,0,1,0,0,0
1054,51180,91.5,72.5,82.5,6.25,24.5,8.9,1904,451,0.0,9,53.45788043478261,76.0,17.5,0.685,29.085,42.011601,-87.81150600000002,8,53181.83886255924,82.5,0.556872037914692,17.5,91.5,72.5,9.0,6.2499999999999964,17.671563981042652,0.19257819905213247,66.27772511848342,0,1,0,0,0,0,0
1055,51180,91.5,72.5,82.5,6.25,24.5,8.9,1904,451,0.0,9,53.45788043478261,76.0,17.5,0.685,29.085,42.011601,-87.81150600000002,8,53179.94318181818,82.5,0.556344696969697,17.5,91.5,72.5,9.0,6.2499999999999964,17.678030303030305,0.19304450757575736,66.28693181818181,0,0,1,0,0,0,0
1056,51180,91.5,72.5,82.5,6.25,24.5,8.9,1904,451,0.0,9,53.45788043478261,76.0,17.5,0.685,29.085,42.010412,-87.66214000000002,8,53178.05108798487,82.5,0.5558183538315988,17.5,91.5,72.5,9.0,6.2499999999999964,17.684484389782398,0.19350993377483425,66.2961210974456,0,0,1,0,0,0,0
1057,51180,91.5,72.5,82.5,6.25,24.5,8.9,1904,451,0.0,9,53.45788043478261,76.0,17.5,0.685,29.085,41.94983,-87.69845699999998,8,53176.16257088847,82.5,0.5552930056710775,17.5,91.5,72.5,9.0,6.2499999999999964,17.690926275992442,0.1939744801512285,66.30529300567107,0,1,0,0,0,0,0
1058,51180,91.5,72.5,82.5,6.25,24.5,8.9,1904,451,0.0,9,53.45788043478261,76.0,17.5,0.685,29.085,41.979243,-87.750938,8,53174.2776203966,82.5,0.5547686496694996,17.5,91.5,72.5,9.0,6.2499999999999964,17.69735599622285,0.19443814919735575,66.31444759206799,0,1,0,0,0,0,0
1059,51180,91.5,72.5,82.5,6.25,24.5,8.9,1904,451,0.0,9,53.45788043478261,76.0,17.5,0.685,29.085,41.979243,-87.750938,8,53172.3962264151,82.5,0.5542452830188679,17.5,91.5,72.5,9.0,6.2499999999999964,17.70377358490566,0.1949009433962262,66.32358490566038,0,0,1,0,0,0,0
1060,51180,91.5,72.5,82.5,6.25,24.5,8.9,1904,451,0.0,9,53.45788043478261,76.0,17.5,0.685,29.085,41.98480900000001,-87.728492,8,53170.51837888784,82.5,0.553722902921772,17.5,91.5,72.5,9.0,6.2499999999999964,17.710179076343074,0.19536286522148893,66.33270499528747,0,1,0,0,0,0,0
1061,51180,91.5,72.5,82.5,6.25,24.5,8.9,1904,451,0.0,9,53.45788043478261,76.0,17.5,0.685,29.085,41.98480900000001,-87.728492,8,53168.64406779661,82.5,0.553201506591337,17.5,91.5,72.5,9.0,6.2499999999999964,17.716572504708093,0.19582391713747624,66.34180790960453,0,0,1,0,0,0,0
1062,51180,91.5,72.5,82.5,6.25,24.5,8.9,1904,451,0.0,9,53.45788043478261,76.0,17.5,0.685,29.085,41.986921,-87.689778,8,53166.77328316087,82.5,0.5526810912511759,17.5,91.5,72.5,9.0,6.2499999999999964,17.72295390404516,0.1962841015992472,66.35089369708372,0,1,0,0,0,0,0
1063,51180,91.5,72.5,82.5,6.25,24.5,8.9,1904,451,0.0,9,53.45788043478261,76.0,17.5,0.685,29.085,41.986921,-87.689778,8,53164.906015037595,82.5,0.5521616541353384,17.5,91.5,72.5,9.0,6.2499999999999964,17.729323308270676,0.19674342105263135,66.35996240601504,0,0,1,0,0,0,0
1064,51180,91.5,72.5,82.5,6.25,24.5,8.9,1904,451,0.0,9,53.45788043478261,76.0,17.5,0.685,29.085,41.89923,-87.716788,8,53163.04225352113,82.5,0.5516431924882629,17.5,91.5,72.5,9.0,6.2499999999999964,17.73568075117371,0.1972018779342721,66.36901408450704,0,0,1,0,0,0,0
1065,51180,91.5,72.5,82.5,6.25,24.5,8.9,1904,451,0.0,9,53.45788043478261,76.0,17.5,0.685,29.085,41.801498,-87.763416,8,53161.18198874297,82.5,0.551125703564728,17.5,91.5,72.5,9.0,6.2499999999999964,17.742026266416513,0.1976594746716696,66.37804878048779,0,1,0,0,0,0,0
1066,51180,91.5,72.5,82.5,6.25,24.5,8.9,1904,451,0.0,9,53.45788043478261,76.0,17.5,0.685,29.085,41.801498,-87.763416,8,53159.325210871604,82.5,0.5506091846298032,17.5,91.5,72.5,9.0,6.2499999999999964,17.748359887535145,0.1981162136832238,66.38706654170572,0,0,1,0,0,0,0
1067,51180,91.5,72.5,82.5,6.25,24.5,8.9,1904,451,0.0,9,53.45788043478261,76.0,17.5,0.685,29.085,41.906638,-87.701431,8,53157.47191011236,82.5,0.5500936329588015,17.5,91.5,72.5,9.0,6.2499999999999964,17.754681647940075,0.19857209737827694,66.39606741573034,0,1,0,0,0,0,0
1068,51180,91.5,72.5,82.5,6.25,24.5,8.9,1904,451,0.0,9,53.45788043478261,76.0,17.5,0.685,29.085,41.906638,-87.701431,8,53155.62207670719,82.5,0.549579045837231,17.5,91.5,72.5,9.0,6.2499999999999964,17.760991580916745,0.19902712815715606,66.40505144995322,0,0,1,0,0,0,0
1069,51180,91.5,72.5,82.5,6.25,24.5,8.9,1904,451,0.0,9,53.45788043478261,76.0,17.5,0.685,29.085,41.843811,-87.686763,8,53153.77570093458,82.5,0.5490654205607477,17.5,91.5,72.5,9.0,6.2499999999999964,17.767289719626167,0.19948130841121475,66.41401869158878,0,1,0,0,0,0,0
1070,51180,91.5,72.5,82.5,6.25,24.5,8.9,1904,451,0.0,9,53.45788043478261,76.0,17.5,0.685,29.085,41.836644,-87.677737,8,53151.93277310924,82.5,0.5485527544351074,17.5,91.5,72.5,9.0,6.2499999999999964,17.773576097105508,0.19993464052287566,66.42296918767506,0,0,1,0,0,0,0
1071,51180,91.5,72.5,82.5,6.25,24.5,8.9,1904,451,0.0,9,53.45788043478261,76.0,17.5,0.685,29.085,41.763733,-87.742302,8,53150.09328358209,82.5,0.5480410447761194,17.5,91.5,72.5,9.0,6.2499999999999964,17.779850746268657,0.20038712686567145,66.43190298507463,0,0,1,0,0,0,0
1072,51180,91.5,72.5,82.5,6.25,24.5,8.9,1904,451,0.0,9,53.45788043478261,76.0,17.5,0.685,29.085,41.836644,-87.677737,8,53148.25722273998,82.5,0.5475302889095992,17.5,91.5,72.5,9.0,6.2499999999999964,17.786113699906803,0.2008387698042869,66.44082013047529,0,0,0,1,0,0,0
1073,51180,91.5,72.5,82.5,6.25,24.5,8.9,1904,451,0.0,9,53.45788043478261,76.0,17.5,0.685,29.085,41.763733,-87.742302,8,53146.42458100559,82.5,0.5470204841713222,17.5,91.5,72.5,9.0,6.2499999999999964,17.79236499068901,0.20128957169459946,66.44972067039106,0,0,0,1,0,0,0
1074,51180,91.5,72.5,82.5,6.25,24.5,8.9,1904,451,0.0,9,53.45788043478261,76.0,17.5,0.685,29.085,41.837085,-87.729384,8,53144.59534883722,82.5,0.5465116279069767,17.5,91.5,72.5,9.0,6.2499999999999964,17.79860465116279,0.2017395348837208,66.45860465116279,0,0,1,0,0,0,0
1075,51180,91.5,72.5,82.5,6.25,24.5,8.9,1904,451,0.0,9,53.45788043478261,76.0,17.5,0.685,29.085,41.921177,-87.79518,8,53142.76951672862,82.5,0.546003717472119,17.5,91.5,72.5,9.0,6.2499999999999964,17.804832713754646,0.202188661710037,66.46747211895911,0,1,0,0,0,0,0
1076,51180,91.5,72.5,82.5,6.25,24.5,8.9,1904,451,0.0,9,53.45788043478261,76.0,17.5,0.685,29.085,41.921177,-87.79518,8,53140.94707520892,82.5,0.5454967502321263,17.5,91.5,72.5,9.0,6.2499999999999964,17.81104921077066,0.2026369545032496,66.47632311977715,0,0,1,0,0,0,0
1077,51180,91.5,72.5,82.5,6.25,24.5,8.9,1904,451,0.0,9,53.45788043478261,76.0,17.5,0.685,29.085,41.911824,-87.726737,8,53139.1280148423,82.5,0.5449907235621522,17.5,91.5,72.5,9.0,6.2499999999999964,17.817254174397032,0.20308441558441545,66.48515769944342,0,1,0,0,0,0,0
1078,51180,91.5,72.5,82.5,6.25,24.5,8.9,1904,451,0.0,9,53.45788043478261,76.0,17.5,0.685,29.085,41.911824,-87.726737,8,53137.31232622799,82.5,0.5444856348470807,17.5,91.5,72.5,9.0,6.2499999999999964,17.82344763670065,0.20353104726598686,66.49397590361447,0,0,1,0,0,0,0
1079,51180,91.5,72.5,82.5,6.25,24.5,8.9,1904,451,0.0,9,53.45788043478261,76.0,17.5,0.685,29.085,41.857402,-87.694991,8,53135.5,82.5,0.5439814814814815,17.5,91.5,72.5,9.0,6.2499999999999964,17.82962962962963,0.2039768518518517,66.50277777777778,0,1,0,0,0,0,0
1080,51180,91.5,72.5,82.5,6.25,24.5,8.9,1904,451,0.0,9,53.45788043478261,76.0,17.5,0.685,29.085,41.9216,-87.666455,8,53133.691026827015,82.5,0.5434782608695652,17.5,91.5,72.5,9.0,6.2499999999999964,17.835800185013877,0.20442183163737265,66.51156336725255,0,1,0,0,0,0,0
1081,51180,91.5,72.5,82.5,6.25,24.5,8.9,1904,451,0.0,9,53.45788043478261,76.0,17.5,0.685,29.085,41.9216,-87.666455,8,53131.885397412196,82.5,0.5429759704251387,17.5,91.5,72.5,9.0,6.2499999999999964,17.84195933456562,0.2048659889094268,66.52033271719039,0,0,1,0,0,0,0
1082,51180,91.5,72.5,82.5,6.25,24.5,8.9,1904,451,0.0,9,53.45788043478261,76.0,17.5,0.685,29.085,41.891118,-87.65449100000002,8,53130.083102493074,82.5,0.5424746075715605,17.5,91.5,72.5,9.0,6.2499999999999964,17.84810710987996,0.2053093259464449,66.52908587257618,0,1,0,0,0,0,0
1083,51180,91.5,72.5,82.5,6.25,24.5,8.9,1904,451,0.0,9,53.45788043478261,76.0,17.5,0.685,29.085,41.891118,-87.65449100000002,8,53128.28413284133,82.5,0.5419741697416974,17.5,91.5,72.5,9.0,6.2499999999999964,17.854243542435427,0.20575184501845006,66.53782287822878,0,0,1,0,0,0,0
1084,51180,91.5,72.5,82.5,6.25,24.5,8.9,1904,451,0.0,9,53.45788043478261,76.0,17.5,0.685,29.085,41.867108,-87.654224,8,53126.488479262676,82.5,0.5414746543778802,17.5,91.5,72.5,9.0,6.2499999999999964,17.860368663594468,0.2061935483870966,66.54654377880185,0,1,0,0,0,0,0
1085,51180,91.5,72.5,82.5,6.25,24.5,8.9,1904,451,0.0,9,53.45788043478261,76.0,17.5,0.685,29.085,41.867108,-87.654224,8,53124.69613259669,82.5,0.5409760589318601,17.5,91.5,72.5,9.0,6.2499999999999964,17.86648250460405,0.20663443830570888,66.55524861878453,0,0,1,0,0,0,0
1086,51180,91.5,72.5,82.5,6.25,24.5,8.9,1904,451,0.0,9,53.45788043478261,76.0,17.5,0.685,29.085,41.896282,-87.655232,8,53122.90708371665,82.5,0.5404783808647654,17.5,91.5,72.5,9.0,6.2499999999999964,17.872585096596136,0.20707451701931906,66.5639374425023,0,1,0,0,0,0,0
1087,51180,91.5,72.5,82.5,6.25,24.5,8.9,1904,451,0.0,9,53.45788043478261,76.0,17.5,0.685,29.085,41.896282,-87.655232,8,53121.12132352941,82.5,0.5399816176470589,17.5,91.5,72.5,9.0,6.2499999999999964,17.878676470588232,0.20751378676470567,66.57261029411765,0,0,1,0,0,0,0
1088,51180,91.5,72.5,82.5,6.25,24.5,8.9,1904,451,0.0,9,53.45788043478261,76.0,17.5,0.685,29.085,41.919343,-87.694259,8,53119.338842975216,82.5,0.5394857667584939,17.5,91.5,72.5,9.0,6.2499999999999964,17.88475665748393,0.20795224977043145,66.58126721763085,0,1,0,0,0,0,0
1089,51180,91.5,72.5,82.5,6.25,24.5,8.9,1904,451,0.0,9,53.45788043478261,76.0,17.5,0.685,29.085,41.919343,-87.694259,8,53117.55963302752,82.5,0.5389908256880734,17.5,91.5,72.5,9.0,6.2499999999999964,17.890825688073395,0.20838990825688056,66.58990825688072,0,0,1,0,0,0,0
1090,51180,91.5,72.5,82.5,6.25,24.5,8.9,1904,451,0.0,9,53.45788043478261,76.0,17.5,0.685,29.085,41.921965,-87.632085,8,53115.78368469294,82.5,0.5384967919340055,17.5,91.5,72.5,9.0,6.2499999999999964,17.896883593033916,0.20882676443629686,66.59853345554536,0,0,1,0,0,0,0
1091,51180,91.5,72.5,82.5,6.25,24.5,8.9,1904,451,0.0,9,53.45788043478261,76.0,17.5,0.685,29.085,41.823065,-87.67837800000002,8,53114.01098901099,82.5,0.538003663003663,17.5,91.5,72.5,9.0,6.2499999999999964,17.902930402930398,0.2092628205128204,66.60714285714286,0,0,1,0,0,0,0
1092,51180,91.5,72.5,82.5,6.25,24.5,8.9,1904,451,0.0,9,53.45788043478261,76.0,17.5,0.685,29.085,41.801179,-87.679447,8,53112.24153705398,82.5,0.5375114364135407,17.5,91.5,72.5,9.0,6.2499999999999964,17.90896614821592,0.20969807868252505,66.61573650503202,0,1,0,0,0,0,0
1093,51180,91.5,72.5,82.5,6.25,24.5,8.9,1904,451,0.0,9,53.45788043478261,76.0,17.5,0.685,29.085,41.801179,-87.679447,8,53110.47531992688,82.5,0.5370201096892139,17.5,91.5,72.5,9.0,6.2499999999999964,17.914990859232176,0.21013254113345506,66.62431444241317,0,0,1,0,0,0,0
1094,51180,91.5,72.5,82.5,6.25,24.5,8.9,1904,451,0.0,9,53.45788043478261,76.0,17.5,0.685,29.085,41.82561,-87.726549,8,53108.71232876712,82.5,0.5365296803652968,17.5,91.5,72.5,9.0,6.2499999999999964,17.921004566210044,0.210566210045662,66.63287671232878,0,0,1,0,0,0,0
1095,51180,91.5,72.5,82.5,6.25,24.5,8.9,1904,451,0.0,9,53.45788043478261,76.0,17.5,0.685,29.085,41.778297,-87.752411,8,53106.95255474452,82.5,0.5360401459854015,17.5,91.5,72.5,9.0,6.2499999999999964,17.927007299270073,0.21099908759124075,66.64142335766424,0,1,0,0,0,0,0
1096,51180,91.5,72.5,82.5,6.25,24.5,8.9,1904,451,0.0,9,53.45788043478261,76.0,17.5,0.685,29.085,41.778297,-87.752411,8,53105.195989061074,82.5,0.5355515041020966,17.5,91.5,72.5,9.0,6.2499999999999964,17.932999088422967,0.21143117593436636,66.64995442114859,0,0,1,0,0,0,0
1097,51180,91.5,72.5,82.5,6.25,24.5,8.9,1904,451,0.0,9,53.45788043478261,76.0,17.5,0.685,29.085,41.77166,-87.703047,8,53103.44262295082,82.5,0.535063752276867,17.5,91.5,72.5,9.0,6.2499999999999964,17.93897996357013,0.2118624772313296,66.65846994535521,0,1,0,0,0,0,0
1098,51180,91.5,72.5,82.5,6.25,24.5,8.9,1904,451,0.0,9,53.45788043478261,76.0,17.5,0.685,29.085,41.759346,-87.745602,8,53101.692447679714,82.5,0.5345768880800728,17.5,91.5,72.5,9.0,6.2499999999999964,17.944949954504093,0.21229299363057316,66.66696997270246,0,1,0,0,0,0,0
1099,51180,91.5,72.5,82.5,6.25,24.5,8.9,1904,451,0.0,9,53.45788043478261,76.0,17.5,0.685,29.085,41.759346,-87.745602,8,53099.94545454546,82.5,0.5340909090909091,17.5,91.5,72.5,9.0,6.2499999999999964,17.95090909090909,0.21272272727272715,66.67545454545454,0,0,1,0,0,0,0
1100,51180,91.5,72.5,82.5,6.25,24.5,8.9,1904,451,0.0,9,53.45788043478261,76.0,17.5,0.685,29.085,41.768388,-87.678649,8,53098.20163487738,82.5,0.5336058128973661,17.5,91.5,72.5,9.0,6.2499999999999964,17.95685740236149,0.21315168029064474,66.68392370572208,0,0,1,0,0,0,0
1101,51180,91.5,72.5,82.5,6.25,24.5,8.9,1904,451,0.0,9,53.45788043478261,76.0,17.5,0.685,29.085,41.797616,-87.797894,8,53096.460980036296,82.5,0.5331215970961888,17.5,91.5,72.5,9.0,6.2499999999999964,17.96279491833031,0.21357985480943725,66.6923774954628,0,0,1,0,0,0,0
1102,51180,91.5,72.5,82.5,6.25,24.5,8.9,1904,451,0.0,9,53.45788043478261,76.0,17.5,0.685,29.085,41.773215,-87.60088,8,53094.723481414316,82.5,0.5326382592928377,17.5,91.5,72.5,9.0,6.2499999999999964,17.968721668177697,0.2140072529465094,66.70081595648233,0,1,0,0,0,0,0
1103,51180,91.5,72.5,82.5,6.25,24.5,8.9,1904,451,0.0,9,53.45788043478261,76.0,17.5,0.685,29.085,41.773215,-87.60088,8,53092.989130434784,82.5,0.5321557971014492,17.5,91.5,72.5,9.0,6.2499999999999964,17.97463768115942,0.2144338768115941,66.70923913043478,0,0,1,0,0,0,0
1104,51180,91.5,72.5,82.5,6.25,24.5,8.9,1904,451,0.0,9,53.45788043478261,76.0,17.5,0.685,29.085,41.822536,-87.66634300000004,8,53091.257918552044,82.5,0.5316742081447964,17.5,91.5,72.5,9.0,6.2499999999999964,17.980542986425334,0.2148597285067872,66.71764705882353,0,1,0,0,0,0,0
1105,51180,91.5,72.5,82.5,6.25,24.5,8.9,1904,451,0.0,9,53.45788043478261,76.0,17.5,0.685,29.085,41.822536,-87.66634300000004,8,53089.529837251364,82.5,0.5311934900542495,17.5,91.5,72.5,9.0,6.2499999999999964,17.98643761301989,0.21528481012658213,66.72603978300181,0,0,1,0,0,0,0
1106,51180,91.5,72.5,82.5,6.25,24.5,8.9,1904,451,0.0,9,53.45788043478261,76.0,17.5,0.685,29.085,41.822536,-87.66634300000004,8,53087.80487804878,82.5,0.5307136404697379,17.5,91.5,72.5,9.0,6.2499999999999964,17.992321589882568,0.21570912375790413,66.73441734417344,0,0,0,1,0,0,0
1107,51180,91.5,72.5,82.5,6.25,24.5,8.9,1904,451,0.0,9,53.45788043478261,76.0,17.5,0.685,29.085,41.799282,-87.585487,8,53086.08303249098,82.5,0.5302346570397112,17.5,91.5,72.5,9.0,6.2499999999999964,17.998194945848375,0.21613267148014428,66.7427797833935,0,1,0,0,0,0,0
1108,51180,91.5,72.5,82.5,6.25,24.5,8.9,1904,451,0.0,9,53.45788043478261,76.0,17.5,0.685,29.085,41.799282,-87.585487,8,53084.364292155085,82.5,0.5297565374211001,17.5,91.5,72.5,9.0,6.2499999999999964,18.004057709648333,0.21655545536519374,66.751127141569,0,0,1,0,0,0,0
1109,51180,91.5,72.5,82.5,6.25,24.5,8.9,1904,451,0.0,9,53.45788043478261,76.0,17.5,0.685,29.085,41.766202,-87.562889,8,53082.648648648654,82.5,0.5292792792792793,17.5,91.5,72.5,9.0,6.2499999999999964,18.00990990990991,0.21697747747747734,66.75945945945946,0,1,0,0,0,0,0
1110,51180,91.5,72.5,82.5,6.25,24.5,8.9,1904,451,0.0,9,53.45788043478261,76.0,17.5,0.685,29.085,41.766202,-87.562889,8,53080.936093609365,82.5,0.5288028802880288,17.5,91.5,72.5,9.0,6.2499999999999964,18.01575157515752,0.2173987398739873,66.76777677767778,0,0,1,0,0,0,0
1111,51180,91.5,72.5,82.5,6.25,24.5,8.9,1904,451,0.0,9,53.45788043478261,76.0,17.5,0.685,29.085,41.766202,-87.562889,8,53079.226618705026,82.5,0.5283273381294964,17.5,91.5,72.5,9.0,6.2499999999999964,18.02158273381295,0.21781924460431645,66.77607913669064,0,0,0,1,0,0,0
1112,51180,91.5,72.5,82.5,6.25,24.5,8.9,1904,451,0.0,9,53.45788043478261,76.0,17.5,0.685,29.085,41.754676,-87.612922,8,53077.52021563342,82.5,0.52785265049416,17.5,91.5,72.5,9.0,6.2499999999999964,18.027403414195867,0.21823899371069166,66.78436657681941,0,1,0,0,0,0,0
1113,51180,91.5,72.5,82.5,6.25,24.5,8.9,1904,451,0.0,9,53.45788043478261,76.0,17.5,0.685,29.085,41.754676,-87.612922,8,53075.81687612208,82.5,0.52737881508079,17.5,91.5,72.5,9.0,6.2499999999999964,18.03321364452424,0.21865798922800708,66.79263913824056,0,0,1,0,0,0,0
1114,51180,91.5,72.5,82.5,6.25,24.5,8.9,1904,451,0.0,9,53.45788043478261,76.0,17.5,0.685,29.085,41.821582,-87.62779599999998,8,53074.11659192825,82.5,0.5269058295964125,17.5,91.5,72.5,9.0,6.2499999999999964,18.0390134529148,0.2190762331838564,66.80089686098654,0,1,0,0,0,0,0
1115,51180,91.5,72.5,82.5,6.25,24.5,8.9,1904,451,0.0,9,53.45788043478261,76.0,17.5,0.685,29.085,41.821582,-87.62779599999998,8,53072.41935483871,82.5,0.5264336917562724,17.5,91.5,72.5,9.0,6.2499999999999964,18.044802867383517,0.21949372759856625,66.80913978494624,0,0,1,0,0,0,0
1116,51180,91.5,72.5,82.5,6.25,24.5,8.9,1904,451,0.0,9,53.45788043478261,76.0,17.5,0.685,29.085,41.821582,-87.62779599999998,8,53070.72515666965,82.5,0.5259623992837958,17.5,91.5,72.5,9.0,6.2499999999999964,18.050581915846017,0.2199104744852282,66.81736794986571,0,0,0,1,0,0,0
1117,51180,91.5,72.5,82.5,6.25,24.5,8.9,1904,451,0.0,9,53.45788043478261,76.0,17.5,0.685,29.085,41.803423,-87.642984,8,53069.03398926655,82.5,0.5254919499105546,17.5,91.5,72.5,9.0,6.2499999999999964,18.056350626118068,0.2203264758497316,66.82558139534882,0,1,0,0,0,0,0
1118,51180,91.5,72.5,82.5,6.25,24.5,8.9,1904,451,0.0,9,53.45788043478261,76.0,17.5,0.685,29.085,41.803423,-87.642984,8,53067.34584450402,82.5,0.5250223413762288,17.5,91.5,72.5,9.0,6.2499999999999964,18.062109025915998,0.22074173369079528,66.83378016085791,0,0,1,0,0,0,0
1119,51180,91.5,72.5,82.5,6.25,24.5,8.9,1904,451,0.0,9,53.45788043478261,76.0,17.5,0.685,29.085,41.754292,-87.590773,8,53065.660714285725,82.5,0.5245535714285714,17.5,91.5,72.5,9.0,6.2499999999999964,18.067857142857143,0.22115624999999992,66.84196428571428,0,1,0,0,0,0,0
1120,51180,91.5,72.5,82.5,6.25,24.5,8.9,1904,451,0.0,9,53.45788043478261,76.0,17.5,0.685,29.085,41.754292,-87.590773,8,53063.97859054416,82.5,0.524085637823372,17.5,91.5,72.5,9.0,6.2499999999999964,18.0735950044603,0.22157002676181967,66.85013380909902,0,0,1,0,0,0,0
1121,51180,91.5,72.5,82.5,6.25,24.5,8.9,1904,451,0.0,9,53.45788043478261,76.0,17.5,0.685,29.085,41.692555,-87.598865,8,53062.299465240634,82.5,0.5236185383244206,17.5,91.5,72.5,9.0,6.2499999999999964,18.079322638146166,0.2219830659536541,66.85828877005348,0,1,0,0,0,0,0
1122,51180,91.5,72.5,82.5,6.25,24.5,8.9,1904,451,0.0,9,53.45788043478261,76.0,17.5,0.685,29.085,41.692555,-87.598865,8,53060.623330365095,82.5,0.5231522707034728,17.5,91.5,72.5,9.0,6.2499999999999964,18.085040071237763,0.22239536954585926,66.86642920747997,0,0,1,0,0,0,0
1123,51180,91.5,72.5,82.5,6.25,24.5,8.9,1904,451,0.0,9,53.45788043478261,76.0,17.5,0.685,29.085,41.721474,-87.648064,8,53058.950177935934,82.5,0.5226868327402135,17.5,91.5,72.5,9.0,6.2499999999999964,18.090747330960856,0.2228069395017793,66.87455516014235,0,0,1,0,0,0,0
1124,51180,91.5,72.5,82.5,6.25,24.5,8.9,1904,451,0.0,9,53.45788043478261,76.0,17.5,0.685,29.085,41.721474,-87.648064,8,53057.28,82.5,0.5222222222222223,17.5,91.5,72.5,9.0,6.2499999999999964,18.096444444444444,0.2232177777777777,66.88266666666667,0,0,0,1,0,0,0
1125,51180,91.5,72.5,82.5,6.25,24.5,8.9,1904,451,0.0,9,53.45788043478261,76.0,17.5,0.685,29.085,41.688324,-87.676709,8,53055.61278863234,82.5,0.5217584369449378,17.5,91.5,72.5,9.0,6.2499999999999964,18.102131438721138,0.22362788632326813,66.89076376554172,0,1,0,0,0,0,0
1126,51180,91.5,72.5,82.5,6.25,24.5,8.9,1904,451,0.0,9,53.45788043478261,76.0,17.5,0.685,29.085,41.688324,-87.676709,8,53053.94853593611,82.5,0.5212954747116237,17.5,91.5,72.5,9.0,6.2499999999999964,18.107808340727594,0.22403726708074528,66.89884649511978,0,0,1,0,0,0,0
1127,51180,91.5,72.5,82.5,6.25,24.5,8.9,1904,451,0.0,9,53.45788043478261,76.0,17.5,0.685,29.085,41.688324,-87.676709,8,53052.287234042546,82.5,0.5208333333333334,17.5,91.5,72.5,9.0,6.2499999999999964,18.113475177304963,0.22444592198581556,66.90691489361703,0,0,0,1,0,0,0
1128,51180,91.5,72.5,82.5,6.25,24.5,8.9,1904,451,0.0,9,53.45788043478261,76.0,17.5,0.685,29.085,41.869107,-87.69629300000004,8,53050.62887511072,82.5,0.5203720106288751,17.5,91.5,72.5,9.0,6.2499999999999964,18.119131975199288,0.2248538529672276,66.91496899911428,0,1,0,0,0,0,0
1129,51180,91.5,72.5,82.5,6.25,24.5,8.9,1904,451,0.0,9,53.45788043478261,76.0,17.5,0.685,29.085,41.723195,-87.64997,8,53048.97345132743,82.5,0.5199115044247787,17.5,91.5,72.5,9.0,6.2499999999999964,18.12477876106195,0.2252610619469026,66.92300884955752,0,1,0,0,0,0,0
1130,51180,91.5,72.5,82.5,6.25,24.5,8.9,1904,451,0.0,9,53.45788043478261,76.0,17.5,0.685,29.085,41.723195,-87.64997,8,53047.32095490716,82.5,0.5194518125552609,17.5,91.5,72.5,9.0,6.2499999999999964,18.130415561450047,0.22566755083996454,66.93103448275862,0,0,1,0,0,0,0
1131,51180,91.5,72.5,82.5,6.25,24.5,8.9,1904,451,0.0,9,53.45788043478261,76.0,17.5,0.685,29.085,41.868077,-87.666901,8,53045.671378091865,82.5,0.5189929328621908,17.5,91.5,72.5,9.0,6.2499999999999964,18.136042402826856,0.22607332155477025,66.93904593639576,0,1,0,0,0,0,0
1132,51180,91.5,72.5,82.5,6.25,24.5,8.9,1904,451,0.0,9,53.45788043478261,76.0,17.5,0.685,29.085,41.868077,-87.666901,8,53044.02471315093,82.5,0.5185348631950574,17.5,91.5,72.5,9.0,6.2499999999999964,18.141659311562226,0.22647837599293905,66.94704324801414,0,0,1,0,0,0,0
1133,51180,91.5,72.5,82.5,6.25,24.5,8.9,1904,451,0.0,9,53.45788043478261,76.0,17.5,0.685,29.085,41.868077,-87.666901,8,53042.380952380954,82.5,0.5180776014109347,17.5,91.5,72.5,9.0,6.2499999999999964,18.14726631393298,0.22688271604938265,66.95502645502647,0,0,0,1,0,0,0
1134,51180,91.5,72.5,82.5,6.25,24.5,8.9,1904,451,0.0,9,53.45788043478261,76.0,17.5,0.685,29.085,41.862292,-87.64886,8,53040.74008810573,82.5,0.5176211453744494,17.5,91.5,72.5,9.0,6.2499999999999964,18.152863436123347,0.2272863436123347,66.96299559471366,0,1,0,0,0,0,0
1135,51180,91.5,72.5,82.5,6.25,24.5,8.9,1904,451,0.0,9,53.45788043478261,76.0,17.5,0.685,29.085,41.862292,-87.64886,8,53039.10211267605,82.5,0.5171654929577465,17.5,91.5,72.5,9.0,6.2499999999999964,18.158450704225352,0.2276892605633802,66.97095070422536,0,0,1,0,0,0,0
1136,51180,91.5,72.5,82.5,6.25,24.5,8.9,1904,451,0.0,9,53.45788043478261,76.0,17.5,0.685,29.085,41.869216,-87.627561,8,53037.46701846966,82.5,0.5167106420404574,17.5,91.5,72.5,9.0,6.2499999999999964,18.164028144239225,0.2280914687774845,66.97889182058047,0,1,0,0,0,0,0
1137,51180,91.5,72.5,82.5,6.25,24.5,8.9,1904,451,0.0,9,53.45788043478261,76.0,17.5,0.685,29.085,41.869216,-87.627561,8,53035.83479789104,82.5,0.5162565905096661,17.5,91.5,72.5,9.0,6.2499999999999964,18.169595782073813,0.2284929701230228,66.98681898066783,0,0,1,0,0,0,0
1138,51180,91.5,72.5,82.5,6.25,24.5,8.9,1904,451,0.0,9,53.45788043478261,76.0,17.5,0.685,29.085,41.720848,-87.666014,8,53034.20544337138,82.5,0.5158033362598771,17.5,91.5,72.5,9.0,6.2499999999999964,18.17515364354697,0.2288937664618085,66.99473222124671,0,1,0,0,0,0,0
1139,51180,91.5,72.5,82.5,6.25,24.5,8.9,1904,451,0.0,9,53.45788043478261,76.0,17.5,0.685,29.085,41.720848,-87.666014,8,53032.57894736842,82.5,0.5153508771929824,17.5,91.5,72.5,9.0,6.2499999999999964,18.180701754385964,0.22929385964912274,67.00263157894736,0,0,1,0,0,0,0
1140,51180,91.5,72.5,82.5,6.25,24.5,8.9,1904,451,0.0,9,53.45788043478261,76.0,17.5,0.685,29.085,41.704336,-87.70373599999998,8,53030.95530236635,82.5,0.5148992112182296,17.5,91.5,72.5,9.0,6.2499999999999964,18.18624014022787,0.22969325153374226,67.01051709027168,0,0,1,0,0,0,0
1141,51180,91.5,72.5,82.5,6.25,24.5,8.9,1904,451,0.0,9,53.45788043478261,76.0,17.5,0.685,29.085,41.731922,-87.677512,8,53029.334500875666,82.5,0.5144483362521891,17.5,91.5,72.5,9.0,6.2499999999999964,18.191768826619967,0.2300919439579684,67.01838879159371,0,1,0,0,0,0,0
1142,51180,91.5,72.5,82.5,6.25,24.5,8.9,1904,451,0.0,9,53.45788043478261,76.0,17.5,0.685,29.085,41.731922,-87.677512,8,53027.716535433065,82.5,0.5139982502187227,17.5,91.5,72.5,9.0,6.2499999999999964,18.197287839020127,0.2304899387576552,67.0262467191601,0,0,1,0,0,0,0
1143,51180,91.5,72.5,82.5,6.25,24.5,8.9,1904,451,0.0,9,53.45788043478261,76.0,17.5,0.685,29.085,41.731922,-87.677512,8,53026.10139860139,82.5,0.513548951048951,17.5,91.5,72.5,9.0,6.2499999999999964,18.202797202797203,0.2308872377622377,67.0340909090909,0,0,0,1,0,0,0
1144,51180,91.5,72.5,82.5,6.25,24.5,8.9,1904,451,0.0,9,53.45788043478261,76.0,17.5,0.685,29.085,41.731922,-87.677512,8,53024.48908296944,82.5,0.5131004366812227,17.5,91.5,72.5,9.0,6.2499999999999964,18.208296943231442,0.23128384279475975,67.04192139737991,0,0,0,0,1,0,0
1145,51180,91.5,72.5,82.5,6.25,24.5,8.9,1904,451,0.0,9,53.45788043478261,76.0,17.5,0.685,29.085,41.644612,-87.60449799999998,8,53022.879581151836,82.5,0.5126527050610821,17.5,91.5,72.5,9.0,6.2499999999999964,18.213787085514838,0.23167975567190224,67.04973821989529,0,1,0,0,0,0,0
1146,51180,91.5,72.5,82.5,6.25,24.5,8.9,1904,451,0.0,9,53.45788043478261,76.0,17.5,0.685,29.085,41.644612,-87.60449799999998,8,53021.272885789025,82.5,0.5122057541412379,17.5,91.5,72.5,9.0,6.2499999999999964,18.219267654751526,0.2320749782040104,67.05754141238012,0,0,1,0,0,0,0
1147,51180,91.5,72.5,82.5,6.25,24.5,8.9,1904,451,0.0,9,53.45788043478261,76.0,17.5,0.685,29.085,41.733643,-87.55551,8,53019.66898954704,82.5,0.5117595818815331,17.5,91.5,72.5,9.0,6.2499999999999964,18.224738675958193,0.2324695121951219,67.06533101045297,0,1,0,0,0,0,0
1148,51180,91.5,72.5,82.5,6.25,24.5,8.9,1904,451,0.0,9,53.45788043478261,76.0,17.5,0.685,29.085,41.733643,-87.55551,8,53018.0678851175,82.5,0.5113141862489121,17.5,91.5,72.5,9.0,6.2499999999999964,18.230200174064407,0.23286335944299386,67.07310704960835,0,0,1,0,0,0,0
1149,51180,91.5,72.5,82.5,6.25,24.5,8.9,1904,451,0.0,9,53.45788043478261,76.0,17.5,0.685,29.085,41.717753,-87.531657,8,53016.46956521738,82.5,0.5108695652173914,17.5,91.5,72.5,9.0,6.2499999999999964,18.23565217391304,0.2332565217391304,67.0808695652174,0,1,0,0,0,0,0
1150,51180,91.5,72.5,82.5,6.25,24.5,8.9,1904,451,0.0,9,53.45788043478261,76.0,17.5,0.685,29.085,41.717753,-87.531657,8,53014.87402258905,82.5,0.5104257167680278,17.5,91.5,72.5,9.0,6.2499999999999964,18.241094700260643,0.2336490008688097,67.08861859252823,0,0,1,0,0,0,0
1151,51180,91.5,72.5,82.5,6.25,24.5,8.9,1904,451,0.0,9,53.45788043478261,76.0,17.5,0.685,29.085,41.750498,-87.605294,8,53013.28125,82.5,0.5099826388888888,17.5,91.5,72.5,9.0,6.2499999999999964,18.246527777777782,0.2340407986111111,67.09635416666667,0,1,0,0,0,0,0
1152,51180,91.5,72.5,82.5,6.25,24.5,8.9,1904,451,0.0,9,53.45788043478261,76.0,17.5,0.685,29.085,41.750498,-87.605294,8,53011.69124024284,82.5,0.5095403295750217,17.5,91.5,72.5,9.0,6.2499999999999964,18.25195143104944,0.23443191673894184,67.1040763226366,0,0,1,0,0,0,0
1153,51180,91.5,72.5,82.5,6.25,24.5,8.9,1904,451,0.0,9,53.45788043478261,76.0,17.5,0.685,29.085,41.750498,-87.605294,8,53010.10398613518,82.5,0.5090987868284229,17.5,91.5,72.5,9.0,6.2499999999999964,18.25736568457539,0.2348223570190641,67.11178509532064,0,0,0,1,0,0,0
1154,51180,91.5,72.5,82.5,6.25,24.5,8.9,1904,451,0.0,9,53.45788043478261,76.0,17.5,0.685,29.085,41.798697,-87.736812,8,53008.519480519484,82.5,0.5086580086580087,17.5,91.5,72.5,9.0,6.2499999999999964,18.26277056277056,0.2352121212121212,67.11948051948052,0,0,1,0,0,0,0
1155,51180,91.5,72.5,82.5,6.25,24.5,8.9,1904,451,0.0,9,53.45788043478261,76.0,17.5,0.685,29.085,41.891126,-87.61156,8,53006.937716262975,82.5,0.5082179930795848,17.5,91.5,72.5,9.0,6.2499999999999964,18.268166089965398,0.2356012110726643,67.12716262975779,0,0,1,0,0,0,0
1156,51180,91.5,72.5,82.5,6.25,24.5,8.9,1904,451,0.0,9,53.45788043478261,76.0,17.5,0.685,29.085,41.662014,-87.72460799999998,8,53005.35868625756,82.5,0.5077787381158168,17.5,91.5,72.5,9.0,6.2499999999999964,18.273552290406226,0.2359896283491789,67.13483146067415,0,1,0,0,0,0,0
1157,51180,91.5,72.5,82.5,6.25,24.5,8.9,1904,451,0.0,9,53.45788043478261,76.0,17.5,0.685,29.085,41.662014,-87.72460799999998,8,53003.78238341969,82.5,0.5073402417962003,17.5,91.5,72.5,9.0,6.2499999999999964,18.278929188255614,0.2363773747841105,67.14248704663214,0,0,1,0,0,0,0
1158,51180,91.5,72.5,82.5,6.25,24.5,8.9,1904,451,0.0,9,53.45788043478261,76.0,17.5,0.685,29.085,41.961743,-87.76007,8,53002.208800690256,82.5,0.5069025021570319,17.5,91.5,72.5,9.0,6.2499999999999964,18.284296807592753,0.2367644521138913,67.15012942191544,0,1,0,0,0,0,0
1159,51180,91.5,72.5,82.5,6.25,24.5,8.9,1904,451,0.0,9,53.45788043478261,76.0,17.5,0.685,29.085,41.961743,-87.76007,8,53000.63793103449,82.5,0.5064655172413793,17.5,91.5,72.5,9.0,6.2499999999999964,18.28965517241379,0.2371508620689655,67.15775862068965,0,0,1,0,0,0,0
1160,51180,91.5,72.5,82.5,6.25,24.5,8.9,1904,451,0.0,9,53.45788043478261,76.0,17.5,0.685,29.085,41.953067,-87.776792,8,52999.06976744186,82.5,0.5060292850990525,17.5,91.5,72.5,9.0,6.2499999999999964,18.29500430663221,0.2375366063738157,67.16537467700259,0,1,0,0,0,0,0
1161,51180,91.5,72.5,82.5,6.25,24.5,8.9,1904,451,0.0,9,53.45788043478261,76.0,17.5,0.685,29.085,41.953067,-87.776792,8,52997.50430292598,82.5,0.5055938037865749,17.5,91.5,72.5,9.0,6.2499999999999964,18.300344234079173,0.23792168674698794,67.17297762478485,0,0,1,0,0,0,0
1162,51180,91.5,72.5,82.5,6.25,24.5,8.9,1904,451,0.0,9,53.45788043478261,76.0,17.5,0.685,29.085,41.999129,-87.795585,8,52995.9415305245,82.5,0.5051590713671539,17.5,91.5,72.5,9.0,6.2499999999999964,18.30567497850387,0.23830610490111775,67.18056749785039,0,1,0,0,0,0,0
1163,51180,91.5,72.5,82.5,6.25,24.5,8.9,1904,451,0.0,9,53.45788043478261,76.0,17.5,0.685,29.085,41.999129,-87.795585,8,52994.38144329897,82.5,0.5047250859106529,17.5,91.5,72.5,9.0,6.2499999999999964,18.310996563573887,0.2386898625429553,67.1881443298969,0,0,1,0,0,0,0
1164,51180,91.5,72.5,82.5,6.25,24.5,8.9,1904,451,0.0,9,53.45788043478261,76.0,17.5,0.685,29.085,41.94016,-87.794896,8,52992.824034334764,82.5,0.5042918454935622,17.5,91.5,72.5,9.0,6.2499999999999964,18.316309012875536,0.2390729613733905,67.19570815450642,0,1,0,0,0,0,0
1165,51180,91.5,72.5,82.5,6.25,24.5,8.9,1904,451,0.0,9,53.45788043478261,76.0,17.5,0.685,29.085,41.94016,-87.794896,8,52991.269296741,82.5,0.5038593481989708,17.5,91.5,72.5,9.0,6.2499999999999964,18.32161234991424,0.2394554030874785,67.2032590051458,0,0,0,1,0,0,0
1166,51180,91.5,72.5,82.5,6.25,24.5,8.9,1904,451,0.0,9,53.45788043478261,76.0,17.5,0.685,29.085,41.878114,-87.629798,8,52989.71722365038,82.5,0.5034275921165381,17.5,91.5,72.5,9.0,6.2499999999999964,18.326906598114824,0.23983718937446444,67.21079691516711,0,1,0,0,0,0,0
1167,51180,91.5,72.5,82.5,6.25,24.5,8.9,1904,451,0.0,9,53.45788043478261,76.0,17.5,0.685,29.085,41.878114,-87.629798,8,52988.16780821918,82.5,0.5029965753424658,17.5,91.5,72.5,9.0,6.2499999999999964,18.332191780821923,0.2402183219178082,67.21832191780823,0,0,1,0,0,0,0
1168,51180,91.5,72.5,82.5,6.25,24.5,8.9,1904,451,0.0,9,53.45788043478261,76.0,17.5,0.685,29.085,41.878114,-87.629798,8,52986.62104362704,82.5,0.5025662959794697,17.5,91.5,72.5,9.0,6.2499999999999964,18.337467921300252,0.2405988023952096,67.22583404619333,0,0,0,0,0,0,1
1169,51180,91.5,72.5,82.5,6.25,24.5,8.9,1904,451,0.0,9,53.45788043478261,76.0,17.5,0.685,29.085,41.932094,-87.700117,8,52985.076923076915,82.5,0.5021367521367521,17.5,91.5,72.5,9.0,6.2499999999999964,18.342735042735047,0.2409786324786325,67.23333333333333,0,1,0,0,0,0,0
1170,51180,91.5,72.5,82.5,6.25,24.5,8.9,1904,451,0.0,9,53.45788043478261,76.0,17.5,0.685,29.085,41.932094,-87.700117,8,52983.53543979505,82.5,0.5017079419299744,17.5,91.5,72.5,9.0,6.2499999999999964,18.347993168232282,0.24135781383432964,67.24081981212639,0,0,1,0,0,0,0
1171,51180,91.5,72.5,82.5,6.25,24.5,8.9,1904,451,0.0,9,53.45788043478261,76.0,17.5,0.685,29.085,42.01743,-87.68776899999996,8,52981.99658703071,82.5,0.5012798634812287,17.5,91.5,72.5,9.0,6.2499999999999964,18.353242320819113,0.2417363481228669,67.24829351535836,0,1,0,0,0,0,0
1172,51180,91.5,72.5,82.5,6.25,24.5,8.9,1904,451,0.0,9,53.45788043478261,76.0,17.5,0.685,29.085,42.01743,-87.68776899999996,8,52980.46035805627,82.5,0.5008525149190111,17.5,91.5,72.5,9.0,6.2499999999999964,18.35848252344416,0.2421142369991475,67.25575447570333,0,0,1,0,0,0,0
1173,51180,91.5,72.5,82.5,6.25,24.5,8.9,1904,451,0.0,9,53.45788043478261,76.0,17.5,0.685,29.085,42.006858,-87.675919,8,52978.92674616695,82.5,0.5004258943781942,17.5,91.5,72.5,9.0,6.2499999999999964,18.36371379897785,0.2424914821124361,67.26320272572401,0,1,0,0,0,0,0
1174,51180,91.5,72.5,82.5,6.25,24.5,8.9,1904,451,0.0,9,53.45788043478261,76.0,17.5,0.685,29.085,42.006858,-87.675919,8,52977.39574468085,82.5,0.5,17.5,91.5,72.5,9.0,6.2499999999999964,18.368936170212766,0.24286808510638294,67.27063829787234,0,0,1,0,0,0,0
1175,51180,91.5,72.5,82.5,6.25,24.5,8.9,1904,451,0.0,9,53.45788043478261,76.0,17.5,0.685,29.085,41.916265,-87.800515,8,52975.86734693877,82.5,0.4995748299319728,17.5,91.5,72.5,9.0,6.2499999999999964,18.374149659863946,0.24324404761904764,67.27806122448979,0,1,0,0,0,0,0
1176,51180,91.5,72.5,82.5,6.25,24.5,8.9,1904,451,0.0,9,53.45788043478261,76.0,17.5,0.685,29.085,41.916265,-87.800515,8,52974.34154630416,82.5,0.4991503823279525,17.5,91.5,72.5,9.0,6.2499999999999964,18.379354290569246,0.2436193712829227,67.285471537808,0,0,1,0,0,0,0
1177,51180,91.5,72.5,82.5,6.25,24.5,8.9,1904,451,0.0,9,53.45788043478261,76.0,17.5,0.685,29.085,41.846075,-87.716277,8,52972.818336162985,82.5,0.4987266553480476,17.5,91.5,72.5,9.0,6.2499999999999964,18.384550084889646,0.24399405772495755,67.29286926994908,0,1,0,0,0,0,0
1178,51180,91.5,72.5,82.5,6.25,24.5,8.9,1904,451,0.0,9,53.45788043478261,76.0,17.5,0.685,29.085,41.846075,-87.716277,8,52971.297709923674,82.5,0.49830364715860903,17.5,91.5,72.5,9.0,6.2499999999999964,18.389737065309586,0.2443681085665819,67.30025445292621,0,0,1,0,0,0,0
1179,51180,91.5,72.5,82.5,6.25,24.5,8.9,1904,451,0.0,9,53.45788043478261,76.0,17.5,0.685,29.085,41.907645,-87.760886,8,52969.77966101695,82.5,0.4978813559322034,17.5,91.5,72.5,9.0,6.2499999999999964,18.39491525423729,0.2447415254237288,67.30762711864406,0,1,0,0,0,0,0
1180,51180,91.5,72.5,82.5,6.25,24.5,8.9,1904,451,0.0,9,53.45788043478261,76.0,17.5,0.685,29.085,41.907645,-87.760886,8,52968.26418289585,82.5,0.4974597798475868,17.5,91.5,72.5,9.0,6.2499999999999964,18.40008467400508,0.24511430990685865,67.31498729889924,0,0,1,0,0,0,0
1181,51180,91.5,72.5,82.5,6.25,24.5,8.9,1904,451,0.0,9,53.45788043478261,76.0,17.5,0.685,29.085,41.918705,-87.752329,8,52966.751269035536,82.5,0.4970389170896785,17.5,91.5,72.5,9.0,6.2499999999999964,18.405245346869712,0.2454864636209814,67.32233502538071,0,1,0,0,0,0,0
1182,51180,91.5,72.5,82.5,6.25,24.5,8.9,1904,451,0.0,9,53.45788043478261,76.0,17.5,0.685,29.085,41.918705,-87.752329,8,52965.24091293322,82.5,0.4966187658495351,17.5,91.5,72.5,9.0,6.2499999999999964,18.41039729501268,0.2458579881656805,67.32967032967035,0,0,1,0,0,0,0
1183,51180,91.5,72.5,82.5,6.25,24.5,8.9,1904,451,0.0,9,53.45788043478261,76.0,17.5,0.685,29.085,41.918705,-87.752329,8,52963.733108108114,82.5,0.4961993243243243,17.5,91.5,72.5,9.0,6.2499999999999964,18.41554054054054,0.2462288851351352,67.33699324324324,0,0,0,1,0,0,0
1184,51180,91.5,72.5,82.5,6.25,24.5,8.9,1904,451,0.0,9,53.45788043478261,76.0,17.5,0.685,29.085,41.776156,-87.778927,8,52962.22784810127,82.5,0.4957805907172996,17.5,91.5,72.5,9.0,6.2499999999999964,18.42067510548523,0.2465991561181435,67.34430379746836,0,1,0,0,0,0,0
1185,51180,91.5,72.5,82.5,6.25,24.5,8.9,1904,451,0.0,9,53.45788043478261,76.0,17.5,0.685,29.085,41.776156,-87.778927,8,52960.72512647555,82.5,0.4953625632377741,17.5,91.5,72.5,9.0,6.2499999999999964,18.42580101180439,0.24696880269814506,67.35160202360876,0,0,1,0,0,0,0
1186,51180,91.5,72.5,82.5,6.25,24.5,8.9,1904,451,0.0,9,53.45788043478261,76.0,17.5,0.685,29.085,41.825902,-87.667827,8,52959.224936815495,82.5,0.4949452401010952,17.5,91.5,72.5,9.0,6.2499999999999964,18.430918281381636,0.2473378264532435,67.35888795282224,0,0,1,0,0,0,0
1187,51180,91.5,72.5,82.5,6.25,24.5,8.9,1904,451,0.0,9,53.45788043478261,76.0,17.5,0.685,29.085,41.825902,-87.667827,8,52957.727272727265,82.5,0.4945286195286195,17.5,91.5,72.5,9.0,6.2499999999999964,18.436026936026934,0.24770622895622896,67.36616161616162,0,0,0,1,0,0,0
1188,51180,91.5,72.5,82.5,6.25,24.5,8.9,1904,451,0.0,9,53.45788043478261,76.0,17.5,0.685,29.085,41.682587,-87.707973,8,52956.23212783851,82.5,0.4941126997476871,17.5,91.5,72.5,9.0,6.2499999999999964,18.44112699747687,0.2480740117746005,67.37342304457528,0,1,0,0,0,0,0
1189,51180,91.5,72.5,82.5,6.25,24.5,8.9,1904,451,0.0,9,53.45788043478261,76.0,17.5,0.685,29.085,41.682587,-87.707973,8,52954.73949579832,82.5,0.4936974789915967,17.5,91.5,72.5,9.0,6.2499999999999964,18.446218487394958,0.2484411764705883,67.38067226890756,0,0,1,0,0,0,0
1190,51180,91.5,72.5,82.5,6.25,24.5,8.9,1904,451,0.0,9,53.45788043478261,76.0,17.5,0.685,29.085,41.682587,-87.707973,8,52953.24937027708,82.5,0.4932829554995802,17.5,91.5,72.5,9.0,6.2499999999999964,18.451301427371963,0.2488077246011755,67.38790931989925,0,0,0,1,0,0,0
1191,51180,91.5,72.5,82.5,6.25,24.5,8.9,1904,451,0.0,9,53.45788043478261,76.0,17.5,0.685,29.085,41.732984,-87.649642,8,52951.76174496643,82.5,0.4928691275167785,17.5,91.5,72.5,9.0,6.2499999999999964,18.45637583892617,0.24917365771812086,67.3951342281879,0,1,0,0,0,0,0
1192,51180,91.5,72.5,82.5,6.25,24.5,8.9,1904,451,0.0,9,53.45788043478261,76.0,17.5,0.685,29.085,41.732984,-87.649642,8,52950.27661357921,82.5,0.4924559932942162,17.5,91.5,72.5,9.0,6.2499999999999964,18.461441743503773,0.2495389773679799,67.40234702430847,0,0,1,0,0,0,0
1193,51180,91.5,72.5,82.5,6.25,24.5,8.9,1904,451,0.0,9,53.45788043478261,76.0,17.5,0.685,29.085,41.732984,-87.649642,8,52948.79396984925,82.5,0.4920435510887772,17.5,91.5,72.5,9.0,6.2499999999999964,18.46649916247906,0.2499036850921273,67.40954773869346,0,0,0,1,0,0,0
1194,51180,91.5,72.5,82.5,6.25,24.5,8.9,1904,451,0.0,9,53.45788043478261,76.0,17.5,0.685,29.085,41.732984,-87.649642,8,52947.31380753138,82.5,0.4916317991631799,17.5,91.5,72.5,9.0,6.2499999999999964,18.471548117154807,0.2502677824267783,67.41673640167365,0,0,0,0,0,0,1
1195,51180,91.5,72.5,82.5,6.25,24.5,8.9,1904,451,0.0,9,53.45788043478261,76.0,17.5,0.685,29.085,41.903002,-87.68826700000002,8,52945.83612040133,82.5,0.4912207357859532,17.5,91.5,72.5,9.0,6.2499999999999964,18.47658862876255,0.2506312709030101,67.42391304347827,0,1,0,0,0,0,0
1196,51180,91.5,72.5,82.5,6.25,24.5,8.9,1904,451,0.0,9,53.45788043478261,76.0,17.5,0.685,29.085,41.903002,-87.68826700000002,8,52944.360902255634,82.5,0.4908103592314119,17.5,91.5,72.5,9.0,6.2499999999999964,18.481620718462825,0.2509941520467837,67.43107769423558,0,0,1,0,0,0,0
1197,51180,91.5,72.5,82.5,6.25,24.5,8.9,1904,451,0.0,9,53.45788043478261,76.0,17.5,0.685,29.085,41.903002,-87.68826700000002,8,52942.88814691152,82.5,0.4904006677796327,17.5,91.5,72.5,9.0,6.2499999999999964,18.486644407345572,0.25135642737896496,67.43823038397329,0,0,0,1,0,0,0
1198,51180,91.5,72.5,82.5,6.25,24.5,8.9,1904,451,0.0,9,53.45788043478261,76.0,17.5,0.685,29.085,41.719059,-87.675088,8,52941.41784820684,82.5,0.4899916597164304,17.5,91.5,72.5,9.0,6.2499999999999964,18.49165971643036,0.2517180984153461,67.44537114261885,0,1,0,0,0,0,0
1199,51180,91.5,72.5,82.5,6.25,24.5,8.9,1904,451,0.0,9,53.45788043478261,76.0,17.5,0.685,29.085,41.719059,-87.675088,8,52939.95,82.5,0.4895833333333333,17.5,91.5,72.5,9.0,6.2499999999999964,18.496666666666666,0.25207916666666674,67.4525,0,0,1,0,0,0,0
1200,51180,91.5,72.5,82.5,6.25,24.5,8.9,1904,451,0.0,9,53.45788043478261,76.0,17.5,0.685,29.085,41.725517,-87.61425799999998,8,52938.48459616987,82.5,0.4891756869275604,17.5,91.5,72.5,9.0,6.2499999999999964,18.501665278934226,0.2524396336386345,67.45961698584513,0,1,0,0,0,0,0
1201,51180,91.5,72.5,82.5,6.25,24.5,8.9,1904,451,0.0,9,53.45788043478261,76.0,17.5,0.685,29.085,41.725517,-87.61425799999998,8,52937.021630615636,82.5,0.4887687188019967,17.5,91.5,72.5,9.0,6.2499999999999964,18.50665557404326,0.2527995008319468,67.46672212978369,0,0,1,0,0,0,0
1202,51180,91.5,72.5,82.5,6.25,24.5,8.9,1904,451,0.0,9,53.45788043478261,76.0,17.5,0.685,29.085,41.948167,-87.730698,8,52935.56109725687,82.5,0.4883624272651704,17.5,91.5,72.5,9.0,6.2499999999999964,18.511637572734827,0.2531587697423109,67.47381546134663,0,1,0,0,0,0,0
1203,51180,91.5,72.5,82.5,6.25,24.5,8.9,1904,451,0.0,9,53.45788043478261,76.0,17.5,0.685,29.085,41.948167,-87.730698,8,52934.10299003322,82.5,0.4879568106312293,17.5,91.5,72.5,9.0,6.2499999999999964,18.516611295681066,0.25351744186046515,67.48089700996678,0,0,1,0,0,0,0
1204,51180,91.5,72.5,82.5,6.25,24.5,8.9,1904,451,0.0,9,53.45788043478261,76.0,17.5,0.685,29.085,41.966987,-87.674677,8,52932.647302904574,82.5,0.48755186721991706,17.5,91.5,72.5,9.0,6.2499999999999964,18.52157676348548,0.2538755186721992,67.48796680497925,0,1,0,0,0,0,0
1205,51180,91.5,72.5,82.5,6.25,24.5,8.9,1904,451,0.0,9,53.45788043478261,76.0,17.5,0.685,29.085,41.966987,-87.674677,8,52931.194029850754,82.5,0.4871475953565506,17.5,91.5,72.5,9.0,6.2499999999999964,18.52653399668325,0.2542330016583749,67.4950248756219,0,0,1,0,0,0,0
1206,51180,91.5,72.5,82.5,6.25,24.5,8.9,1904,451,0.0,9,53.45788043478261,76.0,17.5,0.685,29.085,41.963976,-87.69181,8,52929.74316487158,82.5,0.4867439933719967,17.5,91.5,72.5,9.0,6.2499999999999964,18.531483015741507,0.2545898922949462,67.50207125103563,0,1,0,0,0,0,0
1207,51180,91.5,72.5,82.5,6.25,24.5,8.9,1904,451,0.0,9,53.45788043478261,76.0,17.5,0.685,29.085,41.963976,-87.69181,8,52928.29470198676,82.5,0.486341059602649,17.5,91.5,72.5,9.0,6.2499999999999964,18.5364238410596,0.2549461920529802,67.5091059602649,0,0,1,0,0,0,0
1208,51060,87.0,73.5,80.5,2.25,3.5,6.65,1903,452,0.0,7,53.45788043478261,73.5,15.5,0.075,29.155,41.702724,-87.536497,8,52926.749379652596,82.5,0.4859387923904053,17.5,91.5,72.5,9.0,6.2499999999999964,18.52398676592225,0.25479735318445,67.5140612076096,0,1,0,0,0,0,0
1209,51060,87.0,73.5,80.5,2.25,3.5,6.65,1903,452,0.0,7,53.45788043478261,73.5,15.5,0.075,29.155,41.702724,-87.536497,8,52925.206611570255,82.5,0.4855371900826446,17.5,91.5,72.5,9.0,6.2499999999999964,18.511570247933886,0.2546487603305785,67.51900826446281,0,0,1,0,0,0,0
1210,51060,87.0,73.5,80.5,2.25,3.5,6.65,1903,452,0.0,7,53.45788043478261,73.5,15.5,0.075,29.155,41.702724,-87.536497,8,52923.66639141206,82.5,0.4851362510322048,17.5,91.5,72.5,9.0,6.2499999999999964,18.499174236168454,0.2545004128819158,67.52394715111478,0,0,0,1,0,0,0
1211,51060,87.0,73.5,80.5,2.25,3.5,6.65,1903,452,0.0,7,53.45788043478261,73.5,15.5,0.075,29.155,41.729669,-87.582699,8,52922.12871287129,82.5,0.4847359735973598,17.5,91.5,72.5,9.0,6.2499999999999964,18.486798679867988,0.2543523102310231,67.52887788778878,0,1,0,0,0,0,0
1212,51060,87.0,73.5,80.5,2.25,3.5,6.65,1903,452,0.0,7,53.45788043478261,73.5,15.5,0.075,29.155,41.729669,-87.582699,8,52920.59356966199,82.5,0.4843363561417972,17.5,91.5,72.5,9.0,6.2499999999999964,18.47444352844188,0.254204451772465,67.53380049464138,0,0,1,0,0,0,0
1213,51060,87.0,73.5,80.5,2.25,3.5,6.65,1903,452,0.0,7,53.45788043478261,73.5,15.5,0.075,29.155,41.673408,-87.599862,8,52919.060955518944,82.5,0.4839373970345964,17.5,91.5,72.5,9.0,6.2499999999999964,18.462108731466227,0.2540568369028007,67.53871499176277,0,1,0,0,0,0,0
1214,51060,87.0,73.5,80.5,2.25,3.5,6.65,1903,452,0.0,7,53.45788043478261,73.5,15.5,0.075,29.155,41.673408,-87.599862,8,52917.53086419753,82.5,0.4835390946502058,17.5,91.5,72.5,9.0,6.2499999999999964,18.44979423868313,0.2539094650205761,67.54362139917696,0,0,1,0,0,0,0
1215,51060,87.0,73.5,80.5,2.25,3.5,6.65,1903,452,0.0,7,53.45788043478261,73.5,15.5,0.075,29.155,41.704572,-87.56566600000002,8,52916.003289473694,80.5,0.4831414473684211,15.5,87.0,72.5,7.0,6.2499999999999964,18.4375,0.2537623355263158,67.54851973684211,0,1,0,0,0,0,0
1216,51060,87.0,73.5,80.5,2.25,3.5,6.65,1903,452,0.0,7,53.45788043478261,73.5,15.5,0.075,29.155,41.704572,-87.56566600000002,8,52914.47822514379,80.5,0.4827444535743632,15.5,87.0,72.5,7.0,6.2499999999999964,18.425225965488906,0.2536154478225144,67.55341002465079,0,0,1,0,0,0,0
1217,51060,87.0,73.5,80.5,2.25,3.5,6.65,1903,452,0.0,7,53.45788043478261,73.5,15.5,0.075,29.155,41.704572,-87.56566600000002,8,52912.95566502463,80.5,0.4823481116584565,15.5,87.0,72.5,7.0,6.2499999999999964,18.412972085385878,0.2534688013136289,67.55829228243022,0,0,0,1,0,0,0
1218,51060,87.0,73.5,80.5,2.25,3.5,6.65,1903,452,0.0,7,53.45788043478261,73.5,15.5,0.075,29.155,41.72646500000001,-87.585413,8,52911.43560295324,80.5,0.4819524200164069,15.5,87.0,73.5,7.0,6.2499999999999964,18.40073831009024,0.2533223954060705,67.56316652994258,0,1,0,0,0,0,0
1219,51060,87.0,73.5,80.5,2.25,3.5,6.65,1903,452,0.0,7,53.45788043478261,73.5,15.5,0.075,29.155,41.72646500000001,-87.585413,8,52909.91803278688,80.5,0.4815573770491803,15.5,87.0,73.5,7.0,6.2499999999999964,18.388524590163936,0.2531762295081967,67.56803278688524,0,0,1,0,0,0,0
1220,50940,84.5,72.5,78.5,2.8,28.0,6.15,1902,453,0.0,5,53.45788043478261,73.0,13.5,0.255,29.16,41.923738,-87.785288,8,52908.30466830467,80.5,0.4811629811629812,15.5,87.0,73.5,7.0,6.2499999999999964,18.396396396396398,0.25317772317772314,67.57248157248158,0,1,0,0,0,0,0
1221,50940,84.5,72.5,78.5,2.8,28.0,6.15,1902,453,0.0,5,53.45788043478261,73.0,13.5,0.255,29.16,41.923738,-87.785288,8,52906.693944353516,80.5,0.4807692307692308,15.5,87.0,73.5,7.0,6.2499999999999964,18.404255319148934,0.2531792144026186,67.57692307692308,0,0,1,0,0,0,0
1222,50940,84.5,72.5,78.5,2.8,28.0,6.15,1902,453,0.0,5,53.45788043478261,73.0,13.5,0.255,29.16,41.923738,-87.785288,8,52905.08585445626,80.5,0.4803761242845462,15.5,87.0,73.5,7.0,6.2499999999999964,18.41210139002453,0.2531807031888797,67.58135731807032,0,0,0,1,0,0,0
1223,50940,84.5,72.5,78.5,2.8,28.0,6.15,1902,453,0.0,5,53.45788043478261,73.0,13.5,0.255,29.16,41.72646500000001,-87.585413,8,52903.48039215687,80.5,0.479983660130719,15.5,87.0,73.5,7.0,6.2499999999999964,18.419934640522875,0.2531821895424836,67.58578431372548,0,1,0,0,0,0,0
1224,50940,84.5,72.5,78.5,2.8,28.0,6.15,1902,453,0.0,5,53.45788043478261,73.0,13.5,0.255,29.16,41.678618,-87.559308,8,52901.87755102041,80.5,0.4795918367346938,15.5,87.0,73.5,7.0,6.2499999999999964,18.427755102040816,0.2531836734693877,67.59020408163265,0,1,0,0,0,0,0
1225,50940,84.5,72.5,78.5,2.8,28.0,6.15,1902,453,0.0,5,53.45788043478261,73.0,13.5,0.255,29.16,41.678618,-87.559308,8,52900.27732463295,80.5,0.4792006525285481,15.5,87.0,73.5,7.0,6.2499999999999964,18.435562805872763,0.2531851549755301,67.59461663947798,0,0,1,0,0,0,0
1226,50940,84.5,72.5,78.5,2.8,28.0,6.15,1902,453,0.0,5,53.45788043478261,73.0,13.5,0.255,29.16,41.678618,-87.559308,8,52898.67970660146,80.5,0.4788101059494703,15.5,87.0,73.5,7.0,6.2499999999999964,18.443357783211084,0.2531866340668296,67.59902200488996,0,0,0,0,0,0,1
1227,50940,84.5,72.5,78.5,2.8,28.0,6.15,1902,453,0.0,5,53.45788043478261,73.0,13.5,0.255,29.16,41.737052,-87.54306700000002,8,52897.08469055375,78.5,0.4784201954397394,13.5,84.5,73.5,5.0,6.2499999999999964,18.45114006514658,0.2531881107491856,67.60342019543974,0,1,0,0,0,0,0
1228,50940,84.5,72.5,78.5,2.8,28.0,6.15,1902,453,0.0,5,53.45788043478261,73.0,13.5,0.255,29.16,41.737052,-87.54306700000002,8,52895.49227013833,78.5,0.4780309194467046,13.5,84.5,73.5,5.0,6.2499999999999964,18.458909682668835,0.2531895850284784,67.60781122864118,0,0,1,0,0,0,0
1229,50940,84.5,72.5,78.5,2.8,28.0,6.15,1902,453,0.0,5,53.45788043478261,73.0,13.5,0.255,29.16,41.740641,-87.546587,8,52893.90243902439,78.5,0.4776422764227642,13.5,84.5,73.5,5.0,6.2499999999999964,18.466666666666665,0.25319105691056903,67.61219512195122,0,1,0,0,0,0,0
1230,50940,84.5,72.5,78.5,2.8,28.0,6.15,1902,453,0.0,5,53.45788043478261,73.0,13.5,0.255,29.16,41.740641,-87.546587,8,52892.315190901696,78.5,0.4772542648253452,13.5,84.5,72.5,5.0,6.2499999999999964,18.474411047928516,0.2531925264012997,67.61657189277011,0,0,1,0,0,0,0
1231,50940,84.5,72.5,78.5,2.8,28.0,6.15,1902,453,0.0,5,53.45788043478261,73.0,13.5,0.255,29.16,41.740641,-87.546587,8,52890.730519480516,78.5,0.4768668831168831,13.5,84.5,72.5,5.0,6.2499999999999964,18.482142857142858,0.2531939935064934,67.62094155844156,0,0,0,1,0,0,0
1232,50940,84.5,72.5,78.5,2.8,28.0,6.15,1902,453,0.0,5,53.45788043478261,73.0,13.5,0.255,29.16,41.680946,-87.535198,8,52889.14841849149,78.5,0.4764801297648013,13.5,84.5,72.5,5.0,6.2499999999999964,18.48986212489862,0.2531954582319545,67.62530413625304,0,1,0,0,0,0,0
1233,50940,84.5,72.5,78.5,2.8,28.0,6.15,1902,453,0.0,5,53.45788043478261,73.0,13.5,0.255,29.16,41.680946,-87.535198,8,52887.568881685576,78.5,0.4760940032414911,13.5,84.5,72.5,5.0,6.2499999999999964,18.497568881685574,0.2531969205834683,67.629659643436,0,0,1,0,0,0,0
1234,50940,84.5,72.5,78.5,2.8,28.0,6.15,1902,453,0.0,5,53.45788043478261,73.0,13.5,0.255,29.16,41.680946,-87.535198,8,52885.991902834015,78.5,0.4757085020242915,13.5,84.5,72.5,5.0,6.2499999999999964,18.50526315789474,0.2531983805668015,67.63400809716599,0,0,0,0,0,0,1
1235,50940,84.5,72.5,78.5,2.8,28.0,6.15,1902,453,0.0,5,53.45788043478261,73.0,13.5,0.255,29.16,41.686398,-87.531635,8,52884.417475728165,78.5,0.4753236245954692,13.5,84.5,72.5,5.0,6.2499999999999964,18.51294498381877,0.2531998381877021,67.6383495145631,0,1,0,0,0,0,0
1236,50940,84.5,72.5,78.5,2.8,28.0,6.15,1902,453,0.0,5,53.45788043478261,73.0,13.5,0.255,29.16,41.686398,-87.531635,8,52882.845594179475,78.5,0.4749393694421989,13.5,84.5,72.5,5.0,2.2499999999999964,18.520614389652387,0.2532012934518996,67.64268391269201,0,0,1,0,0,0,0
1237,50940,84.5,72.5,78.5,2.8,28.0,6.15,1902,453,0.0,5,53.45788043478261,73.0,13.5,0.255,29.16,41.686398,-87.531635,8,52881.27625201939,78.5,0.4745557350565428,13.5,84.5,72.5,5.0,2.2499999999999964,18.52827140549273,0.2532027463651049,67.6470113085622,0,0,0,0,1,0,0
1238,50940,84.5,72.5,78.5,2.8,28.0,6.15,1902,453,0.0,5,53.45788043478261,73.0,13.5,0.255,29.16,41.686398,-87.531635,8,52879.709443099266,78.5,0.4741727199354318,13.5,84.5,72.5,5.0,2.2499999999999964,18.535916061339787,0.2532041969330104,67.65133171912834,0,0,0,0,0,0,1
1239,50100,80.5,71.5,76.5,4.15,6.5,6.4499999999999975,1854,459,0.0,4,53.45788043478261,70.5,11.5,0.53,29.20000000000001,41.953705,-87.733974,8,52877.467741935485,78.5,0.4737903225806452,13.5,84.5,72.5,5.0,2.2499999999999964,18.52620967741936,0.2534274193548386,67.65362903225807,0,1,0,0,0,0,0
1240,50100,80.5,71.5,76.5,4.15,6.5,6.4499999999999975,1854,459,0.0,4,53.45788043478261,70.5,11.5,0.53,29.20000000000001,41.953705,-87.733974,8,52875.22965350524,78.5,0.4734085414987913,13.5,84.5,72.5,5.0,2.2499999999999964,18.51651893634166,0.2536502820306203,67.65592264302981,0,0,1,0,0,0,0
1241,50100,80.5,71.5,76.5,4.15,6.5,6.4499999999999975,1854,459,0.0,4,53.45788043478261,70.5,11.5,0.53,29.20000000000001,41.95469,-87.800991,8,52872.995169082125,78.5,0.4730273752012882,13.5,84.5,72.5,5.0,2.2499999999999964,18.506843800322066,0.2538727858293074,67.65821256038647,0,1,0,0,0,0,0
1242,50100,80.5,71.5,76.5,4.15,6.5,6.4499999999999975,1854,459,0.0,4,53.45788043478261,70.5,11.5,0.53,29.20000000000001,41.95469,-87.800991,8,52870.76427996782,78.5,0.4726468222043443,13.5,84.5,72.5,5.0,2.2499999999999964,18.497184231697503,0.2540949316170553,67.66049879324216,0,0,1,0,0,0,0
1243,50100,80.5,71.5,76.5,4.15,6.5,6.4499999999999975,1854,459,0.0,4,53.45788043478261,70.5,11.5,0.53,29.20000000000001,41.95469,-87.800991,8,52868.53697749196,78.5,0.4722668810289389,13.5,84.5,72.5,5.0,2.2499999999999964,18.487540192926048,0.2543167202572345,67.66278135048232,0,0,0,1,0,0,0
1244,50100,80.5,71.5,76.5,4.15,6.5,6.4499999999999975,1854,459,0.0,4,53.45788043478261,70.5,11.5,0.53,29.20000000000001,41.964242,-87.757639,8,52866.31325301205,78.5,0.4718875502008032,13.5,84.5,72.5,5.0,2.2499999999999964,18.477911646586346,0.25453815261044155,67.66506024096385,0,1,0,0,0,0,0
1245,50100,80.5,71.5,76.5,4.15,6.5,6.4499999999999975,1854,459,0.0,4,53.45788043478261,70.5,11.5,0.53,29.20000000000001,41.964242,-87.757639,8,52864.09309791332,78.5,0.4715088282504013,13.5,84.5,72.5,5.0,2.2499999999999964,18.468298555377206,0.2547592295345102,67.66733547351525,0,0,1,0,0,0,0
1246,50100,80.5,71.5,76.5,4.15,6.5,6.4499999999999975,1854,459,0.0,4,53.45788043478261,70.5,11.5,0.53,29.20000000000001,41.964242,-87.757639,8,52861.87650360866,76.5,0.471130713712911,11.5,80.5,72.5,4.0,2.2499999999999964,18.45870088211708,0.2549799518845225,67.66960705693664,0,0,0,1,0,0,0
1247,50100,80.5,71.5,76.5,4.15,6.5,6.4499999999999975,1854,459,0.0,4,53.45788043478261,70.5,11.5,0.53,29.20000000000001,41.96272800000001,-87.748367,8,52859.66346153847,76.5,0.4707532051282051,11.5,80.5,72.5,4.0,2.2499999999999964,18.44911858974359,0.2552003205128202,67.671875,0,0,1,0,0,0,0
1248,50100,80.5,71.5,76.5,4.15,6.5,6.4499999999999975,1854,459,0.0,4,53.45788043478261,70.5,11.5,0.53,29.20000000000001,41.942114,-87.776385,8,52857.45396317053,76.5,0.4703763010408327,11.5,80.5,72.5,4.0,2.7999999999999963,18.43955164131305,0.2554203362690149,67.67413931144915,0,1,0,0,0,0,0
1249,50100,80.5,71.5,76.5,4.15,6.5,6.4499999999999975,1854,459,0.0,4,53.45788043478261,70.5,11.5,0.53,29.20000000000001,41.942114,-87.776385,8,52855.248,76.5,0.47,11.5,80.5,71.5,4.0,2.7999999999999963,18.43,0.25563999999999965,67.6764,0,0,1,0,0,0,0
1250,50100,80.5,71.5,76.5,4.15,6.5,6.4499999999999975,1854,459,0.0,4,53.45788043478261,70.5,11.5,0.53,29.20000000000001,41.990284,-87.797127,8,52853.04556354916,76.5,0.4696243005595523,11.5,80.5,71.5,4.0,2.7999999999999963,18.420463629096727,0.25585931254995964,67.67865707434052,0,1,0,0,0,0,0
1251,50100,80.5,71.5,76.5,4.15,6.5,6.4499999999999975,1854,459,0.0,4,53.45788043478261,70.5,11.5,0.53,29.20000000000001,41.990284,-87.797127,8,52850.84664536741,76.5,0.4692492012779553,11.5,80.5,71.5,4.0,2.7999999999999963,18.410942492012783,0.256078274760383,67.68091054313099,0,0,1,0,0,0,0
1252,50100,80.5,71.5,76.5,4.15,6.5,6.4499999999999975,1854,459,0.0,4,53.45788043478261,70.5,11.5,0.53,29.20000000000001,41.994991,-87.769279,8,52848.65123703113,76.5,0.4688747007182762,11.5,80.5,71.5,4.0,2.7999999999999963,18.40143655227454,0.2562968874700714,67.683160415004,0,0,1,0,0,0,0
1253,50100,80.5,71.5,76.5,4.15,6.5,6.4499999999999975,1854,459,0.0,4,53.45788043478261,70.5,11.5,0.53,29.20000000000001,42.008314,-87.77792099999998,8,52846.45933014354,76.5,0.4685007974481658,11.5,80.5,71.5,4.0,2.7999999999999963,18.391945773524718,0.2565151515151511,67.68540669856459,0,1,0,0,0,0,0
1254,50100,80.5,71.5,76.5,4.15,6.5,6.4499999999999975,1854,459,0.0,4,53.45788043478261,70.5,11.5,0.53,29.20000000000001,42.008314,-87.77792099999998,8,52844.27091633466,76.5,0.4681274900398406,11.5,80.5,71.5,4.0,2.7999999999999963,18.382470119521912,0.2567330677290832,67.68764940239043,0,0,1,0,0,0,0
1255,50100,80.5,71.5,76.5,4.15,6.5,6.4499999999999975,1854,459,0.0,4,53.45788043478261,70.5,11.5,0.53,29.20000000000001,41.98196400000001,-87.812827,8,52842.085987261155,76.5,0.4677547770700637,11.5,80.5,71.5,4.0,2.7999999999999963,18.37300955414013,0.2569506369426747,67.68988853503184,0,1,0,0,0,0,0
1256,50100,80.5,71.5,76.5,4.15,6.5,6.4499999999999975,1854,459,0.0,4,53.45788043478261,70.5,11.5,0.53,29.20000000000001,41.99247800000001,-87.862995,8,52839.90453460621,76.5,0.4673826571201273,11.5,80.5,71.5,4.0,2.7999999999999963,18.36356404136834,0.2571678599840886,67.69212410501193,0,1,0,0,0,0,0
1257,50100,80.5,71.5,76.5,4.15,6.5,6.4499999999999975,1854,459,0.0,4,53.45788043478261,70.5,11.5,0.53,29.20000000000001,41.98196400000001,-87.812827,8,52837.72655007949,76.5,0.4670111287758346,11.5,80.5,71.5,4.0,2.7999999999999963,18.354133545310017,0.2573847376788548,67.69435612082671,0,0,1,0,0,0,0
1258,50100,80.5,71.5,76.5,4.15,6.5,6.4499999999999975,1854,459,0.0,4,53.45788043478261,70.5,11.5,0.53,29.20000000000001,41.99247800000001,-87.862995,8,52835.552025417004,76.5,0.4666401906274821,11.5,80.5,71.5,4.0,2.7999999999999963,18.344718030182683,0.2576012708498803,67.69658459094519,0,0,1,0,0,0,0
1259,50100,80.5,71.5,76.5,4.15,6.5,6.4499999999999975,1854,459,0.0,4,53.45788043478261,70.5,11.5,0.53,29.20000000000001,41.944869,-87.832763,8,52833.380952380954,76.5,0.4662698412698413,11.5,80.5,71.5,4.0,2.7999999999999963,18.335317460317462,0.2578174603174597,67.69880952380953,0,1,0,0,0,0,0
1260,50100,80.5,71.5,76.5,4.15,6.5,6.4499999999999975,1854,459,0.0,4,53.45788043478261,70.5,11.5,0.53,29.20000000000001,41.944869,-87.832763,8,52831.213322759715,76.5,0.4659000793021412,11.5,80.5,71.5,4.0,2.7999999999999963,18.325931800158607,0.2580333068992857,67.70103092783505,0,0,1,0,0,0,0
1261,50100,80.5,71.5,76.5,4.15,6.5,6.4499999999999975,1854,459,0.0,4,53.45788043478261,70.5,11.5,0.53,29.20000000000001,41.991429,-87.747113,8,52829.04912836767,76.5,0.4655309033280507,11.5,80.5,71.5,4.0,2.7999999999999963,18.31656101426308,0.25824881141045897,67.70324881141046,0,1,0,0,0,0,0
1262,50100,80.5,71.5,76.5,4.15,6.5,6.4499999999999975,1854,459,0.0,4,53.45788043478261,70.5,11.5,0.53,29.20000000000001,41.991429,-87.747113,8,52826.88836104513,76.5,0.4651623119556611,11.5,80.5,71.5,4.0,2.7999999999999963,18.307205067300078,0.25846397466349896,67.70546318289786,0,0,1,0,0,0,0
1263,50100,80.5,71.5,76.5,4.15,6.5,6.4499999999999975,1854,459,0.0,4,53.45788043478261,70.5,11.5,0.53,29.20000000000001,41.923738,-87.785288,8,52824.73101265823,76.5,0.4647943037974683,11.5,80.5,71.5,4.0,2.7999999999999963,18.297863924050635,0.25867879746835376,67.70767405063293,0,1,0,0,0,0,0
1264,50100,80.5,71.5,76.5,4.15,6.5,6.4499999999999975,1854,459,0.0,4,53.45788043478261,70.5,11.5,0.53,29.20000000000001,41.923738,-87.785288,8,52822.577075098816,76.5,0.4644268774703557,11.5,80.5,71.5,4.0,2.7999999999999963,18.288537549407113,0.2588932806324104,67.7098814229249,0,0,1,0,0,0,0
1265,50100,80.5,71.5,76.5,4.15,6.5,6.4499999999999975,1854,459,0.0,4,53.45788043478261,70.5,11.5,0.53,29.20000000000001,41.923738,-87.785288,8,52820.42654028437,76.5,0.4640600315955766,11.5,80.5,71.5,4.0,2.7999999999999963,18.279225908372823,0.2591074249605048,67.71208530805687,0,0,0,1,0,0,0
1266,50100,80.5,71.5,76.5,4.15,6.5,6.4499999999999975,1854,459,0.0,4,53.45788043478261,70.5,11.5,0.53,29.20000000000001,41.923738,-87.785288,8,52818.27940015785,76.5,0.4636937647987372,11.5,80.5,71.5,4.0,2.7999999999999963,18.269928966061567,0.25932123125493217,67.71428571428571,0,0,0,0,0,0,1
1267,50100,80.5,71.5,76.5,4.15,6.5,6.4499999999999975,1854,459,0.0,4,53.45788043478261,70.5,11.5,0.53,29.20000000000001,41.970248,-87.787992,8,52816.1356466877,76.5,0.4633280757097792,11.5,80.5,71.5,4.0,4.149999999999997,18.26064668769716,0.2595347003154567,67.71648264984228,0,1,0,0,0,0,0
1268,50100,80.5,71.5,76.5,4.15,6.5,6.4499999999999975,1854,459,0.0,4,53.45788043478261,70.5,11.5,0.53,29.20000000000001,41.970248,-87.787992,8,52813.995271867614,76.5,0.462962962962963,11.5,80.5,71.5,4.0,4.149999999999997,18.251379038613077,0.2597478329393215,67.71867612293144,0,0,1,0,0,0,0
1269,50100,80.5,71.5,76.5,4.15,6.5,6.4499999999999975,1854,459,0.0,4,53.45788043478261,70.5,11.5,0.53,29.20000000000001,41.974089,-87.824812,8,52811.85826771653,76.5,0.4625984251968504,11.5,80.5,71.5,4.0,4.149999999999997,18.24212598425197,0.2599606299212591,67.72086614173229,0,1,0,0,0,0,0
1270,50100,80.5,71.5,76.5,4.15,6.5,6.4499999999999975,1854,459,0.0,4,53.45788043478261,70.5,11.5,0.53,29.20000000000001,41.974089,-87.824812,8,52809.72462627851,76.5,0.462234461054288,11.5,80.5,71.5,4.0,4.149999999999997,18.232887490165226,0.2601730920535004,67.72305271439811,0,0,1,0,0,0,0
1271,50100,80.5,71.5,76.5,4.15,6.5,6.4499999999999975,1854,459,0.0,4,53.45788043478261,70.5,11.5,0.53,29.20000000000001,41.974089,-87.824812,8,52807.594339622636,76.5,0.46187106918239,11.5,80.5,71.5,4.0,4.149999999999997,18.223663522012576,0.2603852201257853,67.7252358490566,0,0,0,1,0,0,0
1272,50100,80.5,71.5,76.5,4.15,6.5,6.4499999999999975,1854,459,0.0,4,53.45788043478261,70.5,11.5,0.53,29.20000000000001,42.011601,-87.81150600000002,8,52805.46739984289,76.5,0.4615082482325216,11.5,80.5,71.5,4.0,4.149999999999997,18.214454045561663,0.2605970149253723,67.72741555380989,0,1,0,0,0,0,0
1273,50100,80.5,71.5,76.5,4.15,6.5,6.4499999999999975,1854,459,0.0,4,53.45788043478261,70.5,11.5,0.53,29.20000000000001,42.011601,-87.81150600000002,8,52803.343799058086,76.5,0.4611459968602826,11.5,80.5,71.5,4.0,4.149999999999997,18.2052590266876,0.2608084772370478,67.7295918367347,0,0,1,0,0,0,0
1274,50100,80.5,71.5,76.5,4.15,6.5,6.4499999999999975,1854,459,0.0,4,53.45788043478261,70.5,11.5,0.53,29.20000000000001,41.960616,-87.777189,8,52801.223529411756,76.5,0.4607843137254902,11.5,80.5,71.5,4.0,4.149999999999997,18.196078431372552,0.2610196078431364,67.73176470588236,0,1,0,0,0,0,0
1275,50100,80.5,71.5,76.5,4.15,6.5,6.4499999999999975,1854,459,0.0,4,53.45788043478261,70.5,11.5,0.53,29.20000000000001,41.960616,-87.777189,8,52799.1065830721,76.5,0.460423197492163,11.5,80.5,71.5,4.0,4.149999999999997,18.186912225705328,0.2612304075235101,67.73393416927901,0,0,1,0,0,0,0
1276,50100,80.5,71.5,76.5,4.15,6.5,6.4499999999999975,1854,459,0.0,4,53.45788043478261,70.5,11.5,0.53,29.20000000000001,42.010412,-87.66214000000002,8,52796.99295223179,76.5,0.4600626468285043,11.5,80.5,71.5,4.0,4.149999999999997,18.17776037588097,0.2614408770555981,67.7361002349256,0,1,0,0,0,0,0
1277,50100,80.5,71.5,76.5,4.15,6.5,6.4499999999999975,1854,459,0.0,4,53.45788043478261,70.5,11.5,0.53,29.20000000000001,42.010412,-87.66214000000002,8,52794.882629107975,76.5,0.4597026604068857,11.5,80.5,71.5,4.0,4.149999999999997,18.168622848200318,0.2616510172143965,67.73826291079813,0,0,1,0,0,0,0
1278,50100,80.5,71.5,76.5,4.15,6.5,6.4499999999999975,1854,459,0.0,4,53.45788043478261,70.5,11.5,0.53,29.20000000000001,41.94983,-87.69845699999998,8,52792.77560594215,76.5,0.4593432369038311,11.5,80.5,71.5,4.0,4.149999999999997,18.159499609069584,0.2618608287724775,67.74042220484753,0,1,0,0,0,0,0
1279,50100,80.5,71.5,76.5,4.15,6.5,6.4499999999999975,1854,459,0.0,4,53.45788043478261,70.5,11.5,0.53,29.20000000000001,41.94983,-87.69845699999998,8,52790.671875,76.5,0.458984375,11.5,80.5,71.5,4.0,4.149999999999997,18.150390625,0.262070312499999,67.742578125,0,0,1,0,0,0,0
1280,50100,80.5,71.5,76.5,4.15,6.5,6.4499999999999975,1854,459,0.0,4,53.45788043478261,70.5,11.5,0.53,29.20000000000001,41.979243,-87.750938,8,52788.571428571435,76.5,0.4586260733801718,11.5,80.5,71.5,4.0,4.149999999999997,18.14129586260734,0.2622794691647141,67.74473067915689,0,1,0,0,0,0,0
1281,50100,80.5,71.5,76.5,4.15,6.5,6.4499999999999975,1854,459,0.0,4,53.45788043478261,70.5,11.5,0.53,29.20000000000001,41.979243,-87.750938,8,52786.47425897036,76.5,0.4582683307332293,11.5,80.5,71.5,4.0,4.149999999999997,18.132215288611548,0.2624882995319803,67.74687987519499,0,0,1,0,0,0,0
1282,50100,80.5,71.5,76.5,4.15,6.5,6.4499999999999975,1854,459,0.0,4,53.45788043478261,70.5,11.5,0.53,29.20000000000001,41.98480900000001,-87.728492,8,52784.380358534676,76.5,0.4579111457521434,11.5,80.5,71.5,4.0,4.149999999999997,18.12314886983632,0.262696804364769,67.74902572096649,0,1,0,0,0,0,0
1283,50100,80.5,71.5,76.5,4.15,6.5,6.4499999999999975,1854,459,0.0,4,53.45788043478261,70.5,11.5,0.53,29.20000000000001,41.98480900000001,-87.728492,8,52782.28971962617,76.5,0.4575545171339564,11.5,80.5,71.5,4.0,4.149999999999997,18.114096573208727,0.2629049844236749,67.75116822429906,0,0,1,0,0,0,0
1284,50100,80.5,71.5,76.5,4.15,6.5,6.4499999999999975,1854,459,0.0,4,53.45788043478261,70.5,11.5,0.53,29.20000000000001,41.986921,-87.689778,8,52780.202334630354,76.5,0.4571984435797665,11.5,80.5,71.5,4.0,4.149999999999997,18.105058365758754,0.26311284046692496,67.7533073929961,0,1,0,0,0,0,0
1285,50100,80.5,71.5,76.5,4.15,6.5,6.4499999999999975,1854,459,0.0,4,53.45788043478261,70.5,11.5,0.53,29.20000000000001,41.986921,-87.689778,8,52778.118195956464,76.5,0.4568429237947123,11.5,80.5,71.5,4.0,4.149999999999997,18.096034214618975,0.2633203732503877,67.7554432348367,0,0,1,0,0,0,0
1286,50100,80.5,71.5,76.5,4.15,6.5,6.4499999999999975,1854,459,0.0,4,53.45788043478261,70.5,11.5,0.53,29.20000000000001,41.89923,-87.716788,8,52776.037296037306,76.5,0.4564879564879565,11.5,80.5,71.5,4.0,4.149999999999997,18.087024087024087,0.2635275835275824,67.75757575757575,0,1,0,0,0,0,0
1287,50100,80.5,71.5,76.5,4.15,6.5,6.4499999999999975,1854,459,0.0,4,53.45788043478261,70.5,11.5,0.53,29.20000000000001,41.89923,-87.716788,8,52773.95962732919,76.5,0.4561335403726708,11.5,80.5,71.5,4.0,4.149999999999997,18.07802795031056,0.2637344720496883,67.7597049689441,0,0,1,0,0,0,0
1288,50100,80.5,71.5,76.5,4.15,6.5,6.4499999999999975,1854,459,0.0,4,53.45788043478261,70.5,11.5,0.53,29.20000000000001,41.801498,-87.763416,8,52771.88518231187,76.5,0.4557796741660202,11.5,80.5,71.5,4.0,4.149999999999997,18.069045771916212,0.26394103956555354,67.76183087664856,0,1,0,0,0,0,0
1289,50100,80.5,71.5,76.5,4.15,6.5,6.4499999999999975,1854,459,0.0,4,53.45788043478261,70.5,11.5,0.53,29.20000000000001,41.801498,-87.763416,8,52769.81395348837,76.5,0.4554263565891473,11.5,80.5,71.5,4.0,4.149999999999997,18.060077519379846,0.26414728682170424,67.7639534883721,0,0,1,0,0,0,0
1290,50100,80.5,71.5,76.5,4.15,6.5,6.4499999999999975,1854,459,0.0,4,53.45788043478261,70.5,11.5,0.53,29.20000000000001,41.906638,-87.701431,8,52767.745933384984,76.5,0.4550735863671572,11.5,80.5,71.5,4.0,4.149999999999997,18.051123160340826,0.2643532145623536,67.76607281177382,0,1,0,0,0,0,0
1291,50100,80.5,71.5,76.5,4.15,6.5,6.4499999999999975,1854,459,0.0,4,53.45788043478261,70.5,11.5,0.53,29.20000000000001,41.906638,-87.701431,8,52765.68111455109,76.5,0.4547213622291021,11.5,80.5,71.5,4.0,4.149999999999997,18.0421826625387,0.2645588235294105,67.76818885448917,0,0,1,0,0,0,0
1292,50100,80.5,71.5,76.5,4.15,6.5,6.4499999999999975,1854,459,0.0,4,53.45788043478261,70.5,11.5,0.53,29.20000000000001,41.843811,-87.686763,8,52763.61948955916,76.5,0.454369682907966,11.5,80.5,71.5,4.0,4.149999999999997,18.03325599381284,0.2647641144624891,67.77030162412993,0,1,0,0,0,0,0
1293,50100,80.5,71.5,76.5,4.15,6.5,6.4499999999999975,1854,459,0.0,4,53.45788043478261,70.5,11.5,0.53,29.20000000000001,41.843811,-87.686763,8,52761.56105100464,76.5,0.4540185471406492,11.5,80.5,71.5,4.0,4.149999999999997,18.024343122102014,0.26496908809891684,67.77241112828439,0,0,1,0,0,0,0
1294,50100,80.5,71.5,76.5,4.15,6.5,6.4499999999999975,1854,459,0.0,4,53.45788043478261,70.5,11.5,0.53,29.20000000000001,41.843811,-87.686763,8,52759.50579150579,76.5,0.4536679536679537,11.5,80.5,71.5,4.0,4.149999999999997,18.01544401544401,0.2651737451737439,67.77451737451736,0,0,0,0,0,0,1
1295,50100,80.5,71.5,76.5,4.15,6.5,6.4499999999999975,1854,459,0.0,4,53.45788043478261,70.5,11.5,0.53,29.20000000000001,41.836644,-87.677737,8,52757.4537037037,76.5,0.4533179012345679,11.5,80.5,71.5,4.0,4.149999999999997,18.006558641975307,0.2653780864197518,67.77662037037037,0,1,0,0,0,0,0
1296,50100,80.5,71.5,76.5,4.15,6.5,6.4499999999999975,1854,459,0.0,4,53.45788043478261,70.5,11.5,0.53,29.20000000000001,41.763733,-87.742302,8,52755.404780262135,76.5,0.4529683885890517,11.5,80.5,71.5,4.0,4.149999999999997,17.99768696993061,0.2655821125674621,67.77872012336161,0,1,0,0,0,0,0
1297,50100,80.5,71.5,76.5,4.15,6.5,6.4499999999999975,1854,459,0.0,4,53.45788043478261,70.5,11.5,0.53,29.20000000000001,41.836644,-87.677737,8,52753.35901386749,76.5,0.4526194144838213,11.5,80.5,71.5,4.0,4.149999999999997,17.988828967642526,0.265785824345145,67.78081664098613,0,0,1,0,0,0,0
1298,50100,80.5,71.5,76.5,4.15,6.5,6.4499999999999975,1854,459,0.0,4,53.45788043478261,70.5,11.5,0.53,29.20000000000001,41.763733,-87.742302,8,52751.31639722864,76.5,0.4522709776751347,11.5,80.5,71.5,4.0,4.149999999999997,17.979984603541187,0.2659892224788285,67.78290993071593,0,0,1,0,0,0,0
1299,50100,80.5,71.5,76.5,4.15,6.5,6.4499999999999975,1854,459,0.0,4,53.45788043478261,70.5,11.5,0.53,29.20000000000001,41.836644,-87.677737,8,52749.276923076926,76.5,0.4519230769230769,11.5,80.5,71.5,4.0,4.149999999999997,17.971153846153847,0.2661923076923063,67.785,0,0,0,1,0,0,0
1300,50100,80.5,71.5,76.5,4.15,6.5,6.4499999999999975,1854,459,0.0,4,53.45788043478261,70.5,11.5,0.53,29.20000000000001,41.763733,-87.742302,8,52747.24058416604,76.5,0.4515757109915449,11.5,80.5,71.5,4.0,4.149999999999997,17.962336664104537,0.26639508070714696,67.78708685626441,0,0,0,1,0,0,0
1301,50100,80.5,71.5,76.5,4.15,6.5,6.4499999999999975,1854,459,0.0,4,53.45788043478261,70.5,11.5,0.53,29.20000000000001,41.837085,-87.729384,8,52745.207373271885,76.5,0.4512288786482335,11.5,80.5,71.5,4.0,4.149999999999997,17.95353302611367,0.2665975422427021,67.78917050691244,0,1,0,0,0,0,0
1302,50100,80.5,71.5,76.5,4.15,6.5,6.4499999999999975,1854,459,0.0,4,53.45788043478261,70.5,11.5,0.53,29.20000000000001,41.837085,-87.729384,8,52743.177283192636,76.5,0.4508825786646201,11.5,80.5,71.5,4.0,4.149999999999997,17.9447429009977,0.2667996930161152,67.79125095932464,0,0,1,0,0,0,0
1303,50100,80.5,71.5,76.5,4.15,6.5,6.4499999999999975,1854,459,0.0,4,53.45788043478261,70.5,11.5,0.53,29.20000000000001,41.837085,-87.729384,8,52741.15030674847,76.5,0.4505368098159509,11.5,80.5,71.5,4.0,4.149999999999997,17.93596625766871,0.2670015337423298,67.7933282208589,0,0,0,1,0,0,0
1304,50100,80.5,71.5,76.5,4.15,6.5,6.4499999999999975,1854,459,0.0,4,53.45788043478261,70.5,11.5,0.53,29.20000000000001,41.921177,-87.79518,8,52739.12643678161,76.5,0.4501915708812261,11.5,80.5,71.5,4.0,4.149999999999997,17.9272030651341,0.2672030651340981,67.79540229885058,0,1,0,0,0,0,0
1305,50100,80.5,71.5,76.5,4.15,6.5,6.4499999999999975,1854,459,0.0,4,53.45788043478261,70.5,11.5,0.53,29.20000000000001,41.921177,-87.79518,8,52737.1056661562,76.5,0.4498468606431853,11.5,80.5,71.5,4.0,4.149999999999997,17.91845329249617,0.2674042879019893,67.79747320061256,0,0,1,0,0,0,0
1306,50100,80.5,71.5,76.5,4.15,6.5,6.4499999999999975,1854,459,0.0,4,53.45788043478261,70.5,11.5,0.53,29.20000000000001,41.911824,-87.726737,8,52735.087987758234,76.5,0.4495026778882938,11.5,80.5,71.5,4.0,4.149999999999997,17.909716908951797,0.26760520275439786,67.79954093343535,0,1,0,0,0,0,0
1307,50100,80.5,71.5,76.5,4.15,6.5,6.4499999999999975,1854,459,0.0,4,53.45788043478261,70.5,11.5,0.53,29.20000000000001,41.911824,-87.726737,8,52733.07339449541,76.5,0.4491590214067278,11.5,80.5,71.5,4.0,4.149999999999997,17.900993883792047,0.267805810397552,67.80160550458716,0,0,1,0,0,0,0
1308,50100,80.5,71.5,76.5,4.15,6.5,6.4499999999999975,1854,459,0.0,4,53.45788043478261,70.5,11.5,0.53,29.20000000000001,41.911824,-87.726737,8,52731.061879297165,76.5,0.4488158899923606,11.5,80.5,71.5,4.0,4.149999999999997,17.892284186401838,0.2680061115355217,67.80366692131398,0,0,0,1,0,0,0
1309,50100,80.5,71.5,76.5,4.15,6.5,6.4499999999999975,1854,459,0.0,4,53.45788043478261,70.5,11.5,0.53,29.20000000000001,41.857402,-87.694991,8,52729.0534351145,76.5,0.4484732824427481,11.5,80.5,71.5,4.0,4.149999999999997,17.883587786259547,0.26820610687022745,67.8057251908397,0,1,0,0,0,0,0
1310,50100,80.5,71.5,76.5,4.15,6.5,6.4499999999999975,1854,459,0.0,4,53.45788043478261,70.5,11.5,0.53,29.20000000000001,41.857402,-87.694991,8,52727.04805491991,76.5,0.4481311975591152,11.5,80.5,71.5,4.0,4.149999999999997,17.874904652936692,0.2684057971014477,67.80778032036613,0,0,1,0,0,0,0
1311,50100,80.5,71.5,76.5,4.15,6.5,6.4499999999999975,1854,459,0.0,4,53.45788043478261,70.5,11.5,0.53,29.20000000000001,41.883284,-87.705085,8,52725.04573170732,76.5,0.4477896341463415,11.5,80.5,71.5,4.0,4.149999999999997,17.866234756097562,0.2686051829268277,67.80983231707317,0,0,1,0,0,0,0
1312,50100,80.5,71.5,76.5,4.15,6.5,6.4499999999999975,1854,459,0.0,4,53.45788043478261,70.5,11.5,0.53,29.20000000000001,41.9216,-87.666455,8,52723.04645849201,76.5,0.4474485910129474,11.5,80.5,71.5,4.0,4.149999999999997,17.857578065498856,0.26880426504188715,67.81188118811882,0,1,0,0,0,0,0
1313,50100,80.5,71.5,76.5,4.15,6.5,6.4499999999999975,1854,459,0.0,4,53.45788043478261,70.5,11.5,0.53,29.20000000000001,41.9216,-87.666455,8,52721.0502283105,76.5,0.4471080669710807,11.5,80.5,71.5,4.0,4.149999999999997,17.848934550989345,0.2690030441400288,67.81392694063926,0,0,1,0,0,0,0
1314,50100,80.5,71.5,76.5,4.15,6.5,6.4499999999999975,1854,459,0.0,4,53.45788043478261,70.5,11.5,0.53,29.20000000000001,41.891118,-87.65449100000002,8,52719.057034220525,76.5,0.4467680608365019,11.5,80.5,71.5,4.0,4.149999999999997,17.840304182509502,0.26920152091254584,67.81596958174904,0,1,0,0,0,0,0
1315,50100,80.5,71.5,76.5,4.15,6.5,6.4499999999999975,1854,459,0.0,4,53.45788043478261,70.5,11.5,0.53,29.20000000000001,41.891118,-87.65449100000002,8,52717.06686930091,76.5,0.44642857142857145,11.5,80.5,71.5,4.0,4.149999999999997,17.831686930091184,0.2693996960486305,67.81800911854103,0,0,1,0,0,0,0
1316,50100,80.5,71.5,76.5,4.15,6.5,6.4499999999999975,1854,459,0.0,4,53.45788043478261,70.5,11.5,0.53,29.20000000000001,41.868142,-87.696269,8,52715.079726651486,76.5,0.44608959757023536,11.5,80.5,71.5,4.0,4.149999999999997,17.82308276385725,0.2695975702353817,67.82004555808656,0,1,0,0,0,0,0
1317,50100,80.5,71.5,76.5,4.15,6.5,6.4499999999999975,1854,459,0.0,4,53.45788043478261,70.5,11.5,0.53,29.20000000000001,41.868142,-87.696269,8,52713.09559939302,76.5,0.44575113808801214,11.5,80.5,71.5,4.0,4.149999999999997,17.814491654021246,0.26979514415781314,67.82207890743551,0,0,1,0,0,0,0
1318,50100,80.5,71.5,76.5,4.15,6.5,6.4499999999999975,1854,459,0.0,4,53.45788043478261,70.5,11.5,0.53,29.20000000000001,41.867108,-87.654224,8,52711.114480667165,76.5,0.4454131918119788,11.5,80.5,71.5,4.0,4.149999999999997,17.805913570887036,0.269992418498861,67.82410917361638,0,1,0,0,0,0,0
1319,50100,80.5,71.5,76.5,4.15,6.5,6.4499999999999975,1854,459,0.0,4,53.45788043478261,70.5,11.5,0.53,29.20000000000001,41.867108,-87.654224,8,52709.13636363637,76.5,0.4450757575757576,11.5,80.5,71.5,4.0,4.149999999999997,17.797348484848484,0.2701893939393922,67.82613636363637,0,0,1,0,0,0,0
1320,50100,80.5,71.5,76.5,4.15,6.5,6.4499999999999975,1854,459,0.0,4,53.45788043478261,70.5,11.5,0.53,29.20000000000001,41.867108,-87.654224,8,52707.16124148372,76.5,0.4447388342165027,11.5,80.5,71.5,4.0,4.149999999999997,17.7887963663891,0.2703860711582117,67.82816048448146,0,0,0,1,0,0,0
1321,50100,80.5,71.5,76.5,4.15,6.5,6.4499999999999975,1854,459,0.0,4,53.45788043478261,70.5,11.5,0.53,29.20000000000001,41.896282,-87.655232,8,52705.18910741301,76.5,0.44440242057488655,11.5,80.5,71.5,4.0,4.149999999999997,17.780257186081695,0.2705824508320708,67.83018154311651,0,1,0,0,0,0,0
1322,50100,80.5,71.5,76.5,4.15,6.5,6.4499999999999975,1854,459,0.0,4,53.45788043478261,70.5,11.5,0.53,29.20000000000001,41.896282,-87.655232,8,52703.219954648535,76.5,0.4440665154950869,11.5,80.5,71.5,4.0,4.149999999999997,17.77173091458806,0.2707785336356747,67.83219954648526,0,0,1,0,0,0,0
1323,50100,80.5,71.5,76.5,4.15,6.5,6.4499999999999975,1854,459,0.0,4,53.45788043478261,70.5,11.5,0.53,29.20000000000001,41.896282,-87.655232,8,52701.25377643504,76.5,0.4437311178247734,11.5,80.5,71.5,4.0,4.149999999999997,17.76321752265861,0.27097432024169,67.83421450151057,0,0,0,1,0,0,0
1324,50100,80.5,71.5,76.5,4.15,6.5,6.4499999999999975,1854,459,0.0,4,53.45788043478261,70.5,11.5,0.53,29.20000000000001,41.919343,-87.694259,8,52699.29056603774,76.5,0.4433962264150944,11.5,80.5,71.5,4.0,4.149999999999997,17.754716981132074,0.27116981132075285,67.83622641509434,0,1,0,0,0,0,0
1325,50100,80.5,71.5,76.5,4.15,6.5,6.4499999999999975,1854,459,0.0,4,53.45788043478261,70.5,11.5,0.53,29.20000000000001,41.919343,-87.694259,8,52697.33031674208,76.5,0.4430618401206636,11.5,80.5,71.5,4.0,4.149999999999997,17.746229260935138,0.27136500754147624,67.83823529411765,0,0,1,0,0,0,0
1326,50100,80.5,71.5,76.5,4.15,6.5,6.4499999999999975,1854,459,0.0,4,53.45788043478261,70.5,11.5,0.53,29.20000000000001,41.846283,-87.656913,8,52695.37302185381,76.5,0.4427279577995479,11.5,80.5,71.5,4.0,4.149999999999997,17.73775433308214,0.2715599095704578,67.84024114544084,0,1,0,0,0,0,0
1327,50100,80.5,71.5,76.5,4.15,6.5,6.4499999999999975,1854,459,0.0,4,53.45788043478261,70.5,11.5,0.53,29.20000000000001,41.846283,-87.656913,8,52693.4186746988,76.5,0.442394578313253,11.5,80.5,71.5,4.0,4.149999999999997,17.7292921686747,0.27175451807228723,67.8422439759036,0,0,1,0,0,0,0
1328,50100,80.5,71.5,76.5,4.15,6.5,6.4499999999999975,1854,459,0.0,4,53.45788043478261,70.5,11.5,0.53,29.20000000000001,41.921965,-87.632085,8,52691.467268623026,76.5,0.4420617005267118,11.5,80.5,71.5,4.0,4.149999999999997,17.72084273890143,0.2719488337095541,67.84424379232506,0,1,0,0,0,0,0
1329,50100,80.5,71.5,76.5,4.15,6.5,6.4499999999999975,1854,459,0.0,4,53.45788043478261,70.5,11.5,0.53,29.20000000000001,41.921965,-87.632085,8,52689.51879699248,76.5,0.4417293233082707,11.5,80.5,71.5,4.0,4.149999999999997,17.712406015037594,0.2721428571428552,67.84624060150377,0,0,1,0,0,0,0
1330,50100,80.5,71.5,76.5,4.15,6.5,6.4499999999999975,1854,459,0.0,4,53.45788043478261,70.5,11.5,0.53,29.20000000000001,41.823065,-87.67837800000002,8,52687.573253193084,76.5,0.4413974455296769,11.5,80.5,71.5,4.0,4.149999999999997,17.703981968444783,0.27233658903080193,67.84823441021788,0,1,0,0,0,0,0
1331,50100,80.5,71.5,76.5,4.15,6.5,6.4499999999999975,1854,459,0.0,4,53.45788043478261,70.5,11.5,0.53,29.20000000000001,41.801179,-87.679447,8,52685.630630630636,76.5,0.4410660660660661,11.5,80.5,71.5,4.0,4.149999999999997,17.69557057057057,0.272530030030028,67.85022522522523,0,1,0,0,0,0,0
1332,50100,80.5,71.5,76.5,4.15,6.5,6.4499999999999975,1854,459,0.0,4,53.45788043478261,70.5,11.5,0.53,29.20000000000001,41.801179,-87.679447,8,52683.69092273068,76.5,0.440735183795949,11.5,80.5,71.5,4.0,4.149999999999997,17.687171792948238,0.27272318079519675,67.85221305326331,0,0,1,0,0,0,0
1333,50100,80.5,71.5,76.5,4.15,6.5,6.4499999999999975,1854,459,0.0,4,53.45788043478261,70.5,11.5,0.53,29.20000000000001,41.800737,-87.71188000000002,8,52681.75412293854,76.5,0.4404047976011994,11.5,80.5,71.5,4.0,4.149999999999997,17.678785607196406,0.27291604197900843,67.85419790104947,0,1,0,0,0,0,0
1334,50100,80.5,71.5,76.5,4.15,6.5,6.4499999999999975,1854,459,0.0,4,53.45788043478261,70.5,11.5,0.53,29.20000000000001,41.82561,-87.726549,8,52679.8202247191,76.5,0.4400749063670412,11.5,80.5,71.5,4.0,4.149999999999997,17.670411985018724,0.2731086142322077,67.85617977528089,0,1,0,0,0,0,0
1335,50100,80.5,71.5,76.5,4.15,6.5,6.4499999999999975,1854,459,0.0,4,53.45788043478261,70.5,11.5,0.53,29.20000000000001,41.82561,-87.726549,8,52677.889221556885,76.5,0.4397455089820359,11.5,80.5,71.5,4.0,4.149999999999997,17.662050898203596,0.2733008982035907,67.85815868263474,0,0,1,0,0,0,0
1336,50100,80.5,71.5,76.5,4.15,6.5,6.4499999999999975,1854,459,0.0,4,53.45788043478261,70.5,11.5,0.53,29.20000000000001,41.778297,-87.752411,8,52675.96110695587,76.5,0.4394166043380703,11.5,80.5,71.5,4.0,4.149999999999997,17.653702318623786,0.27349289454001285,67.86013462976814,0,1,0,0,0,0,0
1337,50100,80.5,71.5,76.5,4.15,6.5,6.4499999999999975,1854,459,0.0,4,53.45788043478261,70.5,11.5,0.53,29.20000000000001,41.778297,-87.752411,8,52674.03587443946,76.5,0.4390881913303438,11.5,80.5,71.5,4.0,4.149999999999997,17.645366218236173,0.2736846038863955,67.86210762331838,0,0,1,0,0,0,0
1338,50100,80.5,71.5,76.5,4.15,6.5,6.4499999999999975,1854,459,0.0,4,53.45788043478261,70.5,11.5,0.53,29.20000000000001,41.778297,-87.752411,8,52672.11351755041,76.5,0.43876026885735625,11.5,80.5,71.5,4.0,4.149999999999997,17.637042569081405,0.2738760268857335,67.86407766990291,0,0,0,1,0,0,0
1339,50100,80.5,71.5,76.5,4.15,6.5,6.4499999999999975,1854,459,0.0,4,53.45788043478261,70.5,11.5,0.53,29.20000000000001,41.778297,-87.752411,8,52670.194029850754,76.5,0.4384328358208955,11.5,80.5,71.5,4.0,4.149999999999997,17.628731343283587,0.2740671641791023,67.86604477611941,0,0,0,0,0,0,1
1340,50100,80.5,71.5,76.5,4.15,6.5,6.4499999999999975,1854,459,0.0,4,53.45788043478261,70.5,11.5,0.53,29.20000000000001,41.77166,-87.703047,8,52668.2774049217,76.5,0.4381058911260254,11.5,80.5,71.5,4.0,4.149999999999997,17.620432513049966,0.2742580164056652,67.86800894854585,0,1,0,0,0,0,0
1341,50100,80.5,71.5,76.5,4.15,6.5,6.4499999999999975,1854,459,0.0,4,53.45788043478261,70.5,11.5,0.53,29.20000000000001,41.77166,-87.703047,8,52666.36363636363,76.5,0.43777943368107297,11.5,80.5,71.5,4.0,4.149999999999997,17.612146050670642,0.2744485842026804,67.86997019374068,0,0,1,0,0,0,0
1342,50100,80.5,71.5,76.5,4.15,6.5,6.4499999999999975,1854,459,0.0,4,53.45788043478261,70.5,11.5,0.53,29.20000000000001,41.77166,-87.703047,8,52664.452717795975,76.5,0.4374534623976173,11.5,80.5,71.5,4.0,4.149999999999997,17.603871928518238,0.2746388682055078,67.87192851824274,0,0,0,1,0,0,0
1343,50100,80.5,71.5,76.5,4.15,6.5,6.4499999999999975,1854,459,0.0,4,53.45788043478261,70.5,11.5,0.53,29.20000000000001,41.759346,-87.745602,8,52662.544642857145,76.5,0.43712797619047616,11.5,80.5,71.5,4.0,4.149999999999997,17.59561011904762,0.27482886904761683,67.87388392857143,0,1,0,0,0,0,0
1344,50100,80.5,71.5,76.5,4.15,6.5,6.4499999999999975,1854,459,0.0,4,53.45788043478261,70.5,11.5,0.53,29.20000000000001,41.759346,-87.745602,8,52660.63940520446,76.5,0.4368029739776952,11.5,80.5,71.5,4.0,4.149999999999997,17.587360594795538,0.2750185873605925,67.87583643122676,0,0,1,0,0,0,0
1345,50100,80.5,71.5,76.5,4.15,6.5,6.4499999999999975,1854,459,0.0,4,53.45788043478261,70.5,11.5,0.53,29.20000000000001,41.768388,-87.678649,8,52658.73699851412,76.5,0.4364784546805349,11.5,80.5,71.5,4.0,4.149999999999997,17.579123328380387,0.2752080237741433,67.87778603268946,0,1,0,0,0,0,0
1346,50100,80.5,71.5,76.5,4.15,6.5,6.4499999999999975,1854,459,0.0,4,53.45788043478261,70.5,11.5,0.53,29.20000000000001,41.768388,-87.678649,8,52656.83741648107,76.5,0.4361544172234596,11.5,80.5,71.5,4.0,4.149999999999997,17.570898292501855,0.2753971789161076,67.87973273942093,0,0,1,0,0,0,0
1347,50100,80.5,71.5,76.5,4.15,6.5,6.4499999999999975,1854,459,0.0,4,53.45788043478261,70.5,11.5,0.53,29.20000000000001,41.797616,-87.797894,8,52654.940652818994,76.5,0.4358308605341246,11.5,80.5,71.5,4.0,4.149999999999997,17.562685459940653,0.2755860534124606,67.8816765578635,0,1,0,0,0,0,0
1348,50100,80.5,71.5,76.5,4.15,6.5,6.4499999999999975,1854,459,0.0,4,53.45788043478261,70.5,11.5,0.53,29.20000000000001,41.797616,-87.797894,8,52653.046701260195,76.5,0.4355077835433655,11.5,80.5,71.5,4.0,4.149999999999997,17.554484803558193,0.2757746478873216,67.88361749444033,0,0,1,0,0,0,0
1349,50100,80.5,71.5,76.5,4.15,6.5,6.4499999999999975,1854,459,0.0,4,53.45788043478261,70.5,11.5,0.53,29.20000000000001,41.781416,-87.77653199999996,8,52651.155555555546,76.5,0.4351851851851852,11.5,80.5,71.5,4.0,4.149999999999997,17.546296296296298,0.27596296296296063,67.88555555555557,0,0,1,0,0,0,0
1350,50100,80.5,71.5,76.5,4.15,6.5,6.4499999999999975,1854,459,0.0,4,53.45788043478261,70.5,11.5,0.53,29.20000000000001,41.74785,-87.70271600000002,8,52649.26720947446,76.5,0.4348630643967432,11.5,80.5,71.5,4.0,4.149999999999997,17.538119911176903,0.2761509992598052,67.88749074759437,0,0,1,0,0,0,0
1351,50100,80.5,71.5,76.5,4.15,6.5,6.4499999999999975,1854,459,0.0,4,53.45788043478261,70.5,11.5,0.53,29.20000000000001,41.773215,-87.60088,8,52647.381656804726,76.5,0.4345414201183432,11.5,80.5,71.5,4.0,4.149999999999997,17.529955621301774,0.2763387573964473,67.88942307692308,0,1,0,0,0,0,0
1352,50100,80.5,71.5,76.5,4.15,6.5,6.4499999999999975,1854,459,0.0,4,53.45788043478261,70.5,11.5,0.53,29.20000000000001,41.773215,-87.60088,8,52645.49889135255,76.5,0.43422025129342207,11.5,80.5,71.5,4.0,4.149999999999997,17.521803399852182,0.2765262379896502,67.89135254988913,0,0,1,0,0,0,0
1353,50100,80.5,71.5,76.5,4.15,6.5,6.4499999999999975,1854,459,0.0,4,53.45788043478261,70.5,11.5,0.53,29.20000000000001,41.822536,-87.66634300000004,8,52643.618906942385,76.5,0.4338995568685377,11.5,80.5,71.5,4.0,4.149999999999997,17.513663220088628,0.27671344165435496,67.89327917282128,0,1,0,0,0,0,0
1354,50100,80.5,71.5,76.5,4.15,6.5,6.4499999999999975,1854,459,0.0,4,53.45788043478261,70.5,11.5,0.53,29.20000000000001,41.822536,-87.66634300000004,8,52641.741697416976,76.5,0.433579335793358,11.5,80.5,71.5,4.0,4.149999999999997,17.505535055350553,0.2769003690036876,67.89520295202952,0,0,1,0,0,0,0
1355,50100,80.5,71.5,76.5,4.15,6.5,6.4499999999999975,1854,459,0.0,4,53.45788043478261,70.5,11.5,0.53,29.20000000000001,41.822536,-87.66634300000004,8,52639.86725663717,76.5,0.43325958702064904,11.5,80.5,71.5,4.0,4.149999999999997,17.497418879056045,0.2770870206489651,67.89712389380531,0,0,0,1,0,0,0
1356,50100,80.5,71.5,76.5,4.15,6.5,6.4499999999999975,1854,459,0.0,4,53.45788043478261,70.5,11.5,0.53,29.20000000000001,41.799282,-87.585487,8,52637.995578481954,76.5,0.43294030950626383,11.5,80.5,71.5,4.0,4.149999999999997,17.48931466470155,0.27727339719970273,67.89904200442152,0,1,0,0,0,0,0
1357,50100,80.5,71.5,76.5,4.15,6.5,6.4499999999999975,1854,459,0.0,4,53.45788043478261,70.5,11.5,0.53,29.20000000000001,41.799282,-87.585487,8,52636.126656848304,76.5,0.4326215022091311,11.5,80.5,71.5,4.0,4.149999999999997,17.48122238586156,0.2774594992636205,67.90095729013255,0,0,1,0,0,0,0
1358,50100,80.5,71.5,76.5,4.15,6.5,6.4499999999999975,1854,459,0.0,4,53.45788043478261,70.5,11.5,0.53,29.20000000000001,41.799282,-87.585487,8,52634.26048565121,76.5,0.4323031640912436,11.5,80.5,71.5,4.0,4.149999999999997,17.473142016188373,0.27764532744664944,67.90286975717439,0,0,0,1,0,0,0
1359,50100,80.5,71.5,76.5,4.15,6.5,6.4499999999999975,1854,459,0.0,4,53.45788043478261,70.5,11.5,0.53,29.20000000000001,41.794781,-87.615989,8,52632.39705882353,76.5,0.4319852941176471,11.5,80.5,71.5,4.0,4.149999999999997,17.465073529411768,0.2778308823529386,67.90477941176471,0,0,1,0,0,0,0
1360,50100,80.5,71.5,76.5,4.15,6.5,6.4499999999999975,1854,459,0.0,4,53.45788043478261,70.5,11.5,0.53,29.20000000000001,41.778748,-87.586427,8,52630.536370315946,76.5,0.43166789125642907,11.5,80.5,71.5,4.0,4.149999999999997,17.457016899338722,0.2780161645848615,67.90668626010286,0,0,1,0,0,0,0
1361,50100,80.5,71.5,76.5,4.15,6.5,6.4499999999999975,1854,459,0.0,4,53.45788043478261,70.5,11.5,0.53,29.20000000000001,41.766202,-87.562889,8,52628.67841409692,76.5,0.4313509544787078,11.5,80.5,71.5,4.0,4.149999999999997,17.448972099853158,0.2782011747430224,67.90859030837004,0,1,0,0,0,0,0
1362,50100,80.5,71.5,76.5,4.15,6.5,6.4499999999999975,1854,459,0.0,4,53.45788043478261,70.5,11.5,0.53,29.20000000000001,41.766202,-87.562889,8,52626.823184152614,76.5,0.4310344827586207,11.5,80.5,71.5,4.0,4.149999999999997,17.440939104915632,0.278385913426263,67.91049156272928,0,0,1,0,0,0,0
1363,50100,80.5,71.5,76.5,4.15,6.5,6.4499999999999975,1854,459,0.0,4,53.45788043478261,70.5,11.5,0.53,29.20000000000001,41.766202,-87.562889,8,52624.970674486794,76.5,0.4307184750733138,11.5,80.5,71.5,4.0,4.149999999999997,17.43291788856305,0.2785703812316689,67.91239002932551,0,0,0,0,0,0,1
1364,50100,80.5,71.5,76.5,4.15,6.5,6.4499999999999975,1854,459,0.0,4,53.45788043478261,70.5,11.5,0.53,29.20000000000001,41.754676,-87.612922,8,52623.12087912088,76.5,0.4304029304029304,11.5,80.5,71.5,4.0,4.149999999999997,17.424908424908427,0.2787545787545761,67.91428571428571,0,1,0,0,0,0,0
1365,50100,80.5,71.5,76.5,4.15,6.5,6.4499999999999975,1854,459,0.0,4,53.45788043478261,70.5,11.5,0.53,29.20000000000001,41.754676,-87.612922,8,52621.273792093714,76.5,0.43008784773060027,11.5,80.5,71.5,4.0,4.149999999999997,17.416910688140558,0.2789385065885772,67.91617862371889,0,0,1,0,0,0,0
1366,50100,80.5,71.5,76.5,4.15,6.5,6.4499999999999975,1854,459,0.0,4,53.45788043478261,70.5,11.5,0.53,29.20000000000001,41.821582,-87.62779599999998,8,52619.429407461605,76.5,0.4297732260424287,11.5,80.5,71.5,4.0,4.149999999999997,17.408924652523776,0.2791221653255277,67.91806876371615,0,1,0,0,0,0,0
1367,50100,80.5,71.5,76.5,4.15,6.5,6.4499999999999975,1854,459,0.0,4,53.45788043478261,70.5,11.5,0.53,29.20000000000001,41.821582,-87.62779599999998,8,52617.587719298244,76.5,0.4294590643274854,11.5,80.5,71.5,4.0,4.149999999999997,17.40095029239766,0.2793055555555529,67.91995614035089,0,0,1,0,0,0,0
1368,50100,80.5,71.5,76.5,4.15,6.5,6.4499999999999975,1854,459,0.0,4,53.45788043478261,70.5,11.5,0.53,29.20000000000001,41.803423,-87.642984,8,52615.74872169467,76.5,0.4291453615777941,11.5,80.5,71.5,4.0,4.149999999999997,17.392987582176772,0.2794886778670536,67.9218407596786,0,1,0,0,0,0,0
1369,50100,80.5,71.5,76.5,4.15,6.5,6.4499999999999975,1854,459,0.0,4,53.45788043478261,70.5,11.5,0.53,29.20000000000001,41.803423,-87.642984,8,52613.91240875913,76.5,0.4288321167883212,11.5,80.5,71.5,4.0,4.149999999999997,17.385036496350367,0.2796715328467126,67.92372262773722,0,0,1,0,0,0,0
1370,50100,80.5,71.5,76.5,4.15,6.5,6.4499999999999975,1854,459,0.0,4,53.45788043478261,70.5,11.5,0.53,29.20000000000001,41.803423,-87.642984,8,52612.07877461707,76.5,0.4285193289569657,11.5,80.5,71.5,4.0,4.149999999999997,17.37709700948213,0.2798541210795013,67.92560175054705,0,0,0,1,0,0,0
1371,50100,80.5,71.5,76.5,4.15,6.5,6.4499999999999975,1854,459,0.0,4,53.45788043478261,70.5,11.5,0.53,29.20000000000001,41.754292,-87.590773,8,52610.247813411086,76.5,0.4282069970845481,11.5,80.5,71.5,4.0,4.149999999999997,17.369169096209912,0.2800364431486853,67.92747813411079,0,1,0,0,0,0,0
1372,50100,80.5,71.5,76.5,4.15,6.5,6.4499999999999975,1854,459,0.0,4,53.45788043478261,70.5,11.5,0.53,29.20000000000001,41.692555,-87.598865,8,52608.4195193008,76.5,0.4278951201747997,11.5,80.5,71.5,4.0,4.149999999999997,17.361252731245447,0.2802184996358312,67.9293517844137,0,1,0,0,0,0,0
1373,50100,80.5,71.5,76.5,4.15,6.5,6.4499999999999975,1854,459,0.0,4,53.45788043478261,70.5,11.5,0.53,29.20000000000001,41.692555,-87.598865,8,52606.593886462884,76.5,0.42758369723435213,11.5,80.5,71.5,4.0,4.149999999999997,17.353347889374092,0.28040029112081233,67.93122270742359,0,0,1,0,0,0,0
1374,50100,80.5,71.5,76.5,4.15,6.5,6.4499999999999975,1854,459,0.0,4,53.45788043478261,70.5,11.5,0.53,29.20000000000001,41.721474,-87.648064,8,52604.770909090905,76.5,0.4272727272727273,11.5,80.5,71.5,4.0,4.149999999999997,17.345454545454544,0.2805818181818154,67.93309090909091,0,1,0,0,0,0,0
1375,50100,80.5,71.5,76.5,4.15,6.5,6.4499999999999975,1854,459,0.0,4,53.45788043478261,70.5,11.5,0.53,29.20000000000001,41.721474,-87.648064,8,52602.95058139535,76.5,0.4269622093023256,11.5,80.5,71.5,4.0,4.149999999999997,17.337572674418606,0.280763081395346,67.93495639534882,0,0,1,0,0,0,0
1376,50100,80.5,71.5,76.5,4.15,6.5,6.4499999999999975,1854,459,0.0,4,53.45788043478261,70.5,11.5,0.53,29.20000000000001,41.688324,-87.676709,8,52601.132897603486,76.5,0.4266521423384169,11.5,80.5,71.5,4.0,4.149999999999997,17.329702251270877,0.2809440813362354,67.93681917211329,0,1,0,0,0,0,0
1377,50100,80.5,71.5,76.5,4.15,6.5,6.4499999999999975,1854,459,0.0,4,53.45788043478261,70.5,11.5,0.53,29.20000000000001,41.688324,-87.676709,8,52599.31785195936,76.5,0.4263425253991292,11.5,80.5,71.5,4.0,4.149999999999997,17.321843251088534,0.28112481857764593,67.93867924528301,0,0,1,0,0,0,0
1378,50100,80.5,71.5,76.5,4.15,6.5,6.4499999999999975,1854,459,0.0,4,53.45788043478261,70.5,11.5,0.53,29.20000000000001,41.688324,-87.676709,8,52597.50543872371,76.5,0.4260333575054388,11.5,80.5,71.5,4.0,4.149999999999997,17.31399564902103,0.2813052936910776,67.94053662073966,0,0,0,1,0,0,0
1379,50100,80.5,71.5,76.5,4.15,6.5,6.4499999999999975,1854,459,0.0,4,53.45788043478261,70.5,11.5,0.53,29.20000000000001,41.688324,-87.676709,8,52595.69565217392,76.5,0.4257246376811594,11.5,80.5,71.5,4.0,4.149999999999997,17.306159420289855,0.28148550724637394,67.94239130434782,0,0,0,0,0,0,1
1380,50100,80.5,71.5,76.5,4.15,6.5,6.4499999999999975,1854,459,0.0,4,53.45788043478261,70.5,11.5,0.53,29.20000000000001,41.869107,-87.69629300000004,8,52593.888486603915,76.5,0.4254163649529327,11.5,80.5,71.5,4.0,4.149999999999997,17.298334540188268,0.2816654598117277,67.94424330195511,0,1,0,0,0,0,0
1381,50100,80.5,71.5,76.5,4.15,6.5,6.4499999999999975,1854,459,0.0,4,53.45788043478261,70.5,11.5,0.53,29.20000000000001,41.869107,-87.69629300000004,8,52592.08393632417,76.5,0.42510853835021706,11.5,80.5,71.5,4.0,4.149999999999997,17.290520984081038,0.28184515195368737,67.94609261939219,0,0,1,0,0,0,0
1382,50100,80.5,71.5,76.5,4.15,6.5,6.4499999999999975,1854,459,0.0,4,53.45788043478261,70.5,11.5,0.53,29.20000000000001,41.869107,-87.69629300000004,8,52590.281995661615,76.5,0.4248011569052784,11.5,80.5,71.5,4.0,4.149999999999997,17.282718727404195,0.28202458423716265,67.94793926247289,0,0,0,1,0,0,0
1383,50100,80.5,71.5,76.5,4.15,6.5,6.4499999999999975,1854,459,0.0,4,53.45788043478261,70.5,11.5,0.53,29.20000000000001,41.723195,-87.64997,8,52588.48265895954,76.5,0.4244942196531792,11.5,80.5,71.5,4.0,4.149999999999997,17.27492774566474,0.28220375722543056,67.94978323699422,0,1,0,0,0,0,0
1384,50100,80.5,71.5,76.5,4.15,6.5,6.4499999999999975,1854,459,0.0,4,53.45788043478261,70.5,11.5,0.53,29.20000000000001,41.723195,-87.64997,8,52586.68592057762,76.5,0.4241877256317689,11.5,80.5,71.5,4.0,4.149999999999997,17.26714801444043,0.2823826714801414,67.95162454873646,0,0,1,0,0,0,0
1385,50100,80.5,71.5,76.5,4.15,6.5,6.4499999999999975,1854,459,0.0,4,53.45788043478261,70.5,11.5,0.53,29.20000000000001,41.868077,-87.666901,8,52584.891774891774,76.5,0.42388167388167386,11.5,80.5,71.5,4.0,4.149999999999997,17.25937950937951,0.28256132756132457,67.9534632034632,0,1,0,0,0,0,0
1386,50100,80.5,71.5,76.5,4.15,6.5,6.4499999999999975,1854,459,0.0,4,53.45788043478261,70.5,11.5,0.53,29.20000000000001,41.868077,-87.666901,8,52583.10021629416,76.5,0.42357606344628695,11.5,80.5,71.5,4.0,4.149999999999997,17.251622206200434,0.2827397260273942,67.95529920692141,0,0,1,0,0,0,0
1387,50100,80.5,71.5,76.5,4.15,6.5,6.4499999999999975,1854,459,0.0,4,53.45788043478261,70.5,11.5,0.53,29.20000000000001,41.868077,-87.666901,8,52581.311239193084,76.5,0.4232708933717579,11.5,80.5,71.5,4.0,4.149999999999997,17.243876080691642,0.28291786743515546,67.9571325648415,0,0,0,1,0,0,0
1388,50100,80.5,71.5,76.5,4.15,6.5,6.4499999999999975,1854,459,0.0,4,53.45788043478261,70.5,11.5,0.53,29.20000000000001,41.862292,-87.64886,8,52579.524838012956,76.5,0.42296616270698345,11.5,80.5,71.5,4.0,4.149999999999997,17.236141108711305,0.28309575233980977,67.95896328293736,0,1,0,0,0,0,0
1389,50100,80.5,71.5,76.5,4.15,6.5,6.4499999999999975,1854,459,0.0,4,53.45788043478261,70.5,11.5,0.53,29.20000000000001,41.862292,-87.64886,8,52577.741007194236,76.5,0.4226618705035971,11.5,80.5,71.5,4.0,4.149999999999997,17.22841726618705,0.2832733812949609,67.96079136690648,0,0,1,0,0,0,0
1390,50100,80.5,71.5,76.5,4.15,6.5,6.4499999999999975,1854,459,0.0,4,53.45788043478261,70.5,11.5,0.53,29.20000000000001,41.869216,-87.627561,8,52575.95974119339,76.5,0.4223580158159597,11.5,80.5,71.5,4.0,4.149999999999997,17.220704529115743,0.2834507548526209,67.96261682242991,0,1,0,0,0,0,0
1391,50100,80.5,71.5,76.5,4.15,6.5,6.4499999999999975,1854,459,0.0,4,53.45788043478261,70.5,11.5,0.53,29.20000000000001,41.869216,-87.627561,8,52574.18103448276,76.5,0.4220545977011495,11.5,80.5,71.5,4.0,4.149999999999997,17.21300287356322,0.2836278735632153,67.9644396551724,0,0,1,0,0,0,0
1392,50100,80.5,71.5,76.5,4.15,6.5,6.4499999999999975,1854,459,0.0,4,53.45788043478261,70.5,11.5,0.53,29.20000000000001,41.720848,-87.666014,8,52572.40488155062,76.5,0.4217516152189519,11.5,80.5,71.5,4.0,4.149999999999997,17.205312275664035,0.28380473797558914,67.96625987078248,0,1,0,0,0,0,0
1393,50100,80.5,71.5,76.5,4.15,6.5,6.4499999999999975,1854,459,0.0,4,53.45788043478261,70.5,11.5,0.53,29.20000000000001,41.720848,-87.666014,8,52570.631276901004,76.5,0.4214490674318508,11.5,80.5,71.5,4.0,4.149999999999997,17.197632711621235,0.28398134863701263,67.9680774748924,0,0,1,0,0,0,0
1394,50100,80.5,71.5,76.5,4.15,6.5,6.4499999999999975,1854,459,0.0,4,53.45788043478261,70.5,11.5,0.53,29.20000000000001,41.704336,-87.70373599999998,8,52568.86021505376,76.5,0.4211469534050179,11.5,80.5,71.5,4.0,4.149999999999997,17.18996415770609,0.2841577060931868,67.96989247311828,0,1,0,0,0,0,0
1395,50100,80.5,71.5,76.5,4.15,6.5,6.4499999999999975,1854,459,0.0,4,53.45788043478261,70.5,11.5,0.53,29.20000000000001,41.704336,-87.70373599999998,8,52567.09169054442,76.5,0.4208452722063037,11.5,80.5,71.5,4.0,4.149999999999997,17.18230659025788,0.284333810888249,67.97170487106017,0,0,1,0,0,0,0
1396,50100,80.5,71.5,76.5,4.15,6.5,6.4499999999999975,1854,459,0.0,4,53.45788043478261,70.5,11.5,0.53,29.20000000000001,41.704336,-87.70373599999998,8,52565.32569792412,76.5,0.4205440229062276,11.5,80.5,71.5,4.0,4.149999999999997,17.174659985683608,0.2845096635647785,67.97351467430208,0,0,0,1,0,0,0
1397,50100,80.5,71.5,76.5,4.15,6.5,6.4499999999999975,1854,459,0.0,4,53.45788043478261,70.5,11.5,0.53,29.20000000000001,41.731922,-87.677512,8,52563.56223175966,76.5,0.4202432045779685,11.5,80.5,71.5,4.0,4.149999999999997,17.167024320457802,0.28468526466380223,67.97532188841201,0,1,0,0,0,0,0
1398,50100,80.5,71.5,76.5,4.15,6.5,6.4499999999999975,1854,459,0.0,4,53.45788043478261,70.5,11.5,0.53,29.20000000000001,41.731922,-87.677512,8,52561.80128663331,76.5,0.4199428162973553,11.5,80.5,71.5,4.0,4.149999999999997,17.159399571122233,0.28486061472480023,67.9771265189421,0,0,1,0,0,0,0
1399,50100,80.5,71.5,76.5,4.15,6.5,6.4499999999999975,1854,459,0.0,4,53.45788043478261,70.5,11.5,0.53,29.20000000000001,41.731922,-87.677512,8,52560.042857142864,76.5,0.4196428571428572,11.5,80.5,71.5,4.0,4.149999999999997,17.151785714285715,0.28503571428571106,67.97892857142857,0,0,0,1,0,0,0
1400,50100,80.5,71.5,76.5,4.15,6.5,6.4499999999999975,1854,459,0.0,4,53.45788043478261,70.5,11.5,0.53,29.20000000000001,41.644612,-87.60449799999998,8,52558.286937901496,76.5,0.4193433261955746,11.5,80.5,71.5,4.0,4.149999999999997,17.14418272662384,0.2852105638829375,67.98072805139186,0,1,0,0,0,0,0
1401,50100,80.5,71.5,76.5,4.15,6.5,6.4499999999999975,1854,459,0.0,4,53.45788043478261,70.5,11.5,0.53,29.20000000000001,41.644612,-87.60449799999998,8,52556.5335235378,76.5,0.4190442225392297,11.5,80.5,71.5,4.0,4.149999999999997,17.136590584878746,0.28538516405135195,67.98252496433665,0,0,1,0,0,0,0
1402,50100,80.5,71.5,76.5,4.15,6.5,6.4499999999999975,1854,459,0.0,4,53.45788043478261,70.5,11.5,0.53,29.20000000000001,41.733643,-87.55551,8,52554.782608695656,76.5,0.4187455452601568,11.5,80.5,71.5,4.0,4.149999999999997,17.129009265858873,0.2855595153243018,67.98431931575196,0,1,0,0,0,0,0
1403,50100,80.5,71.5,76.5,4.15,6.5,6.4499999999999975,1854,459,0.0,4,53.45788043478261,70.5,11.5,0.53,29.20000000000001,41.733643,-87.55551,8,52553.03418803419,76.5,0.4184472934472934,11.5,80.5,71.5,4.0,4.149999999999997,17.121438746438745,0.2857336182336149,67.9861111111111,0,0,1,0,0,0,0
1404,50100,80.5,71.5,76.5,4.15,6.5,6.4499999999999975,1854,459,0.0,4,53.45788043478261,70.5,11.5,0.53,29.20000000000001,41.717753,-87.531657,8,52551.28825622777,76.5,0.4181494661921708,11.5,80.5,71.5,4.0,4.149999999999997,17.113879003558722,0.2859074733096052,67.98790035587189,0,1,0,0,0,0,0
1405,50100,80.5,71.5,76.5,4.15,6.5,6.4499999999999975,1854,459,0.0,4,53.45788043478261,70.5,11.5,0.53,29.20000000000001,41.717753,-87.531657,8,52549.54480796586,76.5,0.4178520625889047,11.5,80.5,71.5,4.0,4.149999999999997,17.106330014224753,0.2860810810810777,67.98968705547652,0,0,1,0,0,0,0
1406,50100,80.5,71.5,76.5,4.15,6.5,6.4499999999999975,1854,459,0.0,4,53.45788043478261,70.5,11.5,0.53,29.20000000000001,41.750498,-87.605294,8,52547.803837953084,76.5,0.4175550817341862,11.5,80.5,71.5,4.0,4.149999999999997,17.098791755508174,0.28625444207533424,67.99147121535181,0,1,0,0,0,0,0
1407,50100,80.5,71.5,76.5,4.15,6.5,6.4499999999999975,1854,459,0.0,4,53.45788043478261,70.5,11.5,0.53,29.20000000000001,41.750498,-87.605294,8,52546.06534090909,76.5,0.4172585227272727,11.5,80.5,71.5,4.0,4.149999999999997,17.091264204545453,0.28642755681817844,67.9932528409091,0,0,1,0,0,0,0
1408,50100,80.5,71.5,76.5,4.15,6.5,6.4499999999999975,1854,459,0.0,4,53.45788043478261,70.5,11.5,0.53,29.20000000000001,41.702724,-87.536497,8,52544.32931156849,76.5,0.4169623846699787,11.5,80.5,71.5,4.0,4.149999999999997,17.083747338537968,0.28660042583392137,67.99503193754435,0,1,0,0,0,0,0
1409,50100,80.5,71.5,76.5,4.15,6.5,6.4499999999999975,1854,459,0.0,4,53.45788043478261,70.5,11.5,0.53,29.20000000000001,41.702724,-87.536497,8,52542.595744680846,76.5,0.4166666666666667,11.5,80.5,71.5,4.0,4.149999999999997,17.076241134751772,0.28677304964538664,67.99680851063829,0,0,1,0,0,0,0
1410,50100,80.5,71.5,76.5,4.15,6.5,6.4499999999999975,1854,459,0.0,4,53.45788043478261,70.5,11.5,0.53,29.20000000000001,41.702724,-87.536497,8,52540.864635010636,76.5,0.4163713678242381,11.5,80.5,71.5,4.0,4.149999999999997,17.068745570517365,0.28694542877391577,67.99858256555636,0,0,0,0,1,0,0
1411,50100,80.5,71.5,76.5,4.15,6.5,6.4499999999999975,1854,459,0.0,4,53.45788043478261,70.5,11.5,0.53,29.20000000000001,41.702724,-87.536497,8,52539.13597733711,76.5,0.4160764872521247,11.5,80.5,71.5,4.0,4.149999999999997,17.06126062322946,0.2871175637393733,68.00035410764872,0,0,0,0,0,0,1
1412,50100,80.5,71.5,76.5,4.15,6.5,6.4499999999999975,1854,459,0.0,4,53.45788043478261,70.5,11.5,0.53,29.20000000000001,41.729669,-87.582699,8,52537.409766454344,76.5,0.4157820240622788,11.5,80.5,71.5,4.0,4.149999999999997,17.05378627034678,0.28728945506015224,68.00212314225053,0,1,0,0,0,0,0
1413,50100,80.5,71.5,76.5,4.15,6.5,6.4499999999999975,1854,459,0.0,4,53.45788043478261,70.5,11.5,0.53,29.20000000000001,41.729669,-87.582699,8,52535.685997171146,76.5,0.4154879773691655,11.5,80.5,71.5,4.0,4.149999999999997,17.046322489391795,0.287461103253179,68.00388967468176,0,0,1,0,0,0,0
1414,50100,80.5,71.5,76.5,4.15,6.5,6.4499999999999975,1854,459,0.0,4,53.45788043478261,70.5,11.5,0.53,29.20000000000001,41.798697,-87.736812,8,52533.964664310944,76.5,0.4151943462897527,11.5,80.5,71.5,4.0,4.149999999999997,17.03886925795053,0.2876325088339188,68.00565371024734,0,1,0,0,0,0,0
1415,50100,80.5,71.5,76.5,4.15,6.5,6.4499999999999975,1854,459,0.0,4,53.45788043478261,70.5,11.5,0.53,29.20000000000001,41.798697,-87.736812,8,52532.24576271186,76.5,0.4149011299435028,11.5,80.5,71.5,4.0,4.149999999999997,17.031426553672315,0.28780367231638065,68.00741525423729,0,0,1,0,0,0,0
1416,50100,80.5,71.5,76.5,4.15,6.5,6.4499999999999975,1854,459,0.0,4,53.45788043478261,70.5,11.5,0.53,29.20000000000001,41.798697,-87.736812,8,52530.529287226535,76.5,0.41460832745236414,11.5,80.5,71.5,4.0,4.149999999999997,17.023994354269586,0.2879745942131228,68.0091743119266,0,0,0,1,0,0,0
1417,50100,80.5,71.5,76.5,4.15,6.5,6.4499999999999975,1854,459,0.0,4,53.45788043478261,70.5,11.5,0.53,29.20000000000001,41.673408,-87.599862,8,52528.81523272215,76.5,0.4143159379407617,11.5,80.5,71.5,4.0,4.149999999999997,17.01657263751763,0.2881452750352574,68.01093088857546,0,1,0,0,0,0,0
1418,50100,80.5,71.5,76.5,4.15,6.5,6.4499999999999975,1854,459,0.0,4,53.45788043478261,70.5,11.5,0.53,29.20000000000001,41.891126,-87.61156,8,52527.10359408034,76.5,0.4140239605355884,11.5,80.5,71.5,4.0,4.149999999999997,17.009161381254405,0.2883157152924559,68.01268498942918,0,0,1,0,0,0,0
1419,50100,80.5,71.5,76.5,4.15,6.5,6.4499999999999975,1854,459,0.0,4,53.45788043478261,70.5,11.5,0.53,29.20000000000001,41.891126,-87.61156,8,52525.394366197186,76.5,0.4137323943661972,11.5,80.5,71.5,4.0,4.149999999999997,17.00176056338028,0.28848591549295416,68.01443661971831,0,0,0,1,0,0,0
1420,50100,80.5,71.5,76.5,4.15,6.5,6.4499999999999975,1854,459,0.0,4,53.45788043478261,70.5,11.5,0.53,29.20000000000001,41.662014,-87.72460799999998,8,52523.68754398311,76.5,0.4134412385643913,11.5,80.5,71.5,4.0,4.149999999999997,16.994370161857848,0.2886558761435573,68.01618578465869,0,1,0,0,0,0,0
1421,50100,80.5,71.5,76.5,4.15,6.5,6.4499999999999975,1854,459,0.0,4,53.45788043478261,70.5,11.5,0.53,29.20000000000001,41.662014,-87.72460799999998,8,52521.98312236287,76.5,0.4131504922644163,11.5,80.5,71.5,4.0,4.149999999999997,16.98699015471167,0.2888255977496448,68.01793248945148,0,0,1,0,0,0,0
1422,50100,80.5,71.5,76.5,4.15,6.5,6.4499999999999975,1854,459,0.0,4,53.45788043478261,70.5,11.5,0.53,29.20000000000001,41.662014,-87.72460799999998,8,52520.28109627547,76.5,0.4128601546029515,11.5,80.5,71.5,4.0,4.149999999999997,16.97962052002811,0.28899508081517555,68.0196767392832,0,0,0,1,0,0,0
1423,50100,80.5,71.5,76.5,4.15,6.5,6.4499999999999975,1854,459,0.0,4,53.45788043478261,70.5,11.5,0.53,29.20000000000001,41.72646500000001,-87.585413,8,52518.58146067416,76.5,0.4125702247191011,11.5,80.5,71.5,4.0,4.149999999999997,16.972261235955056,0.28916432584269297,68.02141853932585,0,1,0,0,0,0,0
1424,50100,80.5,71.5,76.5,4.15,6.5,6.4499999999999975,1854,459,0.0,4,53.45788043478261,70.5,11.5,0.53,29.20000000000001,41.72646500000001,-87.585413,8,52516.88421052632,76.5,0.412280701754386,11.5,80.5,71.5,4.0,4.149999999999997,16.964912280701753,0.2893333333333297,68.02315789473684,0,0,1,0,0,0,0
1425,50100,80.5,71.5,76.5,4.15,6.5,6.4499999999999975,1854,459,0.0,4,53.45788043478261,70.5,11.5,0.53,29.20000000000001,41.961743,-87.76007,8,52515.18934081346,76.5,0.4119915848527349,11.5,80.5,71.5,4.0,4.149999999999997,16.957573632538573,0.28950210378681257,68.02489481065919,0,1,0,0,0,0,0
1426,50100,80.5,71.5,76.5,4.15,6.5,6.4499999999999975,1854,459,0.0,4,53.45788043478261,70.5,11.5,0.53,29.20000000000001,41.961743,-87.76007,8,52513.49684653118,76.5,0.41170287316047655,11.5,80.5,71.5,4.0,4.149999999999997,16.950245269796778,0.28967063770146795,68.02662929222144,0,0,1,0,0,0,0
1427,50100,80.5,71.5,76.5,4.15,6.5,6.4499999999999975,1854,459,0.0,4,53.45788043478261,70.5,11.5,0.53,29.20000000000001,41.953067,-87.776792,8,52511.806722689085,76.5,0.4114145658263305,11.5,80.5,71.5,4.0,4.149999999999997,16.942927170868348,0.289838935574226,68.02836134453781,0,1,0,0,0,0,0
1428,50100,80.5,71.5,76.5,4.15,6.5,6.4499999999999975,1854,459,0.0,4,53.45788043478261,70.5,11.5,0.53,29.20000000000001,41.953067,-87.776792,8,52510.11896431071,76.5,0.4111266620013996,11.5,80.5,71.5,4.0,4.149999999999997,16.935619314205738,0.2900069979006261,68.03009097270821,0,0,1,0,0,0,0
1429,50100,80.5,71.5,76.5,4.15,6.5,6.4499999999999975,1854,459,0.0,4,53.45788043478261,70.5,11.5,0.53,29.20000000000001,41.999129,-87.795585,8,52508.43356643357,76.5,0.4108391608391608,11.5,80.5,71.5,4.0,4.149999999999997,16.928321678321677,0.2901748251748214,68.03181818181818,0,1,0,0,0,0,0
1430,50100,80.5,71.5,76.5,4.15,6.5,6.4499999999999975,1854,459,0.0,4,53.45788043478261,70.5,11.5,0.53,29.20000000000001,41.999129,-87.795585,8,52506.75052410901,76.5,0.4105520614954577,11.5,80.5,71.5,4.0,4.149999999999997,16.921034241788963,0.2903424178895839,68.0335429769392,0,0,1,0,0,0,0
1431,50100,80.5,71.5,76.5,4.15,6.5,6.4499999999999975,1854,459,0.0,4,53.45788043478261,70.5,11.5,0.53,29.20000000000001,41.999129,-87.795585,8,52505.06983240224,76.5,0.4102653631284916,11.5,80.5,71.5,4.0,4.149999999999997,16.913756983240226,0.29050977653630905,68.03526536312849,0,0,0,1,0,0,0
1432,50100,80.5,71.5,76.5,4.15,6.5,6.4499999999999975,1854,459,0.0,4,53.45788043478261,70.5,11.5,0.53,29.20000000000001,41.94016,-87.794896,8,52503.391486392175,76.5,0.4099790648988137,11.5,80.5,71.5,4.0,4.149999999999997,16.906489881367758,0.29067690160502063,68.03698534542917,0,1,0,0,0,0,0
1433,50100,80.5,71.5,76.5,4.15,6.5,6.4499999999999975,1854,459,0.0,4,53.45788043478261,70.5,11.5,0.53,29.20000000000001,41.94016,-87.794896,8,52501.715481171545,76.5,0.4096931659693166,11.5,80.5,71.5,4.0,4.149999999999997,16.899232914923292,0.2908437935843756,68.0387029288703,0,0,1,0,0,0,0
1434,50100,80.5,71.5,76.5,4.15,6.5,6.4499999999999975,1854,459,0.0,4,53.45788043478261,70.5,11.5,0.53,29.20000000000001,41.878114,-87.629798,8,52500.04181184669,76.5,0.4094076655052265,11.5,80.5,71.5,4.0,4.149999999999997,16.89198606271777,0.29101045296166866,68.0404181184669,0,1,0,0,0,0,0
1435,50100,80.5,71.5,76.5,4.15,6.5,6.4499999999999975,1854,459,0.0,4,53.45788043478261,70.5,11.5,0.53,29.20000000000001,41.878114,-87.629798,8,52498.370473537594,76.5,0.4091225626740947,11.5,80.5,71.5,4.0,4.149999999999997,16.88474930362117,0.2911768802228374,68.04213091922007,0,0,1,0,0,0,0
1436,50100,80.5,71.5,76.5,4.15,6.5,6.4499999999999975,1854,459,0.0,4,53.45788043478261,70.5,11.5,0.53,29.20000000000001,41.932094,-87.700117,8,52496.701461377874,76.5,0.40883785664578987,11.5,80.5,71.5,4.0,4.149999999999997,16.877522616562278,0.2913430758524665,68.0438413361169,0,1,0,0,0,0,0
1437,50100,80.5,71.5,76.5,4.15,6.5,6.4499999999999975,1854,459,0.0,4,53.45788043478261,70.5,11.5,0.53,29.20000000000001,41.932094,-87.700117,8,52495.03477051461,76.5,0.4085535465924896,11.5,80.5,71.5,4.0,4.149999999999997,16.87030598052851,0.29150904033379305,68.04554937413074,0,0,1,0,0,0,0
1438,50100,80.5,71.5,76.5,4.15,6.5,6.4499999999999975,1854,459,0.0,4,53.45788043478261,70.5,11.5,0.53,29.20000000000001,42.01743,-87.68776899999996,8,52493.37039610841,76.5,0.4082696316886727,11.5,80.5,71.5,4.0,4.149999999999997,16.86309937456567,0.2916747741487105,68.04725503822098,0,1,0,0,0,0,0
1439,50100,80.5,71.5,76.5,4.15,6.5,6.4499999999999975,1854,459,0.0,4,53.45788043478261,70.5,11.5,0.53,29.20000000000001,42.01743,-87.68776899999996,8,52491.70833333334,76.5,0.4079861111111111,11.5,80.5,71.5,4.0,4.149999999999997,16.85590277777778,0.2918402777777739,68.04895833333333,0,0,1,0,0,0,0
1440,50100,80.5,71.5,76.5,4.15,6.5,6.4499999999999975,1854,459,0.0,4,53.45788043478261,70.5,11.5,0.53,29.20000000000001,41.994469,-87.667736,8,52490.048577376816,76.5,0.4077029840388619,11.5,80.5,71.5,4.0,4.149999999999997,16.848716169326856,0.29200555170020426,68.05065926439973,0,1,0,0,0,0,0
1441,50100,80.5,71.5,76.5,4.15,6.5,6.4499999999999975,1854,459,0.0,4,53.45788043478261,70.5,11.5,0.53,29.20000000000001,41.994469,-87.667736,8,52488.391123439666,76.5,0.40742024965325935,11.5,80.5,71.5,4.0,4.149999999999997,16.841539528432733,0.2921705963938934,68.05235783633843,0,0,1,0,0,0,0
1442,50100,80.5,71.5,76.5,4.15,6.5,6.4499999999999975,1854,459,0.0,4,53.45788043478261,70.5,11.5,0.53,29.20000000000001,42.006858,-87.675919,8,52486.73596673596,76.5,0.4071379071379072,11.5,80.5,71.5,4.0,4.149999999999997,16.834372834372836,0.2923354123354084,68.05405405405405,0,0,1,0,0,0,0
1443,50100,80.5,71.5,76.5,4.15,6.5,6.4499999999999975,1854,459,0.0,4,53.45788043478261,70.5,11.5,0.53,29.20000000000001,41.916265,-87.800515,8,52485.083102493074,76.5,0.4068559556786703,11.5,80.5,71.5,4.0,4.149999999999997,16.827216066481995,0.29249999999999604,68.05574792243767,0,1,0,0,0,0,0
1444,50100,80.5,71.5,76.5,4.15,6.5,6.4499999999999975,1854,459,0.0,4,53.45788043478261,70.5,11.5,0.53,29.20000000000001,41.916265,-87.800515,8,52483.43252595155,76.5,0.40657439446366783,11.5,80.5,71.5,4.0,4.149999999999997,16.82006920415225,0.2926643598615877,68.05743944636679,0,0,1,0,0,0,0
1445,50100,80.5,71.5,76.5,4.15,6.5,6.4499999999999975,1854,459,0.0,4,53.45788043478261,70.5,11.5,0.53,29.20000000000001,41.916265,-87.800515,8,52481.784232365135,76.5,0.4062932226832642,11.5,80.5,71.5,4.0,4.149999999999997,16.812932226832643,0.2928284923928037,68.05912863070539,0,0,0,1,0,0,0
1446,50100,80.5,71.5,76.5,4.15,6.5,6.4499999999999975,1854,459,0.0,4,53.45788043478261,70.5,11.5,0.53,29.20000000000001,41.846075,-87.716277,8,52480.138217000684,76.5,0.4060124395300622,11.5,80.5,71.5,4.0,4.149999999999997,16.805805114029027,0.292992398064958,68.06081548030407,0,1,0,0,0,0,0
1447,50100,80.5,71.5,76.5,4.15,6.5,6.4499999999999975,1854,459,0.0,4,53.45788043478261,70.5,11.5,0.53,29.20000000000001,41.846075,-87.716277,8,52478.49447513811,76.5,0.405732044198895,11.5,80.5,71.5,4.0,4.149999999999997,16.798687845303867,0.29315607734806226,68.0625,0,0,1,0,0,0,0
1448,50100,80.5,71.5,76.5,4.15,6.5,6.4499999999999975,1854,459,0.0,4,53.45788043478261,70.5,11.5,0.53,29.20000000000001,41.907645,-87.760886,8,52476.85300207039,76.5,0.4054520358868185,11.5,80.5,71.5,4.0,4.149999999999997,16.791580400276054,0.293319530710831,68.06418219461698,0,1,0,0,0,0,0
1449,50100,80.5,71.5,76.5,4.15,6.5,6.4499999999999975,1854,459,0.0,4,53.45788043478261,70.5,11.5,0.53,29.20000000000001,41.907645,-87.760886,8,52475.213793103445,76.5,0.4051724137931034,11.5,80.5,71.5,4.0,4.149999999999997,16.78448275862069,0.2934827586206856,68.06586206896552,0,0,1,0,0,0,0
1450,50100,80.5,71.5,76.5,4.15,6.5,6.4499999999999975,1854,459,0.0,4,53.45788043478261,70.5,11.5,0.53,29.20000000000001,41.918705,-87.752329,8,52473.57684355617,76.5,0.4048931771192281,11.5,80.5,71.5,4.0,4.149999999999997,16.777394900068916,0.2936457615437588,68.06753962784286,0,1,0,0,0,0,0
1451,50100,80.5,71.5,76.5,4.15,6.5,6.4499999999999975,1854,459,0.0,4,53.45788043478261,70.5,11.5,0.53,29.20000000000001,41.918705,-87.752329,8,52471.94214876033,76.5,0.4046143250688705,11.5,80.5,71.5,4.0,4.149999999999997,16.770316804407713,0.2938085399448995,68.06921487603306,0,0,1,0,0,0,0
1452,50100,80.5,71.5,76.5,4.15,6.5,6.4499999999999975,1854,459,0.0,4,53.45788043478261,70.5,11.5,0.53,29.20000000000001,41.918705,-87.752329,8,52470.30970406056,76.5,0.4043358568479009,11.5,80.5,71.5,4.0,4.149999999999997,16.763248451479694,0.2939710942876765,68.07088781830696,0,0,0,1,0,0,0
1453,50100,80.5,71.5,76.5,4.15,6.5,6.4499999999999975,1854,459,0.0,4,53.45788043478261,70.5,11.5,0.53,29.20000000000001,41.776156,-87.778927,8,52468.679504814296,76.5,0.4040577716643741,11.5,80.5,71.5,4.0,4.149999999999997,16.756189821182947,0.2941334250343838,68.07255845942228,0,1,0,0,0,0,0
1454,50100,80.5,71.5,76.5,4.15,6.5,6.4499999999999975,1854,459,0.0,4,53.45788043478261,70.5,11.5,0.53,29.20000000000001,41.776156,-87.778927,8,52467.051546391755,76.5,0.4037800687285224,11.5,80.5,71.5,4.0,4.149999999999997,16.749140893470788,0.294295532646044,68.07422680412371,0,0,1,0,0,0,0
1455,50100,80.5,71.5,76.5,4.15,6.5,6.4499999999999975,1854,459,0.0,4,53.45788043478261,70.5,11.5,0.53,29.20000000000001,41.772846,-87.740029,8,52465.42582417582,76.5,0.4035027472527473,11.5,80.5,71.5,4.0,4.149999999999997,16.74210164835165,0.2944574175824134,68.07589285714286,0,1,0,0,0,0,0
1456,50100,80.5,71.5,76.5,4.15,6.5,6.4499999999999975,1854,459,0.0,4,53.45788043478261,70.5,11.5,0.53,29.20000000000001,41.772846,-87.740029,8,52463.80233356211,76.5,0.4032258064516129,11.5,80.5,71.5,4.0,4.149999999999997,16.73507206588881,0.2946190803019862,68.07755662319835,0,0,1,0,0,0,0
1457,50100,80.5,71.5,76.5,4.15,6.5,6.4499999999999975,1854,459,0.0,4,53.45788043478261,70.5,11.5,0.53,29.20000000000001,41.825902,-87.667827,8,52462.181069958846,76.5,0.4029492455418381,11.5,80.5,71.5,4.0,4.149999999999997,16.728052126200275,0.2947805212619985,68.07921810699588,0,1,0,0,0,0,0
1458,50100,80.5,71.5,76.5,4.15,6.5,6.4499999999999975,1854,459,0.0,4,53.45788043478261,70.5,11.5,0.53,29.20000000000001,41.825902,-87.667827,8,52460.56202878684,76.5,0.4026730637422892,11.5,80.5,71.5,4.0,4.149999999999997,16.721041809458534,0.29494174091843306,68.08087731322824,0,0,1,0,0,0,0
1459,50100,80.5,71.5,76.5,4.15,6.5,6.4499999999999975,1854,459,0.0,4,53.45788043478261,70.5,11.5,0.53,29.20000000000001,41.682587,-87.707973,8,52458.94520547945,76.5,0.4023972602739726,11.5,80.5,71.5,4.0,4.149999999999997,16.714041095890412,0.2951027397260232,68.08253424657535,0,1,0,0,0,0,0
1460,50100,80.5,71.5,76.5,4.15,6.5,6.4499999999999975,1854,459,0.0,4,53.45788043478261,70.5,11.5,0.53,29.20000000000001,41.682587,-87.707973,8,52457.33059548255,76.5,0.40212183436002735,11.5,80.5,71.5,4.0,4.149999999999997,16.707049965776864,0.29526351813825724,68.08418891170432,0,0,1,0,0,0,0
1461,50100,80.5,71.5,76.5,4.15,6.5,6.4499999999999975,1854,459,0.0,4,53.45788043478261,70.5,11.5,0.53,29.20000000000001,41.682587,-87.707973,8,52455.718194254456,76.5,0.4018467852257182,11.5,80.5,71.5,4.0,4.149999999999997,16.700068399452807,0.2954240766073829,68.0858413132695,0,0,0,1,0,0,0
1462,50100,80.5,71.5,76.5,4.15,6.5,6.4499999999999975,1854,459,0.0,4,53.45788043478261,70.5,11.5,0.53,29.20000000000001,41.732984,-87.649642,8,52454.10799726589,76.5,0.4015721120984279,11.5,80.5,71.5,4.0,4.149999999999997,16.693096377306905,0.2955844155844113,68.0874914559125,0,1,0,0,0,0,0
1463,50100,80.5,71.5,76.5,4.15,6.5,6.4499999999999975,1854,459,0.0,4,53.45788043478261,70.5,11.5,0.53,29.20000000000001,41.732984,-87.649642,8,52452.5,76.5,0.4012978142076503,11.5,80.5,71.5,4.0,4.149999999999997,16.68613387978142,0.2957445355191214,68.08913934426228,0,0,1,0,0,0,0
1464,50100,80.5,71.5,76.5,4.15,6.5,6.4499999999999975,1854,459,0.0,4,53.45788043478261,70.5,11.5,0.53,29.20000000000001,41.732984,-87.649642,8,52450.89419795221,76.5,0.40102389078498296,11.5,80.5,71.5,4.0,4.149999999999997,16.679180887372013,0.295904436860064,68.09078498293515,0,0,0,1,0,0,0
1465,50100,80.5,71.5,76.5,4.15,6.5,6.4499999999999975,1854,459,0.0,4,53.45788043478261,70.5,11.5,0.53,29.20000000000001,41.903002,-87.68826700000002,8,52449.29058663028,76.5,0.4007503410641201,11.5,80.5,71.5,4.0,4.149999999999997,16.672237380627557,0.29606412005456595,68.09242837653478,0,1,0,0,0,0,0
1466,50100,80.5,71.5,76.5,4.15,6.5,6.4499999999999975,1854,459,0.0,4,53.45788043478261,70.5,11.5,0.53,29.20000000000001,41.903002,-87.68826700000002,8,52447.68916155419,76.5,0.4004771642808453,11.5,80.5,71.5,4.0,4.149999999999997,16.665303340149965,0.29622358554873457,68.09406952965236,0,0,1,0,0,0,0
1467,50100,80.5,71.5,76.5,4.15,6.5,6.4499999999999975,1854,459,0.0,4,53.45788043478261,70.5,11.5,0.53,29.20000000000001,41.719059,-87.675088,8,52446.08991825613,76.5,0.4002043596730245,11.5,80.5,71.5,4.0,4.149999999999997,16.658378746594007,0.2963828337874616,68.09570844686647,0,1,0,0,0,0,0
1468,50100,80.5,71.5,76.5,4.15,6.5,6.4499999999999975,1854,459,0.0,4,53.45788043478261,70.5,11.5,0.53,29.20000000000001,41.719059,-87.675088,8,52444.49285228046,76.5,0.3999319264805991,11.5,80.5,71.5,4.0,4.149999999999997,16.65146358066712,0.2965418652144272,68.09734513274336,0,0,1,0,0,0,0
1469,50100,80.5,71.5,76.5,4.15,6.5,6.4499999999999975,1854,459,0.0,4,53.45788043478261,70.5,11.5,0.53,29.20000000000001,41.725517,-87.61425799999998,8,52442.89795918368,76.5,0.39965986394557823,11.5,80.5,71.5,4.0,4.149999999999997,16.64455782312925,0.29670068027210444,68.09897959183674,0,1,0,0,0,0,0
1470,50100,80.5,71.5,76.5,4.15,6.5,6.4499999999999975,1854,459,0.0,4,53.45788043478261,70.5,11.5,0.53,29.20000000000001,41.725517,-87.61425799999998,8,52441.30523453434,76.5,0.39938817131203264,11.5,80.5,71.5,4.0,4.149999999999997,16.637661454792653,0.2968592794017631,68.10061182868797,0,0,1,0,0,0,0
1471,50100,80.5,71.5,76.5,4.15,6.5,6.4499999999999975,1854,459,0.0,4,53.45788043478261,70.5,11.5,0.53,29.20000000000001,41.948167,-87.730698,8,52439.71467391304,76.5,0.39911684782608703,11.5,80.5,71.5,4.0,4.149999999999997,16.63077445652174,0.2970176630434738,68.1022418478261,0,1,0,0,0,0,0
1472,50100,80.5,71.5,76.5,4.15,6.5,6.4499999999999975,1854,459,0.0,4,53.45788043478261,70.5,11.5,0.53,29.20000000000001,41.948167,-87.730698,8,52438.12627291242,76.5,0.3988458927359131,11.5,80.5,71.5,4.0,4.149999999999997,16.623896809232853,0.29717583163611233,68.10386965376783,0,0,1,0,0,0,0
1473,50100,80.5,71.5,76.5,4.15,6.5,6.4499999999999975,1854,459,0.0,4,53.45788043478261,70.5,11.5,0.53,29.20000000000001,41.966987,-87.674677,8,52436.54002713705,76.5,0.3985753052917232,11.5,80.5,71.5,4.0,4.149999999999997,16.617028493894164,0.29733378561736323,68.10549525101764,0,1,0,0,0,0,0
1474,50100,80.5,71.5,76.5,4.15,6.5,6.4499999999999975,1854,459,0.0,4,53.45788043478261,70.5,11.5,0.53,29.20000000000001,41.966987,-87.674677,8,52434.95593220339,76.5,0.3983050847457627,11.5,80.5,71.5,4.0,4.149999999999997,16.610169491525422,0.2974915254237244,68.1071186440678,0,0,1,0,0,0,0
1475,50100,80.5,71.5,76.5,4.15,6.5,6.4499999999999975,1854,459,0.0,4,53.45788043478261,70.5,11.5,0.53,29.20000000000001,41.963976,-87.69181,8,52433.37398373983,76.5,0.3980352303523035,11.5,80.5,71.5,4.0,4.149999999999997,16.603319783197833,0.2976490514905104,68.10873983739836,0,1,0,0,0,0,0
1476,50100,80.5,71.5,76.5,4.15,6.5,6.4499999999999975,1854,459,0.0,4,53.45788043478261,70.5,11.5,0.53,29.20000000000001,41.963976,-87.69181,8,52431.794177386604,76.5,0.3977657413676371,11.5,80.5,71.5,4.0,4.149999999999997,16.59647935003385,0.2978063642518574,68.11035883547731,0,0,1,0,0,0,0
1477,49920,77.0,66.0,71.5,3.55,1.0,5.7,1852,500,0.0,-1,53.45788043478261,67.5,6.5,0.0,29.305,41.673408,-87.599862,8,52430.094722598114,76.5,0.3974966170500677,11.5,80.5,71.5,4.0,4.149999999999997,16.585926928281463,0.2976048714478981,68.10994587280108,0,1,0,0,0,0,0
1478,49920,77.0,66.0,71.5,3.55,1.0,5.7,1852,500,0.0,-1,53.45788043478261,67.5,6.5,0.0,29.305,41.673408,-87.599862,8,52428.39756592292,76.5,0.3972278566599053,11.5,80.5,71.5,4.0,4.149999999999997,16.575388776200136,0.2974036511156142,68.10953346855983,0,0,1,0,0,0,0
1479,49920,77.0,66.0,71.5,3.55,1.0,5.7,1852,500,0.0,-1,53.45788043478261,67.5,6.5,0.0,29.305,41.704572,-87.56566600000002,8,52426.70270270269,76.5,0.3969594594594595,11.5,80.5,71.5,4.0,4.149999999999997,16.564864864864866,0.2972027027026982,68.10912162162164,0,1,0,0,0,0,0
1480,49920,77.0,66.0,71.5,3.55,1.0,5.7,1852,500,0.0,-1,53.45788043478261,67.5,6.5,0.0,29.305,41.704572,-87.56566600000002,8,52425.0101282917,76.5,0.39669142471303176,11.5,80.5,71.5,4.0,4.149999999999997,16.554355165428763,0.2970020256583345,68.10871033085753,0,0,1,0,0,0,0
1481,49920,77.0,66.0,71.5,3.55,1.0,5.7,1852,500,0.0,-1,53.45788043478261,67.5,6.5,0.0,29.305,41.72646500000001,-87.585413,8,52423.31983805668,76.5,0.3964237516869096,11.5,80.5,71.5,4.0,4.149999999999997,16.543859649122812,0.2968016194331939,68.1082995951417,0,1,0,0,0,0,0
1482,49800,79.5,62.5,71.5,6.0,31.5,7.1,1851,501,0.0,-2,53.45788043478261,61.5,6.5,0.0,29.435,41.702724,-87.536497,8,52421.550910316924,76.5,0.3961564396493594,11.5,80.5,71.5,4.0,4.149999999999997,16.553944706675658,0.2966014834794291,68.10384356035064,0,1,0,0,0,0,0
1483,49800,79.5,62.5,71.5,6.0,31.5,7.1,1851,501,0.0,-2,53.45788043478261,61.5,6.5,0.0,29.435,41.72646500000001,-87.585413,8,52419.784366576816,76.5,0.39588948787062,11.5,80.5,71.5,4.0,4.149999999999997,16.56401617250674,0.2964016172506694,68.09939353099729,0,1,0,0,0,0,0
1484,49800,79.5,62.5,71.5,6.0,31.5,7.1,1851,501,0.0,-2,53.45788043478261,61.5,6.5,0.0,29.435,41.72646500000001,-87.585413,8,52418.020202020205,71.5,0.3956228956228956,6.5,77.0,71.5,-1.0,4.149999999999997,16.574074074074073,0.2962020202020157,68.09494949494949,0,0,1,0,0,0,0
1485,49800,79.5,62.5,71.5,6.0,31.5,7.1,1851,501,0.0,-2,53.45788043478261,61.5,6.5,0.0,29.435,41.678618,-87.559308,8,52416.258411843875,71.5,0.3953566621803499,6.5,77.0,71.5,-1.0,4.149999999999997,16.584118438761777,0.2960026917900359,68.09051144010768,0,1,0,0,0,0,0
1486,49800,79.5,62.5,71.5,6.0,31.5,7.1,1851,501,0.0,-2,53.45788043478261,61.5,6.5,0.0,29.435,41.678618,-87.559308,8,52414.49899125756,71.5,0.3950907868190989,6.5,77.0,71.5,-1.0,4.149999999999997,16.594149293880296,0.2958036314727595,68.08607935440484,0,0,1,0,0,0,0
1487,49800,79.5,62.5,71.5,6.0,31.5,7.1,1851,501,0.0,-2,53.45788043478261,61.5,6.5,0.0,29.435,41.678618,-87.559308,8,52412.741935483864,71.5,0.3948252688172043,6.5,77.0,66.0,-1.0,4.149999999999997,16.604166666666668,0.29560483870967297,68.08165322580646,0,0,0,0,0,0,1
1488,49800,79.5,62.5,71.5,6.0,31.5,7.1,1851,501,0.0,-2,53.45788043478261,61.5,6.5,0.0,29.435,41.737052,-87.54306700000002,8,52410.98723975823,71.5,0.3945601074546676,6.5,77.0,66.0,-1.0,4.149999999999997,16.614170584284757,0.2954063129617148,68.07723304231028,0,1,0,0,0,0,0
1489,49800,79.5,62.5,71.5,6.0,31.5,7.1,1851,501,0.0,-2,53.45788043478261,61.5,6.5,0.0,29.435,41.737052,-87.54306700000002,8,52409.23489932887,71.5,0.3942953020134228,6.5,79.5,66.0,-2.0,4.149999999999997,16.624161073825505,0.29520805369127073,68.07281879194629,0,0,1,0,0,0,0
1490,49800,79.5,62.5,71.5,6.0,31.5,7.1,1851,501,0.0,-2,53.45788043478261,61.5,6.5,0.0,29.435,41.740641,-87.546587,8,52407.48490945674,71.5,0.39403085177733066,6.5,79.5,66.0,-2.0,4.149999999999997,16.634138162307178,0.2950100603621686,68.06841046277665,0,1,0,0,0,0,0
1491,49800,79.5,62.5,71.5,6.0,31.5,7.1,1851,501,0.0,-2,53.45788043478261,61.5,6.5,0.0,29.435,41.740641,-87.546587,8,52405.73726541555,71.5,0.3937667560321716,6.5,79.5,66.0,-2.0,4.149999999999997,16.644101876675602,0.29481233243967386,68.06400804289544,0,0,1,0,0,0,0
1492,49800,79.5,62.5,71.5,6.0,31.5,7.1,1851,501,0.0,-2,53.45788043478261,61.5,6.5,0.0,29.435,41.740641,-87.546587,8,52403.99196249163,71.5,0.3935030140656397,6.5,79.5,62.5,-2.0,4.149999999999997,16.654052243804422,0.2946148693904845,68.05961152042866,0,0,0,0,0,0,1
1493,49800,79.5,62.5,71.5,6.0,31.5,7.1,1851,501,0.0,-2,53.45788043478261,61.5,6.5,0.0,29.435,41.680946,-87.535198,8,52402.24899598394,71.5,0.393239625167336,6.5,79.5,62.5,-2.0,4.149999999999997,16.663989290495316,0.2944176706827265,68.05522088353413,0,1,0,0,0,0,0
1494,49800,79.5,62.5,71.5,6.0,31.5,7.1,1851,501,0.0,-2,53.45788043478261,61.5,6.5,0.0,29.435,41.680946,-87.535198,8,52400.50836120401,71.5,0.39297658862876256,6.5,79.5,62.5,-2.0,4.149999999999997,16.67391304347826,0.2942207357859488,68.05083612040134,0,0,1,0,0,0,0
1495,49800,79.5,62.5,71.5,6.0,31.5,7.1,1851,501,0.0,-2,53.45788043478261,61.5,6.5,0.0,29.435,41.680946,-87.535198,8,52398.770053475935,71.5,0.3927139037433155,6.5,79.5,62.5,-2.0,4.149999999999997,16.683823529411768,0.2940240641711185,68.04645721925135,0,0,0,0,1,0,0
1496,49800,79.5,62.5,71.5,6.0,31.5,7.1,1851,501,0.0,-2,53.45788043478261,61.5,6.5,0.0,29.435,41.680946,-87.535198,8,52397.03406813627,71.5,0.3924515698062792,6.5,79.5,62.5,-2.0,4.149999999999997,16.693720774883097,0.29382765531061683,68.04208416833667,0,0,0,0,0,0,1
1497,49800,79.5,62.5,71.5,6.0,31.5,7.1,1851,501,0.0,-2,53.45788043478261,61.5,6.5,0.0,29.435,41.686398,-87.531635,8,52395.300400534055,71.5,0.3921895861148197,6.5,79.5,62.5,-2.0,4.149999999999997,16.703604806408546,0.29363150867823323,68.03771695594125,0,1,0,0,0,0,0
1498,49800,79.5,62.5,71.5,6.0,31.5,7.1,1851,501,0.0,-2,53.45788043478261,61.5,6.5,0.0,29.435,41.686398,-87.531635,8,52393.56904603069,71.5,0.3919279519679785,6.5,79.5,62.5,-2.0,4.149999999999997,16.713475650433622,0.2934356237491617,68.03335557038025,0,0,1,0,0,0,0
1499,49800,79.5,62.5,71.5,6.0,31.5,7.1,1851,501,0.0,-2,53.45788043478261,61.5,6.5,0.0,29.435,41.686398,-87.531635,8,52391.84,71.5,0.39166666666666666,6.5,79.5,62.5,-2.0,4.149999999999997,16.723333333333333,0.2932399999999956,68.029,0,0,0,0,0,0,1
1500,49800,79.5,62.5,71.5,6.0,31.5,7.1,1851,501,0.0,-2,53.45788043478261,61.5,6.5,0.0,29.435,41.659112,-87.53869300000002,8,52390.11325782812,71.5,0.3914057295136576,6.5,79.5,62.5,-2.0,4.149999999999997,16.73317788141239,0.2930446369087231,68.02465023317788,0,1,0,0,0,0,0
1501,49800,79.5,62.5,71.5,6.0,31.5,7.1,1851,501,0.0,-2,53.45788043478261,61.5,6.5,0.0,29.435,41.659112,-87.53869300000002,8,52388.388814913444,71.5,0.3911451398135819,6.5,79.5,62.5,-2.0,4.149999999999997,16.74300932090546,0.29284953395472263,68.02030625832224,0,0,1,0,0,0,0
1502,49800,79.5,62.5,71.5,6.0,31.5,7.1,1851,501,0.0,-2,53.45788043478261,61.5,6.5,0.0,29.435,41.659112,-87.53869300000002,8,52386.66666666666,71.5,0.3908848968729208,6.5,79.5,62.5,-2.0,4.149999999999997,16.75282767797738,0.29265469061875804,68.01596806387225,0,0,0,0,1,0,0
1503,49200,86.0,69.0,77.5,3.65,17.5,6.0,1845,505,0.0,7,53.45788043478261,72.0,12.5,0.005,29.235,41.953705,-87.733974,8,52384.54787234042,71.5,0.390625,6.5,79.5,62.5,-2.0,4.149999999999997,16.753324468085108,0.2924634308510594,68.0186170212766,0,1,0,0,0,0,0
1504,49200,86.0,69.0,77.5,3.65,17.5,6.0,1845,505,0.0,7,53.45788043478261,72.0,12.5,0.005,29.235,41.95469,-87.800991,8,52382.43189368772,71.5,0.3903654485049834,6.5,79.5,62.5,-2.0,4.149999999999997,16.753820598006644,0.29227242524916497,68.02126245847178,0,1,0,0,0,0,0
1505,49200,86.0,69.0,77.5,3.65,17.5,6.0,1845,505,0.0,7,53.45788043478261,72.0,12.5,0.005,29.235,41.95469,-87.800991,8,52380.31872509961,71.5,0.3901062416998672,6.5,79.5,62.5,-2.0,3.5499999999999963,16.754316069057104,0.2920816733067685,68.02390438247012,0,0,1,0,0,0,0
1506,49200,86.0,69.0,77.5,3.65,17.5,6.0,1845,505,0.0,7,53.45788043478261,72.0,12.5,0.005,29.235,41.95469,-87.800991,8,52378.20836098208,71.5,0.38984737889847376,6.5,79.5,62.5,-2.0,3.5499999999999963,16.75481088254811,0.2918911745189073,68.02654280026543,0,0,0,0,0,0,1
1507,49200,86.0,69.0,77.5,3.65,17.5,6.0,1845,505,0.0,7,53.45788043478261,72.0,12.5,0.005,29.235,41.964242,-87.757639,8,52376.10079575596,71.5,0.3895888594164456,6.5,79.5,62.5,-2.0,3.5499999999999963,16.7553050397878,0.29170092838195844,68.0291777188329,0,1,0,0,0,0,0
1508,49200,86.0,69.0,77.5,3.65,17.5,6.0,1845,505,0.0,7,53.45788043478261,72.0,12.5,0.005,29.235,41.964242,-87.757639,8,52373.99602385687,71.5,0.3893306825712392,6.5,79.5,62.5,-2.0,3.5499999999999963,16.75579854208085,0.2915109343936337,68.03180914512922,0,0,1,0,0,0,0
1509,49200,86.0,69.0,77.5,3.65,17.5,6.0,1845,505,0.0,7,53.45788043478261,72.0,12.5,0.005,29.235,41.96272800000001,-87.748367,8,52371.894039735096,71.5,0.3890728476821192,6.5,79.5,62.5,-2.0,3.5499999999999963,16.756291390728475,0.2913211920529757,68.03443708609271,0,0,1,0,0,0,0
1510,49200,86.0,69.0,77.5,3.65,17.5,6.0,1845,505,0.0,7,53.45788043478261,72.0,12.5,0.005,29.235,41.942114,-87.776385,8,52369.794837855734,77.5,0.3888153540701522,12.5,86.0,62.5,7.0,5.999999999999997,16.756783587028462,0.2911317008603529,68.03706154864328,0,1,0,0,0,0,0
1511,49200,86.0,69.0,77.5,3.65,17.5,6.0,1845,505,0.0,7,53.45788043478261,72.0,12.5,0.005,29.235,41.942114,-87.776385,8,52367.69841269841,77.5,0.38855820105820105,12.5,86.0,62.5,7.0,5.9999999999999964,16.757275132275133,0.2909424603174559,68.03968253968254,0,0,1,0,0,0,0
1512,49200,86.0,69.0,77.5,3.65,17.5,6.0,1845,505,0.0,7,53.45788043478261,72.0,12.5,0.005,29.235,41.990284,-87.797127,8,52365.60475875744,77.5,0.3883013879709187,12.5,86.0,62.5,7.0,5.9999999999999964,16.75776602775942,0.29075346992729234,68.04230006609386,0,1,0,0,0,0,0
1513,49200,86.0,69.0,77.5,3.65,17.5,6.0,1845,505,0.0,7,53.45788043478261,72.0,12.5,0.005,29.235,41.990284,-87.797127,8,52363.51387054161,77.5,0.3880449141347424,12.5,86.0,69.0,7.0,5.9999999999999964,16.758256274768826,0.2905647291941832,68.0449141347424,0,0,1,0,0,0,0
1514,49200,86.0,69.0,77.5,3.65,17.5,6.0,1845,505,0.0,7,53.45788043478261,72.0,12.5,0.005,29.235,42.008314,-87.77792099999998,8,52361.425742574254,77.5,0.38778877887788776,12.5,86.0,69.0,7.0,5.9999999999999964,16.758745874587458,0.290376237623758,68.04752475247524,0,1,0,0,0,0,0
1515,49200,86.0,69.0,77.5,3.65,17.5,6.0,1845,505,0.0,7,53.45788043478261,72.0,12.5,0.005,29.235,42.008314,-87.77792099999998,8,52359.34036939313,77.5,0.38753298153034293,12.5,86.0,69.0,7.0,5.9999999999999964,16.759234828496037,0.2901879947229507,68.05013192612137,0,0,1,0,0,0,0
1516,49200,86.0,69.0,77.5,3.65,17.5,6.0,1845,505,0.0,7,53.45788043478261,72.0,12.5,0.005,29.235,41.98196400000001,-87.812827,8,52357.25774555043,77.5,0.3872775214238629,12.5,86.0,69.0,7.0,5.9999999999999964,16.759723137771918,0.2899999999999956,68.05273566249176,0,1,0,0,0,0,0
1517,49200,86.0,69.0,77.5,3.65,17.5,6.0,1845,505,0.0,7,53.45788043478261,72.0,12.5,0.005,29.235,41.99247800000001,-87.862995,8,52355.17786561265,77.5,0.3870223978919631,12.5,86.0,69.0,7.0,5.9999999999999964,16.760210803689066,0.2898122529644225,68.05533596837945,0,1,0,0,0,0,0
1518,49200,86.0,69.0,77.5,3.65,17.5,6.0,1845,505,0.0,7,53.45788043478261,72.0,12.5,0.005,29.235,41.98196400000001,-87.812827,8,52353.10072416064,77.5,0.3867676102699144,12.5,86.0,69.0,7.0,5.9999999999999964,16.760697827518104,0.2896247531270529,68.05793285055958,0,0,1,0,0,0,0
1519,49200,86.0,69.0,77.5,3.65,17.5,6.0,1845,505,0.0,7,53.45788043478261,72.0,12.5,0.005,29.235,41.99247800000001,-87.862995,8,52351.02631578947,77.5,0.3865131578947368,12.5,86.0,69.0,7.0,5.9999999999999964,16.761184210526313,0.2894374999999956,68.06052631578947,0,0,1,0,0,0,0
1520,49200,86.0,69.0,77.5,3.65,17.5,6.0,1845,505,0.0,7,53.45788043478261,72.0,12.5,0.005,29.235,41.944869,-87.832763,8,52348.95463510848,77.5,0.386259040105194,12.5,86.0,69.0,7.0,5.9999999999999964,16.761669953977645,0.2892504930966425,68.06311637080867,0,1,0,0,0,0,0
1521,49200,86.0,69.0,77.5,3.65,17.5,6.0,1845,505,0.0,7,53.45788043478261,72.0,12.5,0.005,29.235,41.944869,-87.832763,8,52346.885676741134,77.5,0.3860052562417871,12.5,86.0,69.0,7.0,5.9999999999999964,16.76215505913272,0.2890637319316645,68.06570302233902,0,0,1,0,0,0,0
1522,49200,86.0,69.0,77.5,3.65,17.5,6.0,1845,505,0.0,7,53.45788043478261,72.0,12.5,0.005,29.235,41.991429,-87.747113,8,52344.81943532502,77.5,0.3857518056467498,12.5,86.0,69.0,7.0,5.9999999999999964,16.76263952724885,0.28887721602100674,68.06828627708471,0,0,1,0,0,0,0
1523,49200,86.0,69.0,77.5,3.65,17.5,6.0,1845,505,0.0,7,53.45788043478261,72.0,12.5,0.005,29.235,41.923738,-87.785288,8,52342.75590551182,77.5,0.38549868766404205,12.5,86.0,69.0,7.0,5.9999999999999964,16.763123359580053,0.2886909448818853,68.07086614173228,0,1,0,0,0,0,0
1524,49200,86.0,69.0,77.5,3.65,17.5,6.0,1845,505,0.0,7,53.45788043478261,72.0,12.5,0.005,29.235,41.923738,-87.785288,8,52340.69508196722,77.5,0.38524590163934425,12.5,86.0,69.0,7.0,5.9999999999999964,16.76360655737705,0.28850491803278244,68.07344262295082,0,0,1,0,0,0,0
1525,49200,86.0,69.0,77.5,3.65,17.5,6.0,1845,505,0.0,7,53.45788043478261,72.0,12.5,0.005,29.235,41.970248,-87.787992,8,52338.636959370895,77.5,0.3849934469200525,12.5,86.0,69.0,7.0,5.9999999999999964,16.764089121887288,0.2883191349934425,68.07601572739188,0,1,0,0,0,0,0
1526,49200,86.0,69.0,77.5,3.65,17.5,6.0,1845,505,0.0,7,53.45788043478261,72.0,12.5,0.005,29.235,41.970248,-87.787992,8,52336.5815324165,77.5,0.3847413228552718,12.5,86.0,69.0,7.0,5.9999999999999964,16.764571054354946,0.2881335952848679,68.07858546168957,0,0,1,0,0,0,0
1527,49200,86.0,69.0,77.5,3.65,17.5,6.0,1845,505,0.0,7,53.45788043478261,72.0,12.5,0.005,29.235,41.974089,-87.824812,8,52334.52879581152,77.5,0.3844895287958115,12.5,86.0,69.0,7.0,5.9999999999999964,16.765052356020938,0.28794829842931496,68.08115183246073,0,1,0,0,0,0,0
1528,49200,86.0,69.0,77.5,3.65,17.5,6.0,1845,505,0.0,7,53.45788043478261,72.0,12.5,0.005,29.235,41.974089,-87.824812,8,52332.478744277316,77.5,0.3842380640941792,12.5,86.0,69.0,7.0,5.9999999999999964,16.765533028122956,0.2877632439502899,68.08371484630477,0,0,1,0,0,0,0
1529,49200,86.0,69.0,77.5,3.65,17.5,6.0,1845,505,0.0,7,53.45788043478261,72.0,12.5,0.005,29.235,42.011601,-87.81150600000002,8,52330.43137254902,77.5,0.3839869281045752,12.5,86.0,69.0,7.0,5.9999999999999964,16.766013071895426,0.2875784313725446,68.08627450980393,0,1,0,0,0,0,0
1530,49200,86.0,69.0,77.5,3.65,17.5,6.0,1845,505,0.0,7,53.45788043478261,72.0,12.5,0.005,29.235,42.011601,-87.81150600000002,8,52328.386675375565,77.5,0.383736120182887,12.5,86.0,69.0,7.0,5.9999999999999964,16.76649248856956,0.28739386022207264,68.08883082952319,0,0,1,0,0,0,0
1531,49200,86.0,69.0,77.5,3.65,17.5,6.0,1845,505,0.0,7,53.45788043478261,72.0,12.5,0.005,29.235,41.960616,-87.777189,8,52326.34464751958,77.5,0.3834856396866841,12.5,86.0,69.0,7.0,3.649999999999997,16.76697127937337,0.2872095300261052,68.09138381201045,0,1,0,0,0,0,0
1532,49200,86.0,69.0,77.5,3.65,17.5,6.0,1845,505,0.0,7,53.45788043478261,72.0,12.5,0.005,29.235,41.960616,-87.777189,8,52324.305283757334,77.5,0.383235485975212,12.5,86.0,69.0,7.0,3.649999999999997,16.767449445531636,0.2870254403131071,68.09393346379647,0,0,1,0,0,0,0
1533,49200,86.0,69.0,77.5,3.65,17.5,6.0,1845,505,0.0,7,53.45788043478261,72.0,12.5,0.005,29.235,42.010412,-87.66214000000002,8,52322.26857887875,77.5,0.3829856584093872,12.5,86.0,69.0,7.0,3.649999999999997,16.76792698826597,0.28684159061277265,68.09647979139504,0,0,1,0,0,0,0
1534,49200,86.0,69.0,77.5,3.65,17.5,6.0,1845,505,0.0,7,53.45788043478261,72.0,12.5,0.005,29.235,42.010412,-87.66214000000002,8,52320.234527687295,77.5,0.3827361563517915,12.5,86.0,69.0,7.0,3.649999999999997,16.768403908794788,0.28665798045602164,68.09902280130294,0,0,0,1,0,0,0
1535,49200,86.0,69.0,77.5,3.65,17.5,6.0,1845,505,0.0,7,53.45788043478261,72.0,12.5,0.005,29.235,41.94983,-87.69845699999998,8,52318.203125,77.5,0.3824869791666667,12.5,86.0,69.0,7.0,3.649999999999997,16.768880208333332,0.2864746093749956,68.1015625,0,1,0,0,0,0,0
1536,49200,86.0,69.0,77.5,3.65,17.5,6.0,1845,505,0.0,7,53.45788043478261,72.0,12.5,0.005,29.235,41.94983,-87.69845699999998,8,52316.17436564736,77.5,0.38223812621990894,12.5,86.0,69.0,7.0,3.649999999999997,16.76935588809369,0.2862914769030535,68.10409889394926,0,0,1,0,0,0,0
1537,49200,86.0,69.0,77.5,3.65,17.5,6.0,1845,505,0.0,7,53.45788043478261,72.0,12.5,0.005,29.235,41.979243,-87.750938,8,52314.14824447334,77.5,0.3819895968790637,12.5,86.0,69.0,7.0,3.649999999999997,16.769830949284785,0.286108582574768,68.10663198959688,0,1,0,0,0,0,0
1538,49200,86.0,69.0,77.5,3.65,17.5,6.0,1845,505,0.0,7,53.45788043478261,72.0,12.5,0.005,29.235,41.979243,-87.750938,8,52312.12475633528,77.5,0.3817413905133203,12.5,86.0,69.0,7.0,3.649999999999997,16.770305393112412,0.28592592592592153,68.10916179337232,0,0,1,0,0,0,0
1539,49200,86.0,69.0,77.5,3.65,17.5,6.0,1845,505,0.0,7,53.45788043478261,72.0,12.5,0.005,29.235,41.98480900000001,-87.728492,8,52310.10389610389,77.5,0.3814935064935065,12.5,86.0,69.0,7.0,3.649999999999997,16.77077922077922,0.28574350649350205,68.11168831168831,0,1,0,0,0,0,0
1540,49200,86.0,69.0,77.5,3.65,17.5,6.0,1845,505,0.0,7,53.45788043478261,72.0,12.5,0.005,29.235,41.98480900000001,-87.728492,8,52308.085658663214,77.5,0.3812459441920831,12.5,86.0,69.0,7.0,3.649999999999997,16.77125243348475,0.28556132381569965,68.11421155094095,0,0,1,0,0,0,0
1541,49200,86.0,69.0,77.5,3.65,17.5,6.0,1845,505,0.0,7,53.45788043478261,72.0,12.5,0.005,29.235,41.986921,-87.689778,8,52306.0700389105,77.5,0.3809987029831388,12.5,86.0,69.0,7.0,3.649999999999997,16.771725032425422,0.28537937743190217,68.11673151750973,0,1,0,0,0,0,0
1542,49200,86.0,69.0,77.5,3.65,17.5,6.0,1845,505,0.0,7,53.45788043478261,72.0,12.5,0.005,29.235,41.986921,-87.689778,8,52304.05703175632,77.5,0.380751782242385,12.5,86.0,69.0,7.0,3.649999999999997,16.772197018794557,0.2851976668826916,68.11924821775762,0,0,0,1,0,0,0
1543,49200,86.0,69.0,77.5,3.65,17.5,6.0,1845,505,0.0,7,53.45788043478261,72.0,12.5,0.005,29.235,41.89923,-87.716788,8,52302.046632124344,77.5,0.3805051813471503,12.5,86.0,69.0,7.0,3.649999999999997,16.772668393782382,0.28501619170984016,68.12176165803109,0,1,0,0,0,0,0
1544,49200,86.0,69.0,77.5,3.65,17.5,6.0,1845,505,0.0,7,53.45788043478261,72.0,12.5,0.005,29.235,41.89923,-87.716788,8,52300.038834951454,77.5,0.3802588996763754,12.5,86.0,69.0,7.0,3.649999999999997,16.77313915857605,0.2848349514563063,68.1242718446602,0,0,1,0,0,0,0
1545,49200,86.0,69.0,77.5,3.65,17.5,6.0,1845,505,0.0,7,53.45788043478261,72.0,12.5,0.005,29.235,41.801498,-87.763416,8,52298.03363518758,77.5,0.380012936610608,12.5,86.0,69.0,7.0,3.649999999999997,16.773609314359643,0.28465394566623103,68.1267787839586,0,1,0,0,0,0,0
1546,49200,86.0,69.0,77.5,3.65,17.5,6.0,1845,505,0.0,7,53.45788043478261,72.0,12.5,0.005,29.235,41.801498,-87.763416,8,52296.03102779573,77.5,0.3797672915319974,12.5,86.0,69.0,7.0,3.649999999999997,16.774078862314155,0.2844731738849341,68.12928248222366,0,0,1,0,0,0,0
1547,49200,86.0,69.0,77.5,3.65,17.5,6.0,1845,505,0.0,7,53.45788043478261,72.0,12.5,0.005,29.235,41.906638,-87.701431,8,52294.03100775193,77.5,0.37952196382428943,12.5,86.0,69.0,7.0,3.649999999999997,16.774547803617573,0.28429263565891033,68.13178294573643,0,1,0,0,0,0,0
1548,49200,86.0,69.0,77.5,3.65,17.5,6.0,1845,505,0.0,7,53.45788043478261,72.0,12.5,0.005,29.235,41.906638,-87.701431,8,52292.03357004518,77.5,0.3792769528728212,12.5,86.0,69.0,7.0,3.649999999999997,16.7750161394448,0.28411233053582513,68.13428018076179,0,0,1,0,0,0,0
1549,49200,86.0,69.0,77.5,3.65,17.5,6.0,1845,505,0.0,7,53.45788043478261,72.0,12.5,0.005,29.235,41.843811,-87.686763,8,52290.03870967742,77.5,0.3790322580645161,12.5,86.0,69.0,7.0,3.649999999999997,16.775483870967744,0.2839322580645117,68.13677419354839,0,1,0,0,0,0,0
1550,49200,86.0,69.0,77.5,3.65,17.5,6.0,1845,505,0.0,7,53.45788043478261,72.0,12.5,0.005,29.235,41.843811,-87.686763,8,52288.046421663435,77.5,0.3787878787878788,12.5,86.0,69.0,7.0,3.649999999999997,16.775950999355256,0.28375241779496657,68.13926499032883,0,0,1,0,0,0,0
1551,49200,86.0,69.0,77.5,3.65,17.5,6.0,1845,505,0.0,7,53.45788043478261,72.0,12.5,0.005,29.235,41.836644,-87.677737,8,52286.056701030924,77.5,0.3785438144329897,12.5,86.0,69.0,7.0,3.649999999999997,16.776417525773198,0.2835728092783461,68.14175257731961,0,1,0,0,0,0,0
1552,49200,86.0,69.0,77.5,3.65,17.5,6.0,1845,505,0.0,7,53.45788043478261,72.0,12.5,0.005,29.235,41.763733,-87.742302,8,52284.069542820354,77.5,0.3783000643915003,12.5,86.0,69.0,7.0,3.649999999999997,16.776883451384418,0.2833934320669627,68.14423696072119,0,1,0,0,0,0,0
1553,49200,86.0,69.0,77.5,3.65,17.5,6.0,1845,505,0.0,7,53.45788043478261,72.0,12.5,0.005,29.235,41.836644,-87.677737,8,52282.08494208494,77.5,0.378056628056628,12.5,86.0,69.0,7.0,3.649999999999997,16.777348777348777,0.2832142857142813,68.14671814671814,0,0,1,0,0,0,0
1554,49200,86.0,69.0,77.5,3.65,17.5,6.0,1845,505,0.0,7,53.45788043478261,72.0,12.5,0.005,29.235,41.763733,-87.742302,8,52280.10289389068,77.5,0.3778135048231511,12.5,86.0,69.0,7.0,3.649999999999997,16.77781350482315,0.2830353697749152,68.1491961414791,0,0,1,0,0,0,0
1555,49200,86.0,69.0,77.5,3.65,17.5,6.0,1845,505,0.0,7,53.45788043478261,72.0,12.5,0.005,29.235,41.836644,-87.677737,8,52278.12339331619,77.5,0.3775706940874036,12.5,86.0,69.0,7.0,3.649999999999997,16.77827763496144,0.2828566838046228,68.15167095115682,0,0,0,1,0,0,0
1556,49200,86.0,69.0,77.5,3.65,17.5,6.0,1845,505,0.0,7,53.45788043478261,72.0,12.5,0.005,29.235,41.763733,-87.742302,8,52276.146435452785,77.5,0.3773281952472704,12.5,86.0,69.0,7.0,3.649999999999997,16.778741168914582,0.28267822736030385,68.15414258188825,0,0,0,1,0,0,0
1557,49200,86.0,69.0,77.5,3.65,17.5,6.0,1845,505,0.0,7,53.45788043478261,72.0,12.5,0.005,29.235,41.837085,-87.729384,8,52274.172015404365,77.5,0.3770860077021823,12.5,86.0,69.0,7.0,3.649999999999997,16.77920410783055,0.2824999999999956,68.15661103979461,0,1,0,0,0,0,0
1558,49200,86.0,69.0,77.5,3.65,17.5,6.0,1845,505,0.0,7,53.45788043478261,72.0,12.5,0.005,29.235,41.837085,-87.729384,8,52272.20012828736,77.5,0.37684413085311097,12.5,86.0,69.0,7.0,3.649999999999997,16.779666452854393,0.2823220012828692,68.15907633098139,0,0,1,0,0,0,0
1559,49200,86.0,69.0,77.5,3.65,17.5,6.0,1845,505,0.0,7,53.45788043478261,72.0,12.5,0.005,29.235,41.837085,-87.729384,8,52270.23076923077,77.5,0.3766025641025641,12.5,86.0,69.0,7.0,3.649999999999997,16.780128205128204,0.28214423076922635,68.16153846153846,0,0,0,1,0,0,0
1560,49200,86.0,69.0,77.5,3.65,17.5,6.0,1845,505,0.0,7,53.45788043478261,72.0,12.5,0.005,29.235,41.921177,-87.79518,8,52268.26393337604,77.5,0.3763613068545804,12.5,86.0,69.0,7.0,3.649999999999997,16.780589365791162,0.28196668802049524,68.16399743754003,0,1,0,0,0,0,0
1561,49200,86.0,69.0,77.5,3.65,17.5,6.0,1845,505,0.0,7,53.45788043478261,72.0,12.5,0.005,29.235,41.921177,-87.79518,8,52266.29961587709,77.5,0.3761203585147247,12.5,86.0,69.0,7.0,3.649999999999997,16.781049935979517,0.2817893725992273,68.16645326504481,0,0,1,0,0,0,0
1562,49200,86.0,69.0,77.5,3.65,17.5,6.0,1845,505,0.0,7,53.45788043478261,72.0,12.5,0.005,29.235,41.911824,-87.726737,8,52264.337811900186,77.5,0.3758797184900832,12.5,86.0,69.0,7.0,3.649999999999997,16.781509916826614,0.28161228406909344,68.16890595009598,0,1,0,0,0,0,0
1563,49200,86.0,69.0,77.5,3.65,17.5,6.0,1845,505,0.0,7,53.45788043478261,72.0,12.5,0.005,29.235,41.911824,-87.726737,8,52262.378516624034,77.5,0.3756393861892583,12.5,86.0,69.0,7.0,3.649999999999997,16.781969309462916,0.2814354219948805,68.17135549872123,0,0,1,0,0,0,0
1564,49200,86.0,69.0,77.5,3.65,17.5,6.0,1845,505,0.0,7,53.45788043478261,72.0,12.5,0.005,29.235,41.857402,-87.694991,8,52260.42172523962,77.5,0.3753993610223642,12.5,86.0,69.0,7.0,3.649999999999997,16.782428115015975,0.2812587859424876,68.1738019169329,0,1,0,0,0,0,0
1565,49200,86.0,69.0,77.5,3.65,17.5,6.0,1845,505,0.0,7,53.45788043478261,72.0,12.5,0.005,29.235,41.857402,-87.694991,8,52258.467432950194,77.5,0.3751596424010217,12.5,86.0,69.0,7.0,3.649999999999997,16.782886334610474,0.2810823754789228,68.17624521072797,0,0,1,0,0,0,0
1566,49200,86.0,69.0,77.5,3.65,17.5,6.0,1845,505,0.0,7,53.45788043478261,72.0,12.5,0.005,29.235,41.857402,-87.694991,8,52256.51563497129,77.5,0.3749202297383536,12.5,86.0,69.0,7.0,3.649999999999997,16.783343969368218,0.2809061901722993,68.17868538608806,0,0,0,1,0,0,0
1567,49200,86.0,69.0,77.5,3.65,17.5,6.0,1845,505,0.0,7,53.45788043478261,72.0,12.5,0.005,29.235,41.883284,-87.705085,8,52254.56632653061,77.5,0.3746811224489796,12.5,86.0,69.0,7.0,3.649999999999997,16.783801020408163,0.2807302295918323,68.1811224489796,0,1,0,0,0,0,0
1568,49200,86.0,69.0,77.5,3.65,17.5,6.0,1845,505,0.0,7,53.45788043478261,72.0,12.5,0.005,29.235,41.9216,-87.666455,8,52252.61950286807,77.5,0.3744423199490121,12.5,86.0,69.0,7.0,3.649999999999997,16.7842574888464,0.2805544933078349,68.18355640535373,0,1,0,0,0,0,0
1569,49200,86.0,69.0,77.5,3.65,17.5,6.0,1845,505,0.0,7,53.45788043478261,72.0,12.5,0.005,29.235,41.9216,-87.666455,8,52250.67515923567,77.5,0.3742038216560509,12.5,86.0,69.0,7.0,3.649999999999997,16.78471337579618,0.2803789808917153,68.1859872611465,0,0,1,0,0,0,0
1570,49200,86.0,69.0,77.5,3.65,17.5,6.0,1845,505,0.0,7,53.45788043478261,72.0,12.5,0.005,29.235,41.891118,-87.65449100000002,8,52248.73329089752,77.5,0.3739656269891789,12.5,86.0,69.0,7.0,3.649999999999997,16.785168682367914,0.28020369191597266,68.18841502227879,0,1,0,0,0,0,0
1571,49200,86.0,69.0,77.5,3.65,17.5,6.0,1845,505,0.0,7,53.45788043478261,72.0,12.5,0.005,29.235,41.891118,-87.65449100000002,8,52246.79389312977,77.5,0.3737277353689568,12.5,86.0,69.0,7.0,3.649999999999997,16.78562340966921,0.28002862595419403,68.19083969465649,0,0,1,0,0,0,0
1572,49200,86.0,69.0,77.5,3.65,17.5,6.0,1845,505,0.0,7,53.45788043478261,72.0,12.5,0.005,29.235,41.868142,-87.696269,8,52244.8569612206,77.5,0.3734901462174189,12.5,86.0,69.0,7.0,3.649999999999997,16.78607755880483,0.2798537825810509,68.19326128417038,0,1,0,0,0,0,0
1573,49200,86.0,69.0,77.5,3.65,17.5,6.0,1845,505,0.0,7,53.45788043478261,72.0,12.5,0.005,29.235,41.868142,-87.696269,8,52242.92249047013,77.5,0.3732528589580686,12.5,86.0,69.0,7.0,3.649999999999997,16.786531130876742,0.2796791613722954,68.19567979669631,0,0,1,0,0,0,0
1574,49200,86.0,69.0,77.5,3.65,17.5,6.0,1845,505,0.0,7,53.45788043478261,72.0,12.5,0.005,29.235,41.867108,-87.654224,8,52240.990476190476,77.5,0.37301587301587297,12.5,86.0,69.0,7.0,3.649999999999997,16.786984126984127,0.2795047619047575,68.19809523809522,0,1,0,0,0,0,0
1575,49200,86.0,69.0,77.5,3.65,17.5,6.0,1845,505,0.0,7,53.45788043478261,72.0,12.5,0.005,29.235,41.867108,-87.654224,8,52239.06091370559,77.5,0.3727791878172589,12.5,86.0,69.0,7.0,3.649999999999997,16.78743654822335,0.27933058375634073,68.2005076142132,0,0,1,0,0,0,0
1576,49200,86.0,69.0,77.5,3.65,17.5,6.0,1845,505,0.0,7,53.45788043478261,72.0,12.5,0.005,29.235,41.896282,-87.655232,8,52237.1337983513,77.5,0.3725428027901078,12.5,86.0,69.0,7.0,3.649999999999997,16.787888395688018,0.2791566265060197,68.2029169308814,0,1,0,0,0,0,0
1577,49200,86.0,69.0,77.5,3.65,17.5,6.0,1845,505,0.0,7,53.45788043478261,72.0,12.5,0.005,29.235,41.896282,-87.655232,8,52235.20912547528,77.5,0.3723067173637516,12.5,86.0,69.0,7.0,3.649999999999997,16.788339670468947,0.2789828897338359,68.20532319391636,0,0,1,0,0,0,0
1578,49200,86.0,69.0,77.5,3.65,17.5,6.0,1845,505,0.0,7,53.45788043478261,72.0,12.5,0.005,29.235,41.896282,-87.655232,8,52233.28689043698,77.5,0.3720709309689677,12.5,86.0,69.0,7.0,3.649999999999997,16.788790373654212,0.2788093730208949,68.2077264091197,0,0,0,1,0,0,0
1579,49200,86.0,69.0,77.5,3.65,17.5,6.0,1845,505,0.0,7,53.45788043478261,72.0,12.5,0.005,29.235,41.919343,-87.694259,8,52231.367088607585,77.5,0.37183544303797467,12.5,86.0,69.0,7.0,3.649999999999997,16.789240506329115,0.2786360759493627,68.21012658227848,0,1,0,0,0,0,0
1580,49200,86.0,69.0,77.5,3.65,17.5,6.0,1845,505,0.0,7,53.45788043478261,72.0,12.5,0.005,29.235,41.919343,-87.694259,8,52229.44971537002,77.5,0.3716002530044276,12.5,86.0,69.0,7.0,3.649999999999997,16.789690069576217,0.2784629981024624,68.21252371916509,0,0,1,0,0,0,0
1581,49200,86.0,69.0,77.5,3.65,17.5,6.0,1845,505,0.0,7,53.45788043478261,72.0,12.5,0.005,29.235,41.846283,-87.656913,8,52227.534766118835,77.5,0.3713653603034134,12.5,86.0,69.0,7.0,3.649999999999997,16.790139064475348,0.2782901390644709,68.2149178255373,0,0,1,0,0,0,0
1582,49200,86.0,69.0,77.5,3.65,17.5,6.0,1845,505,0.0,7,53.45788043478261,72.0,12.5,0.005,29.235,41.921965,-87.632085,8,52225.62223626026,77.5,0.3711307643714466,12.5,86.0,69.0,7.0,3.649999999999997,16.7905874921036,0.2781174984207157,68.21730890713835,0,1,0,0,0,0,0
1583,49200,86.0,69.0,77.5,3.65,17.5,6.0,1845,505,0.0,7,53.45788043478261,72.0,12.5,0.005,29.235,41.921965,-87.632085,8,52223.71212121212,77.5,0.37089646464646464,12.5,86.0,69.0,7.0,3.649999999999997,16.791035353535353,0.2779450757575713,68.21969696969697,0,0,1,0,0,0,0
1584,49200,86.0,69.0,77.5,3.65,17.5,6.0,1845,505,0.0,7,53.45788043478261,72.0,12.5,0.005,29.235,41.823065,-87.67837800000002,8,52221.80441640378,77.5,0.37066246056782337,12.5,86.0,69.0,7.0,3.649999999999997,16.791482649842273,0.2777728706624561,68.22208201892744,0,1,0,0,0,0,0
1585,49200,86.0,69.0,77.5,3.65,17.5,6.0,1845,505,0.0,7,53.45788043478261,72.0,12.5,0.005,29.235,41.823065,-87.67837800000002,8,52219.899117276174,77.5,0.37042875157629257,12.5,86.0,69.0,7.0,3.649999999999997,16.791929382093315,0.2776008827238291,68.22446406052964,0,0,1,0,0,0,0
1586,49200,86.0,69.0,77.5,3.65,17.5,6.0,1845,505,0.0,7,53.45788043478261,72.0,12.5,0.005,29.235,41.801179,-87.679447,8,52217.99621928166,77.5,0.3701953371140517,12.5,86.0,69.0,7.0,3.649999999999997,16.79237555135476,0.2774291115311865,68.22684310018903,0,1,0,0,0,0,0
1587,49200,86.0,69.0,77.5,3.65,17.5,6.0,1845,505,0.0,7,53.45788043478261,72.0,12.5,0.005,29.235,41.801179,-87.679447,8,52216.09571788414,77.5,0.3699622166246852,12.5,86.0,69.0,7.0,3.649999999999997,16.792821158690177,0.2772575566750585,68.22921914357683,0,0,1,0,0,0,0
1588,49200,86.0,69.0,77.5,3.65,17.5,6.0,1845,505,0.0,7,53.45788043478261,72.0,12.5,0.005,29.235,41.801179,-87.679447,8,52214.19760855884,77.5,0.3697293895531781,12.5,86.0,69.0,7.0,3.649999999999997,16.793266205160478,0.27708621774700626,68.23159219634991,0,0,0,1,0,0,0
1589,49200,86.0,69.0,77.5,3.65,17.5,6.0,1845,505,0.0,7,53.45788043478261,72.0,12.5,0.005,29.235,41.801179,-87.679447,8,52212.301886792455,77.5,0.3694968553459119,12.5,86.0,69.0,7.0,3.649999999999997,16.7937106918239,0.2769150943396182,68.23396226415095,0,0,0,0,0,0,1
1590,49200,86.0,69.0,77.5,3.65,17.5,6.0,1845,505,0.0,7,53.45788043478261,72.0,12.5,0.005,29.235,41.800737,-87.71188000000002,8,52210.40854808297,77.5,0.36926461345066,12.5,86.0,69.0,7.0,3.649999999999997,16.794154619736016,0.2767441860465072,68.23632935260842,0,1,0,0,0,0,0
1591,49200,86.0,69.0,77.5,3.65,17.5,6.0,1845,505,0.0,7,53.45788043478261,72.0,12.5,0.005,29.235,41.800737,-87.71188000000002,8,52208.5175879397,77.5,0.3690326633165829,12.5,86.0,69.0,7.0,3.649999999999997,16.79459798994975,0.2765734924623071,68.23869346733669,0,0,1,0,0,0,0
1592,49200,86.0,69.0,77.5,3.65,17.5,6.0,1845,505,0.0,7,53.45788043478261,72.0,12.5,0.005,29.235,41.800737,-87.71188000000002,8,52206.629001883244,77.5,0.3688010043942248,12.5,86.0,69.0,7.0,3.649999999999997,16.79504080351538,0.2764030131826698,68.24105461393597,0,0,0,1,0,0,0
1593,49200,86.0,69.0,77.5,3.65,17.5,6.0,1845,505,0.0,7,53.45788043478261,72.0,12.5,0.005,29.235,41.82561,-87.726549,8,52204.74278544542,77.5,0.36856963613550814,12.5,86.0,69.0,7.0,3.649999999999997,16.795483061480553,0.27623274780426155,68.24341279799248,0,1,0,0,0,0,0
1594,49200,86.0,69.0,77.5,3.65,17.5,6.0,1845,505,0.0,7,53.45788043478261,72.0,12.5,0.005,29.235,41.82561,-87.726549,8,52202.85893416928,77.5,0.3683385579937304,12.5,86.0,69.0,7.0,3.649999999999997,16.795924764890284,0.2760626959247605,68.24576802507838,0,0,1,0,0,0,0
1595,49200,86.0,69.0,77.5,3.65,17.5,6.0,1845,505,0.0,7,53.45788043478261,72.0,12.5,0.005,29.235,41.778297,-87.752411,8,52200.97744360902,77.5,0.3681077694235589,12.5,86.0,69.0,7.0,3.649999999999997,16.796365914786964,0.2758928571428527,68.24812030075189,0,1,0,0,0,0,0
1596,49200,86.0,69.0,77.5,3.65,17.5,6.0,1845,505,0.0,7,53.45788043478261,72.0,12.5,0.005,29.235,41.778297,-87.752411,8,52199.09830933,77.5,0.3678772698810269,12.5,86.0,69.0,7.0,3.649999999999997,16.796806512210395,0.27572323105822977,68.25046963055729,0,0,1,0,0,0,0
1597,49200,86.0,69.0,77.5,3.65,17.5,6.0,1845,505,0.0,7,53.45788043478261,72.0,12.5,0.005,29.235,41.778297,-87.752411,8,52197.22152690863,77.5,0.36764705882352944,12.5,86.0,69.0,7.0,3.649999999999997,16.797246558197752,0.2755538172715851,68.25281602002504,0,0,0,1,0,0,0
1598,49200,86.0,69.0,77.5,3.65,17.5,6.0,1845,505,0.0,7,53.45788043478261,72.0,12.5,0.005,29.235,41.77166,-87.703047,8,52195.34709193246,77.5,0.36741713570981865,12.5,86.0,69.0,7.0,3.649999999999997,16.797686053783615,0.2753846153846109,68.25515947467167,0,1,0,0,0,0,0
1599,49200,86.0,69.0,77.5,3.65,17.5,6.0,1845,505,0.0,7,53.45788043478261,72.0,12.5,0.005,29.235,41.77166,-87.703047,8,52193.475,77.5,0.3671875,12.5,86.0,69.0,7.0,3.649999999999997,16.798125,0.2752156249999956,68.2575,0,0,1,0,0,0,0
1600,49200,86.0,69.0,77.5,3.65,17.5,6.0,1845,505,0.0,7,53.45788043478261,72.0,12.5,0.005,29.235,41.77166,-87.703047,8,52191.6052467208,77.5,0.36695815115552777,12.5,86.0,69.0,7.0,3.649999999999997,16.79856339787633,0.2750468457214197,68.25983760149906,0,0,0,0,0,0,1
1601,49200,86.0,69.0,77.5,3.65,17.5,6.0,1845,505,0.0,7,53.45788043478261,72.0,12.5,0.005,29.235,41.759346,-87.745602,8,52189.73782771536,77.5,0.366729088639201,12.5,86.0,69.0,7.0,3.649999999999997,16.79900124843945,0.2748782771535536,68.26217228464421,0,1,0,0,0,0,0
1602,49200,86.0,69.0,77.5,3.65,17.5,6.0,1845,505,0.0,7,53.45788043478261,72.0,12.5,0.005,29.235,41.759346,-87.745602,8,52187.872738615086,77.5,0.3665003119151591,12.5,86.0,69.0,7.0,3.649999999999997,16.799438552713664,0.2747099189020542,68.26450405489707,0,0,1,0,0,0,0
1603,49200,86.0,69.0,77.5,3.65,17.5,6.0,1845,505,0.0,7,53.45788043478261,72.0,12.5,0.005,29.235,41.768388,-87.678649,8,52186.009975062334,77.5,0.3662718204488778,12.5,86.0,69.0,7.0,3.649999999999997,16.799875311720694,0.2745417705735617,68.26683291770574,0,1,0,0,0,0,0
1604,49200,86.0,69.0,77.5,3.65,17.5,6.0,1845,505,0.0,7,53.45788043478261,72.0,12.5,0.005,29.235,41.768388,-87.678649,8,52184.14953271028,77.5,0.3660436137071651,12.5,86.0,69.0,7.0,3.649999999999997,16.80031152647975,0.2743738317756965,68.26915887850467,0,0,1,0,0,0,0
1605,49200,86.0,69.0,77.5,3.65,17.5,6.0,1845,505,0.0,7,53.45788043478261,72.0,12.5,0.005,29.235,41.797616,-87.797894,8,52182.29140722291,77.5,0.3658156911581569,12.5,86.0,69.0,7.0,3.649999999999997,16.80074719800747,0.2742061021170566,68.27148194271481,0,1,0,0,0,0,0
1606,49200,86.0,69.0,77.5,3.65,17.5,6.0,1845,505,0.0,7,53.45788043478261,72.0,12.5,0.005,29.235,41.797616,-87.797894,8,52180.43559427505,77.5,0.365588052271313,12.5,86.0,69.0,7.0,3.649999999999997,16.801182327317985,0.274038581207214,68.27380211574362,0,0,1,0,0,0,0
1607,49200,86.0,69.0,77.5,3.65,17.5,6.0,1845,505,0.0,7,53.45788043478261,72.0,12.5,0.005,29.235,41.781416,-87.77653199999996,8,52178.582089552234,77.5,0.3653606965174129,12.5,86.0,69.0,7.0,3.649999999999997,16.801616915422887,0.27387126865671196,68.27611940298507,0,1,0,0,0,0,0
1608,49200,86.0,69.0,77.5,3.65,17.5,6.0,1845,505,0.0,7,53.45788043478261,72.0,12.5,0.005,29.235,41.781416,-87.77653199999996,8,52176.73088875077,77.5,0.3651336233685519,12.5,86.0,69.0,7.0,3.649999999999997,16.80205096333126,0.27370416407706205,68.27843380981976,0,0,1,0,0,0,0
1609,49200,86.0,69.0,77.5,3.65,17.5,6.0,1845,505,0.0,7,53.45788043478261,72.0,12.5,0.005,29.235,41.74785,-87.70271600000002,8,52174.88198757764,77.5,0.36490683229813664,12.5,86.0,69.0,7.0,3.649999999999997,16.802484472049688,0.2735372670807409,68.28074534161489,0,1,0,0,0,0,0
1610,49200,86.0,69.0,77.5,3.65,17.5,6.0,1845,505,0.0,7,53.45788043478261,72.0,12.5,0.005,29.235,41.74785,-87.70271600000002,8,52173.035381750466,77.5,0.3646803227808814,12.5,86.0,69.0,7.0,3.649999999999997,16.802917442582245,0.2733705772811873,68.28305400372439,0,0,1,0,0,0,0
1611,49200,86.0,69.0,77.5,3.65,17.5,6.0,1845,505,0.0,7,53.45788043478261,72.0,12.5,0.005,29.235,41.773215,-87.60088,8,52171.19106699752,77.5,0.364454094292804,12.5,86.0,69.0,7.0,3.649999999999997,16.803349875930518,0.2732040942927996,68.28535980148885,0,1,0,0,0,0,0
1612,49200,86.0,69.0,77.5,3.65,17.5,6.0,1845,505,0.0,7,53.45788043478261,72.0,12.5,0.005,29.235,41.773215,-87.60088,8,52169.349039057655,77.5,0.3642281463112213,12.5,86.0,69.0,7.0,3.649999999999997,16.803781773093615,0.2730378177309317,68.28766274023559,0,0,1,0,0,0,0
1613,49200,86.0,69.0,77.5,3.65,17.5,6.0,1845,505,0.0,7,53.45788043478261,72.0,12.5,0.005,29.235,41.822536,-87.66634300000004,8,52167.509293680305,77.5,0.364002478314746,12.5,86.0,69.0,7.0,3.649999999999997,16.804213135068153,0.2728717472118915,68.28996282527879,0,1,0,0,0,0,0
1614,49200,86.0,69.0,77.5,3.65,17.5,6.0,1845,505,0.0,7,53.45788043478261,72.0,12.5,0.005,29.235,41.822536,-87.66634300000004,8,52165.67182662539,77.5,0.3637770897832817,12.5,86.0,69.0,7.0,3.649999999999997,16.804643962848292,0.27270588235293675,68.29226006191949,0,0,1,0,0,0,0
1615,49200,86.0,69.0,77.5,3.65,17.5,6.0,1845,505,0.0,7,53.45788043478261,72.0,12.5,0.005,29.235,41.799282,-87.585487,8,52163.83663366337,77.5,0.3635519801980198,12.5,86.0,69.0,7.0,3.649999999999997,16.805074257425744,0.2725402227722728,68.29455445544555,0,1,0,0,0,0,0
1616,49200,86.0,69.0,77.5,3.65,17.5,6.0,1845,505,0.0,7,53.45788043478261,72.0,12.5,0.005,29.235,41.799282,-87.585487,8,52162.00371057514,77.5,0.3633271490414348,12.5,86.0,69.0,7.0,3.649999999999997,16.80550401978973,0.27237476808904937,68.29684601113172,0,0,1,0,0,0,0
1617,49200,86.0,69.0,77.5,3.65,17.5,6.0,1845,505,0.0,7,53.45788043478261,72.0,12.5,0.005,29.235,41.799282,-87.585487,8,52160.173053152044,77.5,0.3631025957972806,12.5,86.0,69.0,7.0,3.649999999999997,16.80593325092707,0.2722095179233577,68.2991347342398,0,0,0,0,0,0,1
1618,49200,86.0,69.0,77.5,3.65,17.5,6.0,1845,505,0.0,7,53.45788043478261,72.0,12.5,0.005,29.235,41.778748,-87.586427,8,52158.3446571958,77.5,0.3628783199505868,12.5,86.0,69.0,7.0,3.649999999999997,16.806361951822108,0.2720444718962278,68.30142063001853,0,0,1,0,0,0,0
1619,49200,86.0,69.0,77.5,3.65,17.5,6.0,1845,505,0.0,7,53.45788043478261,72.0,12.5,0.005,29.235,41.766202,-87.562889,8,52156.51851851852,77.5,0.3626543209876543,12.5,86.0,69.0,7.0,3.649999999999997,16.80679012345679,0.2718796296296252,68.3037037037037,0,1,0,0,0,0,0
1620,49200,86.0,69.0,77.5,3.65,17.5,6.0,1845,505,0.0,7,53.45788043478261,72.0,12.5,0.005,29.235,41.766202,-87.562889,8,52154.69463294263,77.5,0.3624305983960518,12.5,86.0,69.0,7.0,3.649999999999997,16.80721776681061,0.2717149907464484,68.3059839605182,0,0,1,0,0,0,0
1621,49200,86.0,69.0,77.5,3.65,17.5,6.0,1845,505,0.0,7,53.45788043478261,72.0,12.5,0.005,29.235,41.766202,-87.562889,8,52152.872996300866,77.5,0.3622071516646116,12.5,86.0,69.0,7.0,3.649999999999997,16.807644882860664,0.27155055487052576,68.30826140567201,0,0,0,0,0,0,1
1622,49200,86.0,69.0,77.5,3.65,17.5,6.0,1845,505,0.0,7,53.45788043478261,72.0,12.5,0.005,29.235,41.754676,-87.612922,8,52151.05360443623,77.5,0.36198398028342577,12.5,86.0,69.0,7.0,3.649999999999997,16.808071472581638,0.27138632162661297,68.3105360443623,0,1,0,0,0,0,0
1623,49200,86.0,69.0,77.5,3.65,17.5,6.0,1845,505,0.0,7,53.45788043478261,72.0,12.5,0.005,29.235,41.754676,-87.612922,8,52149.23645320197,77.5,0.3617610837438424,12.5,86.0,69.0,7.0,3.649999999999997,16.80849753694581,0.2712222906403897,68.3128078817734,0,0,1,0,0,0,0
1624,49200,86.0,69.0,77.5,3.65,17.5,6.0,1845,505,0.0,7,53.45788043478261,72.0,12.5,0.005,29.235,41.754676,-87.612922,8,52147.42153846153,77.5,0.3615384615384615,12.5,86.0,69.0,7.0,3.649999999999997,16.808923076923076,0.2710584615384571,68.31507692307693,0,0,0,1,0,0,0
1625,49200,86.0,69.0,77.5,3.65,17.5,6.0,1845,505,0.0,7,53.45788043478261,72.0,12.5,0.005,29.235,41.821582,-87.62779599999998,8,52145.60885608856,77.5,0.3613161131611316,12.5,86.0,69.0,7.0,3.649999999999997,16.809348093480935,0.2708948339483351,68.31734317343174,0,1,0,0,0,0,0
1626,49200,86.0,69.0,77.5,3.65,17.5,6.0,1845,505,0.0,7,53.45788043478261,72.0,12.5,0.005,29.235,41.821582,-87.62779599999998,8,52143.798401966815,77.5,0.3610940381069453,12.5,86.0,69.0,7.0,3.649999999999997,16.80977258758451,0.27073140749845903,68.31960663798402,0,0,1,0,0,0,0
1627,49200,86.0,69.0,77.5,3.65,17.5,6.0,1845,505,0.0,7,53.45788043478261,72.0,12.5,0.005,29.235,41.803423,-87.642984,8,52141.990171990175,77.5,0.3608722358722359,12.5,86.0,69.0,7.0,3.649999999999997,16.81019656019656,0.2705681818181774,68.32186732186732,0,1,0,0,0,0,0
1628,49200,86.0,69.0,77.5,3.65,17.5,6.0,1845,505,0.0,7,53.45788043478261,72.0,12.5,0.005,29.235,41.803423,-87.642984,8,52140.184162062615,77.5,0.3606507059545734,12.5,86.0,69.0,7.0,3.649999999999997,16.810620012277468,0.2704051565377488,68.32412523020258,0,0,1,0,0,0,0
1629,49200,86.0,69.0,77.5,3.65,17.5,6.0,1845,505,0.0,7,53.45788043478261,72.0,12.5,0.005,29.235,41.754292,-87.590773,8,52138.380368098165,77.5,0.3604294478527607,12.5,86.0,69.0,7.0,3.649999999999997,16.811042944785274,0.27024233128833913,68.32638036809816,0,1,0,0,0,0,0
1630,49200,86.0,69.0,77.5,3.65,17.5,6.0,1845,505,0.0,7,53.45788043478261,72.0,12.5,0.005,29.235,41.754292,-87.590773,8,52136.57878602085,77.5,0.3602084610668302,12.5,86.0,69.0,7.0,3.649999999999997,16.811465358675658,0.2700797057020189,68.32863274064991,0,0,1,0,0,0,0
1631,49200,86.0,69.0,77.5,3.65,17.5,6.0,1845,505,0.0,7,53.45788043478261,72.0,12.5,0.005,29.235,41.692555,-87.598865,8,52134.77941176471,77.5,0.3599877450980392,12.5,86.0,69.0,7.0,3.649999999999997,16.81188725490196,0.2699172794117603,68.33088235294117,0,1,0,0,0,0,0
1632,49200,86.0,69.0,77.5,3.65,17.5,6.0,1845,505,0.0,7,53.45788043478261,72.0,12.5,0.005,29.235,41.692555,-87.598865,8,52132.982241273734,77.5,0.3597672994488671,12.5,86.0,69.0,7.0,3.649999999999997,16.812308634415185,0.26975505205143463,68.33312921004287,0,0,1,0,0,0,0
1633,49200,86.0,69.0,77.5,3.65,17.5,6.0,1845,505,0.0,7,53.45788043478261,72.0,12.5,0.005,29.235,41.721474,-87.648064,8,52131.18727050184,77.5,0.35954712362301094,12.5,86.0,69.0,7.0,3.649999999999997,16.812729498164014,0.2695930232558095,68.33537331701346,0,1,0,0,0,0,0
1634,49200,86.0,69.0,77.5,3.65,17.5,6.0,1845,505,0.0,7,53.45788043478261,72.0,12.5,0.005,29.235,41.721474,-87.648064,8,52129.39449541285,77.5,0.35932721712538224,12.5,86.0,69.0,7.0,3.649999999999997,16.813149847094802,0.26943119266054605,68.3376146788991,0,0,1,0,0,0,0
1635,49200,86.0,69.0,77.5,3.65,17.5,6.0,1845,505,0.0,7,53.45788043478261,72.0,12.5,0.005,29.235,41.688324,-87.676709,8,52127.60391198044,77.5,0.3591075794621027,12.5,86.0,69.0,7.0,3.649999999999997,16.813569682151588,0.2692695599021961,68.3398533007335,0,1,0,0,0,0,0
1636,49200,86.0,69.0,77.5,3.65,17.5,6.0,1845,505,0.0,7,53.45788043478261,72.0,12.5,0.005,29.235,41.688324,-87.676709,8,52125.81551618815,77.5,0.3588882101405009,12.5,86.0,69.0,7.0,3.649999999999997,16.813989004276113,0.2691081246181996,68.34208918753818,0,0,1,0,0,0,0
1637,49200,86.0,69.0,77.5,3.65,17.5,6.0,1845,505,0.0,7,53.45788043478261,72.0,12.5,0.005,29.235,41.869107,-87.69629300000004,8,52124.029304029296,77.5,0.3586691086691087,12.5,86.0,69.0,7.0,3.649999999999997,16.814407814407815,0.268946886446882,68.34432234432235,0,1,0,0,0,0,0
1638,49200,86.0,69.0,77.5,3.65,17.5,6.0,1845,505,0.0,7,53.45788043478261,72.0,12.5,0.005,29.235,41.869107,-87.69629300000004,8,52122.245271507025,77.5,0.3584502745576571,12.5,86.0,69.0,7.0,3.649999999999997,16.814826113483832,0.2687858450274513,68.34655277608297,0,0,1,0,0,0,0
1639,49200,86.0,69.0,77.5,3.65,17.5,6.0,1845,505,0.0,7,53.45788043478261,72.0,12.5,0.005,29.235,41.723195,-87.64997,8,52120.46341463415,77.5,0.3582317073170732,12.5,86.0,69.0,7.0,3.649999999999997,16.815243902439025,0.2686249999999956,68.34878048780487,0,1,0,0,0,0,0
1640,49200,86.0,69.0,77.5,3.65,17.5,6.0,1845,505,0.0,7,53.45788043478261,72.0,12.5,0.005,29.235,41.723195,-87.64997,8,52118.68372943327,77.5,0.35801340645947594,12.5,86.0,69.0,7.0,3.649999999999997,16.81566118220597,0.26846435100548005,68.3510054844607,0,0,1,0,0,0,0
1641,49200,86.0,69.0,77.5,3.65,17.5,6.0,1845,505,0.0,7,53.45788043478261,72.0,12.5,0.005,29.235,41.868077,-87.666901,8,52116.90621193666,77.5,0.357795371498173,12.5,86.0,69.0,7.0,3.649999999999997,16.81607795371498,0.26830389768574464,68.35322777101096,0,1,0,0,0,0,0
1642,49200,86.0,69.0,77.5,3.65,17.5,6.0,1845,505,0.0,7,53.45788043478261,72.0,12.5,0.005,29.235,41.868077,-87.666901,8,52115.13085818625,77.5,0.3575776019476567,12.5,86.0,69.0,7.0,3.649999999999997,16.816494217894096,0.26814363968350136,68.35544735240414,0,0,1,0,0,0,0
1643,49200,86.0,69.0,77.5,3.65,17.5,6.0,1845,505,0.0,7,53.45788043478261,72.0,12.5,0.005,29.235,41.868077,-87.666901,8,52113.357664233576,77.5,0.35736009732360097,12.5,86.0,69.0,7.0,3.649999999999997,16.816909975669102,0.26798357664233136,68.35766423357664,0,0,0,0,0,0,1
1644,49200,86.0,69.0,77.5,3.65,17.5,6.0,1845,505,0.0,7,53.45788043478261,72.0,12.5,0.005,29.235,41.862292,-87.64886,8,52111.58662613981,77.5,0.35714285714285715,12.5,86.0,69.0,7.0,3.649999999999997,16.817325227963526,0.2678237082066825,68.35987841945288,0,1,0,0,0,0,0
1645,49200,86.0,69.0,77.5,3.65,17.5,6.0,1845,505,0.0,7,53.45788043478261,72.0,12.5,0.005,29.235,41.798697,-87.736812,8,52109.817739975704,77.5,0.3569258809234508,12.5,86.0,69.0,7.0,3.649999999999997,16.817739975698665,0.2676640340218668,68.36208991494532,0,1,0,0,0,0,0
1646,49200,86.0,69.0,77.5,3.65,17.5,6.0,1845,505,0.0,7,53.45788043478261,72.0,12.5,0.005,29.235,41.798697,-87.736812,8,52108.051001821485,77.5,0.35670916818457804,12.5,86.0,69.0,7.0,3.649999999999997,16.818154219793566,0.2675045537340575,68.36429872495447,0,0,1,0,0,0,0
1647,49200,86.0,69.0,77.5,3.65,17.5,6.0,1845,505,0.0,7,53.45788043478261,72.0,12.5,0.005,29.235,41.798697,-87.736812,8,52106.286407766995,77.5,0.356492718446602,12.5,86.0,69.0,7.0,3.649999999999997,16.818567961165048,0.2673452669902868,68.36650485436893,0,0,0,1,0,0,0
1648,49200,86.0,69.0,77.5,3.65,17.5,6.0,1845,505,0.0,7,53.45788043478261,72.0,12.5,0.005,29.235,41.961743,-87.76007,8,52104.52395391146,77.5,0.35627653123104913,12.5,86.0,69.0,7.0,3.649999999999997,16.818981200727713,0.26718617343844314,68.36870830806551,0,0,1,0,0,0,0
1649,49200,86.0,69.0,77.5,3.65,17.5,6.0,1845,505,0.0,7,53.45788043478261,72.0,12.5,0.005,29.235,41.999129,-87.795585,8,52102.763636363634,77.5,0.3560606060606061,12.5,86.0,69.0,7.0,3.649999999999997,16.81939393939394,0.2670272727272683,68.3709090909091,0,1,0,0,0,0,0
1650,49200,86.0,69.0,77.5,3.65,17.5,6.0,1845,505,0.0,7,53.45788043478261,72.0,12.5,0.005,29.235,41.999129,-87.795585,8,52101.00545124167,77.5,0.3558449424591157,12.5,86.0,69.0,7.0,3.649999999999997,16.819806178073893,0.2668685645063554,68.37310720775288,0,0,1,0,0,0,0
1651,49200,86.0,69.0,77.5,3.65,17.5,6.0,1845,505,0.0,7,53.45788043478261,72.0,12.5,0.005,29.235,41.94016,-87.794896,8,52099.249394673134,77.5,0.3556295399515739,12.5,86.0,69.0,7.0,3.649999999999997,16.820217917675546,0.2667100484261457,68.37530266343825,0,1,0,0,0,0,0
1652,49200,86.0,69.0,77.5,3.65,17.5,6.0,1845,505,0.0,7,53.45788043478261,72.0,12.5,0.005,29.235,41.94016,-87.794896,8,52097.49546279492,77.5,0.35541439806412584,12.5,86.0,69.0,7.0,3.649999999999997,16.82062915910466,0.2665517241379266,68.37749546279491,0,0,1,0,0,0,0
1653,49200,86.0,69.0,77.5,3.65,17.5,6.0,1845,505,0.0,7,53.45788043478261,72.0,12.5,0.005,29.235,41.878114,-87.629798,8,52095.74365175333,77.5,0.3551995163240629,12.5,86.0,69.0,7.0,3.649999999999997,16.82103990326481,0.2663935912938287,68.37968561064088,0,1,0,0,0,0,0
1654,49200,86.0,69.0,77.5,3.65,17.5,6.0,1845,505,0.0,7,53.45788043478261,72.0,12.5,0.005,29.235,41.878114,-87.629798,8,52093.993957703926,77.5,0.3549848942598187,12.5,86.0,69.0,7.0,3.649999999999997,16.8214501510574,0.2662356495468234,68.38187311178247,0,0,1,0,0,0,0
1655,49200,86.0,69.0,77.5,3.65,17.5,6.0,1845,505,0.0,7,53.45788043478261,72.0,12.5,0.005,29.235,41.878114,-87.629798,8,52092.24637681159,77.5,0.3547705314009662,12.5,86.0,69.0,7.0,3.649999999999997,16.821859903381647,0.2660778985507202,68.3840579710145,0,0,0,1,0,0,0
1656,49200,86.0,69.0,77.5,3.65,17.5,6.0,1845,505,0.0,7,53.45788043478261,72.0,12.5,0.005,29.235,41.958271,-87.702575,8,52090.50090525045,77.5,0.3545564272782136,12.5,86.0,69.0,7.0,3.649999999999997,16.822269161134578,0.26592033796016457,68.3862401931201,0,1,0,0,0,0,0
1657,49200,86.0,69.0,77.5,3.65,17.5,6.0,1845,505,0.0,7,53.45788043478261,72.0,12.5,0.005,29.235,41.958271,-87.702575,8,52088.75753920387,77.5,0.3543425814234017,12.5,86.0,69.0,7.0,3.649999999999997,16.8226779252111,0.2657629674306349,68.38841978287093,0,0,1,0,0,0,0
1658,49200,86.0,69.0,77.5,3.65,17.5,6.0,1845,505,0.0,7,53.45788043478261,72.0,12.5,0.005,29.235,41.958271,-87.702575,8,52087.016274864385,77.5,0.3541289933694997,12.5,86.0,69.0,7.0,3.649999999999997,16.82308619650392,0.2656057866184404,68.39059674502711,0,0,0,1,0,0,0
1659,49200,86.0,69.0,77.5,3.65,17.5,6.0,1845,505,0.0,7,53.45788043478261,72.0,12.5,0.005,29.235,41.932094,-87.700117,8,52085.277108433744,77.5,0.3539156626506024,12.5,86.0,69.0,7.0,3.649999999999997,16.823493975903613,0.2654487951807185,68.39277108433735,0,1,0,0,0,0,0
1660,49200,86.0,69.0,77.5,3.65,17.5,6.0,1845,505,0.0,7,53.45788043478261,72.0,12.5,0.005,29.235,41.932094,-87.700117,8,52083.540036122824,77.5,0.35370258880192657,12.5,86.0,69.0,7.0,3.649999999999997,16.823901264298616,0.26529199277543203,68.39494280553883,0,0,1,0,0,0,0
1661,49200,86.0,69.0,77.5,3.65,17.5,6.0,1845,505,0.0,7,53.45788043478261,72.0,12.5,0.005,29.235,42.01743,-87.68776899999996,8,52081.80505415163,77.5,0.3534897713598075,12.5,86.0,69.0,7.0,3.649999999999997,16.824308062575213,0.2651353790613674,68.3971119133574,0,0,1,0,0,0,0
1662,49200,86.0,69.0,77.5,3.65,17.5,6.0,1845,505,0.0,7,53.45788043478261,72.0,12.5,0.005,29.235,42.01743,-87.68776899999996,8,52080.07215874925,77.5,0.3532772098616957,12.5,86.0,69.0,7.0,3.649999999999997,16.82471437161756,0.26497895369813146,68.3992784125075,0,0,0,0,0,0,1
1663,49200,86.0,69.0,77.5,3.65,17.5,6.0,1845,505,0.0,7,53.45788043478261,72.0,12.5,0.005,29.235,41.994469,-87.667736,8,52078.34134615384,77.5,0.35306490384615385,12.5,86.0,69.0,7.0,3.649999999999997,16.825120192307693,0.2648227163461494,68.40144230769229,0,0,1,0,0,0,0
1664,49200,86.0,69.0,77.5,3.65,17.5,6.0,1845,505,0.0,7,53.45788043478261,72.0,12.5,0.005,29.235,42.006858,-87.675919,8,52076.61261261262,77.5,0.35285285285285284,12.5,86.0,69.0,7.0,3.649999999999997,16.825525525525524,0.2646666666666622,68.4036036036036,0,1,0,0,0,0,0
1665,49200,86.0,69.0,77.5,3.65,17.5,6.0,1845,505,0.0,7,53.45788043478261,72.0,12.5,0.005,29.235,42.006858,-87.675919,8,52074.885954381745,77.5,0.35264105642256904,12.5,86.0,69.0,7.0,3.649999999999997,16.82593037214886,0.26451080432172425,68.40576230492196,0,0,1,0,0,0,0
1666,49200,86.0,69.0,77.5,3.65,17.5,6.0,1845,505,0.0,7,53.45788043478261,72.0,12.5,0.005,29.235,41.916265,-87.800515,8,52073.16136772645,77.5,0.3524295140971805,12.5,86.0,69.0,7.0,3.649999999999997,16.82633473305339,0.2643551289742007,68.40791841631673,0,1,0,0,0,0,0
1667,49200,86.0,69.0,77.5,3.65,17.5,6.0,1845,505,0.0,7,53.45788043478261,72.0,12.5,0.005,29.235,41.916265,-87.800515,8,52071.43884892087,77.5,0.35221822541966424,12.5,86.0,69.0,7.0,3.649999999999997,16.82673860911271,0.2641996402877654,68.41007194244604,0,0,1,0,0,0,0
1668,49200,86.0,69.0,77.5,3.65,17.5,6.0,1845,505,0.0,7,53.45788043478261,72.0,12.5,0.005,29.235,41.846075,-87.716277,8,52069.718394248055,77.5,0.35200718993409225,12.5,86.0,69.0,7.0,3.649999999999997,16.82714200119832,0.2640443379268979,68.41222288795686,0,1,0,0,0,0,0
1669,49200,86.0,69.0,77.5,3.65,17.5,6.0,1845,505,0.0,7,53.45788043478261,72.0,12.5,0.005,29.235,41.846075,-87.716277,8,52068.0,77.5,0.3517964071856288,12.5,86.0,69.0,7.0,3.649999999999997,16.82754491017964,0.2638892215568818,68.41437125748503,0,0,1,0,0,0,0
1670,49200,86.0,69.0,77.5,3.65,17.5,6.0,1845,505,0.0,7,53.45788043478261,72.0,12.5,0.005,29.235,41.846075,-87.716277,8,52066.28366247756,77.5,0.35158587672052666,12.5,86.0,69.0,7.0,3.649999999999997,16.827947336923998,0.2637342908438017,68.41651705565529,0,0,0,1,0,0,0
1671,49200,86.0,69.0,77.5,3.65,17.5,6.0,1845,505,0.0,7,53.45788043478261,72.0,12.5,0.005,29.235,41.907645,-87.760886,8,52064.56937799043,77.5,0.3513755980861244,12.5,86.0,69.0,7.0,3.649999999999997,16.82834928229665,0.26357954545454104,68.41866028708135,0,1,0,0,0,0,0
1672,49200,86.0,69.0,77.5,3.65,17.5,6.0,1845,505,0.0,7,53.45788043478261,72.0,12.5,0.005,29.235,41.907645,-87.760886,8,52062.857142857145,77.5,0.3511655708308428,12.5,86.0,69.0,7.0,3.649999999999997,16.82875074716079,0.2634249850567798,68.42080095636581,0,0,1,0,0,0,0
1673,49200,86.0,69.0,77.5,3.65,17.5,6.0,1845,505,0.0,7,53.45788043478261,72.0,12.5,0.005,29.235,41.918705,-87.752329,8,52061.14695340502,77.5,0.35095579450418163,12.5,86.0,69.0,7.0,3.649999999999997,16.82915173237754,0.263270609318992,68.42293906810036,0,1,0,0,0,0,0
1674,49200,86.0,69.0,77.5,3.65,17.5,6.0,1845,505,0.0,7,53.45788043478261,72.0,12.5,0.005,29.235,41.918705,-87.752329,8,52059.438805970145,77.5,0.35074626865671643,12.5,86.0,69.0,7.0,3.649999999999997,16.82955223880597,0.2631164179104433,68.42507462686568,0,0,1,0,0,0,0
1675,49200,86.0,69.0,77.5,3.65,17.5,6.0,1845,505,0.0,7,53.45788043478261,72.0,12.5,0.005,29.235,41.776156,-87.778927,8,52057.73269689737,77.5,0.3505369928400955,12.5,86.0,69.0,7.0,3.649999999999997,16.829952267303103,0.2629624105011889,68.4272076372315,0,1,0,0,0,0,0
1676,49200,86.0,69.0,77.5,3.65,17.5,6.0,1845,505,0.0,7,53.45788043478261,72.0,12.5,0.005,29.235,41.776156,-87.778927,8,52056.02862254025,77.5,0.3503279666070364,12.5,86.0,69.0,7.0,3.649999999999997,16.830351818723912,0.2628085867620707,68.4293381037567,0,0,1,0,0,0,0
1677,49200,86.0,69.0,77.5,3.65,17.5,6.0,1845,505,0.0,7,53.45788043478261,72.0,12.5,0.005,29.235,41.772846,-87.740029,8,52054.32657926103,77.5,0.350119189511323,12.5,86.0,69.0,7.0,3.649999999999997,16.830750893921333,0.2626549463647155,68.43146603098927,0,1,0,0,0,0,0
1678,49200,86.0,69.0,77.5,3.65,17.5,6.0,1845,505,0.0,7,53.45788043478261,72.0,12.5,0.005,29.235,41.772846,-87.740029,8,52052.62656343062,77.5,0.3499106611078023,12.5,86.0,69.0,7.0,3.649999999999997,16.831149493746278,0.2625014889815322,68.43359142346635,0,0,1,0,0,0,0
1679,49200,86.0,69.0,77.5,3.65,17.5,6.0,1845,505,0.0,7,53.45788043478261,72.0,12.5,0.005,29.235,41.825902,-87.667827,8,52050.928571428565,77.5,0.3497023809523809,12.5,86.0,69.0,7.0,3.649999999999997,16.83154761904762,0.2623482142857099,68.43571428571428,0,1,0,0,0,0,0
1680,49200,86.0,69.0,77.5,3.65,17.5,6.0,1845,505,0.0,7,53.45788043478261,72.0,12.5,0.005,29.235,41.825902,-87.667827,8,52049.232599643066,77.5,0.3494943486020226,12.5,86.0,69.0,7.0,3.649999999999997,16.831945270672218,0.2621951219512151,68.43783462224866,0,0,1,0,0,0,0
1681,49200,86.0,69.0,77.5,3.65,17.5,6.0,1845,505,0.0,7,53.45788043478261,72.0,12.5,0.005,29.235,41.948167,-87.730698,8,52047.53864447087,77.5,0.3492865636147444,12.5,86.0,69.0,7.0,3.649999999999997,16.83234244946492,0.26204221165278985,68.43995243757432,0,1,0,0,0,0,0
1682,49200,86.0,69.0,77.5,3.65,17.5,6.0,1845,505,0.0,7,53.45788043478261,72.0,12.5,0.005,29.235,41.948167,-87.730698,8,52045.846702317285,77.5,0.3490790255496138,12.5,86.0,69.0,7.0,3.649999999999997,16.83273915626857,0.2618894830659492,68.44206773618538,0,0,1,0,0,0,0
1683,49200,86.0,69.0,77.5,3.65,17.5,6.0,1845,505,0.0,7,53.45788043478261,72.0,12.5,0.005,29.235,41.966987,-87.674677,8,52044.1567695962,77.5,0.3488717339667459,12.5,86.0,69.0,7.0,3.649999999999997,16.83313539192399,0.2617369358669789,68.44418052256532,0,1,0,0,0,0,0
1684,49200,86.0,69.0,77.5,3.65,17.5,6.0,1845,505,0.0,7,53.45788043478261,72.0,12.5,0.005,29.235,41.966987,-87.674677,8,52042.46884272997,77.5,0.3486646884272997,12.5,86.0,69.0,7.0,3.649999999999997,16.833531157270027,0.2615845697329333,68.44629080118695,0,0,1,0,0,0,0
1685,49200,86.0,69.0,77.5,3.65,17.5,6.0,1845,505,0.0,7,53.45788043478261,72.0,12.5,0.005,29.235,41.963976,-87.69181,8,52040.782918149474,77.5,0.3484578884934757,12.5,86.0,69.0,7.0,3.649999999999997,16.833926453143533,0.2614323843416326,68.44839857651246,0,1,0,0,0,0,0
1686,49200,86.0,69.0,77.5,3.65,17.5,6.0,1845,505,0.0,7,53.45788043478261,72.0,12.5,0.005,29.235,41.963976,-87.69181,8,52039.09899229401,77.5,0.3482513337285121,12.5,86.0,69.0,7.0,3.649999999999997,16.83432128037937,0.2612803793716613,68.45050385299348,0,0,1,0,0,0,0
1687,49020,90.0,69.5,80.0,5.199999999999998,21.0,8.95,1843,506,0.0,9,53.45788043478261,73.0,15.0,0.625,29.26,41.688324,-87.676709,8,52037.31042654028,77.5,0.34804502369668244,12.5,86.0,69.0,7.0,3.649999999999997,16.836789099526065,0.2614958530805643,68.4531990521327,0,1,0,0,0,0,0
1688,49020,90.0,69.5,80.0,5.199999999999998,21.0,8.95,1843,506,0.0,9,53.45788043478261,73.0,15.0,0.625,29.26,41.862292,-87.64886,8,52035.52397868562,77.5,0.3478389579632919,12.5,86.0,69.0,7.0,3.649999999999997,16.839253996447606,0.2617110716400193,68.4558910597987,0,0,1,0,0,0,0
1689,49020,90.0,69.5,80.0,5.199999999999998,21.0,8.95,1843,506,0.0,9,53.45788043478261,73.0,15.0,0.625,29.26,41.869216,-87.627561,8,52033.73964497042,77.5,0.34763313609467456,12.5,86.0,69.0,7.0,3.649999999999997,16.84171597633136,0.2619260355029542,68.4585798816568,0,1,0,0,0,0,0
1690,49020,90.0,69.5,80.0,5.199999999999998,21.0,8.95,1843,506,0.0,9,53.45788043478261,73.0,15.0,0.625,29.26,41.869216,-87.627561,8,52031.957421644,77.5,0.34742755765819044,12.5,86.0,69.0,7.0,3.649999999999997,16.844175044352454,0.26214074512122565,68.46126552335896,0,0,1,0,0,0,0
1691,49020,90.0,69.5,80.0,5.199999999999998,21.0,8.95,1843,506,0.0,9,53.45788043478261,73.0,15.0,0.625,29.26,41.720848,-87.666014,8,52030.17730496454,77.5,0.3472222222222222,12.5,86.0,69.0,7.0,3.649999999999997,16.84663120567376,0.26235520094562204,68.46394799054373,0,1,0,0,0,0,0
1692,49020,90.0,69.5,80.0,5.199999999999998,21.0,8.95,1843,506,0.0,9,53.45788043478261,73.0,15.0,0.625,29.26,41.720848,-87.666014,8,52028.399291199064,77.5,0.3470171293561725,12.5,86.0,69.0,7.0,3.649999999999997,16.849084465445955,0.2625694034258668,68.46662728883639,0,0,1,0,0,0,0
1693,49020,90.0,69.5,80.0,5.199999999999998,21.0,8.95,1843,506,0.0,9,53.45788043478261,73.0,15.0,0.625,29.26,41.720848,-87.666014,8,52026.62337662338,77.5,0.34681227863046044,12.5,86.0,69.0,7.0,3.649999999999997,16.851534828807555,0.2627833530106213,68.46930342384888,0,0,0,0,0,0,1
1694,49020,90.0,69.5,80.0,5.199999999999998,21.0,8.95,1843,506,0.0,9,53.45788043478261,73.0,15.0,0.625,29.26,41.704336,-87.70373599999998,8,52024.84955752213,80.0,0.3466076696165192,15.0,90.0,69.0,9.0,3.649999999999997,16.853982300884955,0.2629970501474882,68.47197640117993,0,1,0,0,0,0,0
1695,49020,90.0,69.5,80.0,5.199999999999998,21.0,8.95,1843,506,0.0,9,53.45788043478261,73.0,15.0,0.625,29.26,41.704336,-87.70373599999998,8,52023.07783018868,80.0,0.3464033018867925,15.0,90.0,69.0,9.0,3.649999999999997,16.856426886792452,0.26321049528301443,68.47464622641509,0,0,1,0,0,0,0
1696,49020,90.0,69.5,80.0,5.199999999999998,21.0,8.95,1843,506,0.0,9,53.45788043478261,73.0,15.0,0.625,29.26,41.731922,-87.677512,8,52021.30819092516,80.0,0.34619917501473185,15.0,90.0,69.0,9.0,3.649999999999997,16.85886859163229,0.2634236888626945,68.47731290512671,0,1,0,0,0,0,0
1697,49020,90.0,69.5,80.0,5.199999999999998,21.0,8.95,1843,506,0.0,9,53.45788043478261,73.0,15.0,0.625,29.26,41.731922,-87.677512,8,52019.5406360424,80.0,0.3459952885747939,15.0,90.0,69.5,9.0,3.649999999999997,16.8613074204947,0.2636366313309732,68.47997644287398,0,0,1,0,0,0,0
1698,49020,90.0,69.5,80.0,5.199999999999998,21.0,8.95,1843,506,0.0,9,53.45788043478261,73.0,15.0,0.625,29.26,41.644612,-87.60449799999998,8,52017.77516185992,80.0,0.34579164214243674,15.0,90.0,69.5,9.0,3.649999999999997,16.863743378457915,0.2638493231312493,68.48263684520306,0,1,0,0,0,0,0
1699,49020,90.0,69.5,80.0,5.199999999999998,21.0,8.95,1843,506,0.0,9,53.45788043478261,73.0,15.0,0.625,29.26,41.644612,-87.60449799999998,8,52016.01176470588,80.0,0.34558823529411764,15.0,90.0,69.5,9.0,3.649999999999997,16.866176470588233,0.26406176470587794,68.48529411764707,0,0,1,0,0,0,0
1700,49020,90.0,69.5,80.0,5.199999999999998,21.0,8.95,1843,506,0.0,9,53.45788043478261,73.0,15.0,0.625,29.26,41.733643,-87.55551,8,52014.25044091711,80.0,0.3453850676072898,15.0,90.0,69.5,9.0,3.649999999999997,16.868606701940035,0.2642739564961743,68.48794826572605,0,1,0,0,0,0,0
1701,49020,90.0,69.5,80.0,5.199999999999998,21.0,8.95,1843,506,0.0,9,53.45788043478261,73.0,15.0,0.625,29.26,41.733643,-87.55551,8,52012.49118683901,80.0,0.34518213866039954,15.0,90.0,69.5,9.0,3.649999999999997,16.871034077555812,0.2644858989424163,68.49059929494712,0,0,1,0,0,0,0
1702,49020,90.0,69.5,80.0,5.199999999999998,21.0,8.95,1843,506,0.0,9,53.45788043478261,73.0,15.0,0.625,29.26,41.717753,-87.531657,8,52010.7339988256,80.0,0.3449794480328832,15.0,90.0,69.5,9.0,3.649999999999997,16.873458602466236,0.2646975924838476,68.49324721080447,0,1,0,0,0,0,0
1703,49020,90.0,69.5,80.0,5.199999999999998,21.0,8.95,1843,506,0.0,9,53.45788043478261,73.0,15.0,0.625,29.26,41.717753,-87.531657,8,52008.97887323943,80.0,0.3447769953051643,15.0,90.0,69.5,9.0,3.649999999999997,16.87588028169014,0.26490903755868106,68.49589201877934,0,0,1,0,0,0,0
1704,49020,90.0,69.5,80.0,5.199999999999998,21.0,8.95,1843,506,0.0,9,53.45788043478261,73.0,15.0,0.625,29.26,41.750498,-87.605294,8,52007.22580645161,80.0,0.34457478005865105,15.0,90.0,69.5,9.0,3.649999999999997,16.878299120234605,0.2651202346041012,68.49853372434018,0,1,0,0,0,0,0
1705,49020,90.0,69.5,80.0,5.199999999999998,21.0,8.95,1843,506,0.0,9,53.45788043478261,73.0,15.0,0.625,29.26,41.750498,-87.605294,8,52005.474794841735,80.0,0.3443728018757327,15.0,90.0,69.5,9.0,3.649999999999997,16.880715123094962,0.2653311840562676,68.50117233294256,0,0,1,0,0,0,0
1706,49020,90.0,69.5,80.0,5.199999999999998,21.0,8.95,1843,506,0.0,9,53.45788043478261,73.0,15.0,0.625,29.26,41.750498,-87.605294,8,52003.72583479789,80.0,0.3441710603397774,15.0,90.0,69.5,9.0,3.649999999999997,16.883128295254828,0.26554188635031784,68.50380785002929,0,0,0,1,0,0,0
1707,49020,90.0,69.5,80.0,5.199999999999998,21.0,8.95,1843,506,0.0,9,53.45788043478261,73.0,15.0,0.625,29.26,41.702724,-87.536497,8,52001.97892271663,80.0,0.3439695550351288,15.0,90.0,69.5,9.0,3.649999999999997,16.885538641686182,0.26575234192037034,68.50644028103045,0,1,0,0,0,0,0
1708,49020,90.0,69.5,80.0,5.199999999999998,21.0,8.95,1843,506,0.0,9,53.45788043478261,73.0,15.0,0.625,29.26,41.702724,-87.536497,8,52000.23405500293,80.0,0.3437682855471036,15.0,90.0,69.5,9.0,3.649999999999997,16.88794616734933,0.2659625511995275,68.50906963136336,0,0,1,0,0,0,0
1709,49020,90.0,69.5,80.0,5.199999999999998,21.0,8.95,1843,506,0.0,9,53.45788043478261,73.0,15.0,0.625,29.26,41.702724,-87.536497,8,51998.491228070176,80.0,0.3435672514619883,15.0,90.0,69.5,9.0,3.649999999999997,16.890350877192983,0.2661725146198787,68.51169590643275,0,0,0,0,0,0,1
1710,49020,90.0,69.5,80.0,5.199999999999998,21.0,8.95,1843,506,0.0,9,53.45788043478261,73.0,15.0,0.625,29.26,41.729669,-87.582699,8,51996.750438340154,80.0,0.34336645236703683,15.0,90.0,69.5,9.0,3.649999999999997,16.892752776154293,0.2663822326125029,68.51431911163063,0,1,0,0,0,0,0
1711,49020,90.0,69.5,80.0,5.199999999999998,21.0,8.95,1843,506,0.0,9,53.45788043478261,73.0,15.0,0.625,29.26,41.729669,-87.582699,8,51995.01168224299,80.0,0.3431658878504673,15.0,90.0,69.5,9.0,3.649999999999997,16.89515186915888,0.26659170560747225,68.51693925233644,0,0,1,0,0,0,0
1712,49020,90.0,69.5,80.0,5.199999999999998,21.0,8.95,1843,506,0.0,9,53.45788043478261,73.0,15.0,0.625,29.26,41.673408,-87.599862,8,51993.27495621716,80.0,0.3429655575014594,15.0,90.0,69.5,9.0,3.649999999999997,16.897548161120838,0.26680093403385435,68.51955633391711,0,1,0,0,0,0,0
1713,49020,90.0,69.5,80.0,5.199999999999998,21.0,8.95,1843,506,0.0,9,53.45788043478261,73.0,15.0,0.625,29.26,41.673408,-87.599862,8,51991.54025670945,80.0,0.3427654609101517,15.0,90.0,69.5,9.0,3.649999999999997,16.899941656942826,0.2670099183197156,68.52217036172695,0,0,1,0,0,0,0
1714,49020,90.0,69.5,80.0,5.199999999999998,21.0,8.95,1843,506,0.0,9,53.45788043478261,73.0,15.0,0.625,29.26,41.704572,-87.56566600000002,8,51989.80758017493,80.0,0.3425655976676385,15.0,90.0,69.5,9.0,3.649999999999997,16.902332361516034,0.26721865889212393,68.52478134110787,0,1,0,0,0,0,0
1715,49020,90.0,69.5,80.0,5.199999999999998,21.0,8.95,1843,506,0.0,9,53.45788043478261,73.0,15.0,0.625,29.26,41.704572,-87.56566600000002,8,51988.076923076915,80.0,0.34236596736596736,15.0,90.0,69.5,9.0,5.199999999999996,16.90472027972028,0.26742715617715185,68.52738927738928,0,0,1,0,0,0,0
1716,49020,90.0,69.5,80.0,5.199999999999998,21.0,8.95,1843,506,0.0,9,53.45788043478261,73.0,15.0,0.625,29.26,41.662014,-87.72460799999998,8,51986.34828188701,80.0,0.3421665695981363,15.0,90.0,69.5,9.0,5.199999999999997,16.907105416423992,0.2676354105998792,68.52999417588818,0,1,0,0,0,0,0
1717,49020,90.0,69.5,80.0,5.199999999999998,21.0,8.95,1843,506,0.0,9,53.45788043478261,73.0,15.0,0.625,29.26,41.662014,-87.72460799999998,8,51984.62165308498,80.0,0.3419674039580908,15.0,90.0,69.5,9.0,5.199999999999997,16.909487776484283,0.2678434225843961,68.5325960419092,0,0,1,0,0,0,0
1718,49020,90.0,69.5,80.0,5.199999999999998,21.0,8.95,1843,506,0.0,9,53.45788043478261,73.0,15.0,0.625,29.26,41.72646500000001,-87.585413,8,51982.897033158806,80.0,0.34176847004072136,15.0,90.0,69.5,9.0,5.199999999999997,16.911867364746946,0.26805119255380605,68.53519488074461,0,1,0,0,0,0,0
1719,49020,90.0,69.5,80.0,5.199999999999998,21.0,8.95,1843,506,0.0,9,53.45788043478261,73.0,15.0,0.625,29.26,41.72646500000001,-87.585413,8,51981.17441860465,80.0,0.3415697674418605,15.0,90.0,69.5,9.0,5.199999999999997,16.914244186046513,0.26825872093022823,68.53779069767442,0,0,1,0,0,0,0
1720,49020,90.0,69.5,80.0,5.199999999999998,21.0,8.95,1843,506,0.0,9,53.45788043478261,73.0,15.0,0.625,29.26,41.72646500000001,-87.585413,8,51979.45380592679,80.0,0.3413712957582801,15.0,90.0,69.5,9.0,5.199999999999997,16.916618245206276,0.26846600813480104,68.5403834979663,0,0,0,0,0,0,1
1721,49020,90.0,69.5,80.0,5.199999999999998,21.0,8.95,1843,506,0.0,9,53.45788043478261,73.0,15.0,0.625,29.26,41.682587,-87.707973,8,51977.73519163763,80.0,0.3411730545876887,15.0,90.0,69.5,9.0,5.199999999999997,16.918989547038333,0.2686730545876844,68.54297328687572,0,1,0,0,0,0,0
1722,49020,90.0,69.5,80.0,5.199999999999998,21.0,8.95,1843,506,0.0,9,53.45788043478261,73.0,15.0,0.625,29.26,41.682587,-87.707973,8,51976.018572257686,80.0,0.340975043528729,15.0,90.0,69.5,9.0,5.199999999999997,16.921358096343585,0.26887986070806297,68.54556006964597,0,0,1,0,0,0,0
1723,49020,90.0,69.5,80.0,5.199999999999998,21.0,8.95,1843,506,0.0,9,53.45788043478261,73.0,15.0,0.625,29.26,41.732984,-87.649642,8,51974.303944315536,80.0,0.3407772621809745,15.0,90.0,69.5,9.0,5.199999999999997,16.923723897911838,0.2690864269141488,68.54814385150812,0,1,0,0,0,0,0
1724,49020,90.0,69.5,80.0,5.199999999999998,21.0,8.95,1843,506,0.0,9,53.45788043478261,73.0,15.0,0.625,29.26,41.732984,-87.649642,8,51972.59130434783,80.0,0.34057971014492755,15.0,90.0,69.5,9.0,5.199999999999997,16.92608695652174,0.2692927536231841,68.55072463768116,0,0,1,0,0,0,0
1725,49020,90.0,69.5,80.0,5.199999999999998,21.0,8.95,1843,506,0.0,9,53.45788043478261,73.0,15.0,0.625,29.26,41.732984,-87.649642,8,51970.88064889919,80.0,0.34038238702201623,15.0,90.0,69.5,9.0,5.199999999999997,16.928447276940904,0.2694988412514441,68.55330243337195,0,0,0,0,0,0,1
1726,49020,90.0,69.5,80.0,5.199999999999998,21.0,8.95,1843,506,0.0,9,53.45788043478261,73.0,15.0,0.625,29.26,41.903002,-87.68826700000002,8,51969.17197452229,80.0,0.3401852924145918,15.0,90.0,69.5,9.0,5.199999999999997,16.930804863925882,0.26970469021424004,68.55587724377533,0,1,0,0,0,0,0
1727,49020,90.0,69.5,80.0,5.199999999999998,21.0,8.95,1843,506,0.0,9,53.45788043478261,73.0,15.0,0.625,29.26,41.903002,-87.68826700000002,8,51967.46527777778,80.0,0.33998842592592593,15.0,90.0,69.5,9.0,5.199999999999997,16.93315972222222,0.2699103009259216,68.55844907407408,0,0,1,0,0,0,0
1728,49020,90.0,69.5,80.0,5.199999999999998,21.0,8.95,1843,506,0.0,9,53.45788043478261,73.0,15.0,0.625,29.26,41.719059,-87.675088,8,51965.760555234236,80.0,0.3397917871602082,15.0,90.0,69.5,9.0,5.199999999999997,16.935511856564492,0.27011567379988,68.56101792943898,0,1,0,0,0,0,0
1729,49020,90.0,69.5,80.0,5.199999999999998,21.0,8.95,1843,506,0.0,9,53.45788043478261,73.0,15.0,0.625,29.26,41.719059,-87.675088,8,51964.05780346821,80.0,0.3395953757225433,15.0,90.0,69.5,9.0,5.199999999999997,16.9378612716763,0.2703208092485506,68.56358381502889,0,0,1,0,0,0,0
1730,49020,90.0,69.5,80.0,5.199999999999998,21.0,8.95,1843,506,0.0,9,53.45788043478261,73.0,15.0,0.625,29.26,41.725517,-87.61425799999998,8,51962.35701906413,80.0,0.33939919121894857,15.0,90.0,69.5,9.0,5.199999999999997,16.940207972270365,0.2705257076834157,68.56614673599076,0,1,0,0,0,0,0
1731,49020,90.0,69.5,80.0,5.199999999999998,21.0,8.95,1843,506,0.0,9,53.45788043478261,73.0,15.0,0.625,29.26,41.725517,-87.61425799999998,8,51960.658198614314,80.0,0.33920323325635104,15.0,90.0,69.5,9.0,5.199999999999997,16.942551963048498,0.27073036951500723,68.56870669745959,0,0,1,0,0,0,0
1732,49020,90.0,69.5,80.0,5.199999999999998,21.0,8.95,1843,506,0.0,9,53.45788043478261,73.0,15.0,0.625,29.26,41.678618,-87.559308,8,51958.96133871898,80.0,0.3390075014425851,15.0,90.0,69.5,9.0,5.199999999999997,16.944893248701675,0.2709347951529097,68.57126370455859,0,1,0,0,0,0,0
1733,49020,90.0,69.5,80.0,5.199999999999998,21.0,8.95,1843,506,0.0,9,53.45788043478261,73.0,15.0,0.625,29.26,41.678618,-87.559308,8,51957.26643598616,80.0,0.33881199538638984,15.0,90.0,69.5,9.0,5.199999999999997,16.947231833910035,0.2711389850057627,68.57381776239907,0,0,1,0,0,0,0
1734,49020,90.0,69.5,80.0,5.199999999999998,21.0,8.95,1843,506,0.0,9,53.45788043478261,73.0,15.0,0.625,29.26,41.737052,-87.54306700000002,8,51955.5734870317,80.0,0.33861671469740634,15.0,90.0,69.5,9.0,5.199999999999997,16.949567723342938,0.2713429394812637,68.57636887608068,0,1,0,0,0,0,0
1735,49020,90.0,69.5,80.0,5.199999999999998,21.0,8.95,1843,506,0.0,9,53.45788043478261,73.0,15.0,0.625,29.26,41.737052,-87.54306700000002,8,51953.882488479256,80.0,0.3384216589861751,15.0,90.0,69.5,9.0,5.199999999999997,16.951900921658982,0.2715466589861708,68.57891705069125,0,0,1,0,0,0,0
1736,49020,90.0,69.5,80.0,5.199999999999998,21.0,8.95,1843,506,0.0,9,53.45788043478261,73.0,15.0,0.625,29.26,41.740641,-87.546587,8,51952.19343696028,80.0,0.33822682786413355,15.0,90.0,69.5,9.0,5.199999999999997,16.954231433506045,0.2717501439263054,68.58146229130685,0,1,0,0,0,0,0
1737,49020,90.0,69.5,80.0,5.199999999999998,21.0,8.95,1843,506,0.0,9,53.45788043478261,73.0,15.0,0.625,29.26,41.740641,-87.546587,8,51950.506329113916,80.0,0.3380322209436133,15.0,90.0,69.5,9.0,5.199999999999997,16.95655926352129,0.2719533947065549,68.58400460299194,0,0,1,0,0,0,0
1738,49020,90.0,69.5,80.0,5.199999999999998,21.0,8.95,1843,506,0.0,9,53.45788043478261,73.0,15.0,0.625,29.26,41.680946,-87.535198,8,51948.82116158712,80.0,0.33783783783783783,15.0,90.0,69.5,9.0,5.199999999999997,16.958884416331223,0.2721564117308755,68.58654399079931,0,1,0,0,0,0,0
1739,49020,90.0,69.5,80.0,5.199999999999998,21.0,8.95,1843,506,0.0,9,53.45788043478261,73.0,15.0,0.625,29.26,41.680946,-87.535198,8,51947.13793103449,80.0,0.3376436781609196,15.0,90.0,69.5,9.0,5.199999999999997,16.961206896551722,0.2723591954022945,68.58908045977012,0,0,1,0,0,0,0
1740,49020,90.0,69.5,80.0,5.199999999999998,21.0,8.95,1843,506,0.0,9,53.45788043478261,73.0,15.0,0.625,29.26,41.680946,-87.535198,8,51945.45663411832,80.0,0.3374497415278576,15.0,90.0,69.5,9.0,5.199999999999997,16.963526708788052,0.2725617461229136,68.59161401493395,0,0,0,1,0,0,0
1741,49020,90.0,69.5,80.0,5.199999999999998,21.0,8.95,1843,506,0.0,9,53.45788043478261,73.0,15.0,0.625,29.26,41.680946,-87.535198,8,51943.777267508616,80.0,0.33725602755453504,15.0,90.0,69.5,9.0,5.199999999999997,16.9658438576349,0.2727640642939108,68.59414466130885,0,0,0,0,1,0,0
1742,49020,90.0,69.5,80.0,5.199999999999998,21.0,8.95,1843,506,0.0,9,53.45788043478261,73.0,15.0,0.625,29.26,41.680946,-87.535198,8,51942.09982788296,80.0,0.33706253585771656,15.0,90.0,69.5,9.0,5.199999999999997,16.96815834767642,0.2729661503155436,68.59667240390132,0,0,0,0,0,0,1
1743,49020,90.0,69.5,80.0,5.199999999999998,21.0,8.95,1843,506,0.0,9,53.45788043478261,73.0,15.0,0.625,29.26,41.686398,-87.531635,8,51940.4243119266,80.0,0.33686926605504586,15.0,90.0,69.5,9.0,5.199999999999997,16.97047018348624,0.2731680045871517,68.59919724770643,0,1,0,0,0,0,0
1744,49020,90.0,69.5,80.0,5.199999999999998,21.0,8.95,1843,506,0.0,9,53.45788043478261,73.0,15.0,0.625,29.26,41.686398,-87.531635,8,51938.750716332375,80.0,0.33667621776504303,15.0,90.0,69.5,9.0,5.199999999999997,16.972779369627506,0.27336962750715904,68.60171919770774,0,0,1,0,0,0,0
1745,49020,90.0,69.5,80.0,5.199999999999998,21.0,8.95,1843,506,0.0,9,53.45788043478261,73.0,15.0,0.625,29.26,41.686398,-87.531635,8,51937.079037800686,80.0,0.336483390607102,15.0,90.0,69.5,9.0,5.199999999999997,16.975085910652922,0.27357101947307705,68.60423825887743,0,0,0,0,0,0,1
1746,49020,90.0,69.5,80.0,5.199999999999998,21.0,8.95,1843,506,0.0,9,53.45788043478261,73.0,15.0,0.625,29.26,41.659112,-87.53869300000002,8,51935.4092730395,80.0,0.3362907842014883,15.0,90.0,69.5,9.0,5.199999999999997,16.97738981110475,0.2737721808815069,68.6067544361763,0,1,0,0,0,0,0
1747,49020,90.0,69.5,80.0,5.199999999999998,21.0,8.95,1843,506,0.0,9,53.45788043478261,73.0,15.0,0.625,29.26,41.659112,-87.53869300000002,8,51933.74141876429,80.0,0.3360983981693364,15.0,90.0,69.5,9.0,5.199999999999997,16.979691075514875,0.2739731121281422,68.60926773455378,0,0,1,0,0,0,0
1748,48660,80.5,69.0,75.0,5.65,25.0,7.1999999999999975,1840,509,0.0,4,53.45788043478261,69.0,10.0,0.22,29.135,41.953705,-87.733974,8,51931.86963979417,80.0,0.33590623213264725,15.0,90.0,69.5,9.0,5.199999999999997,16.98427672955975,0.2739422527158334,68.60949113779303,0,0,1,0,0,0,0
1749,48660,80.5,69.0,75.0,5.65,25.0,7.1999999999999975,1840,509,0.0,4,53.45788043478261,69.0,10.0,0.22,29.135,41.95469,-87.800991,8,51930.0,80.0,0.3357142857142857,15.0,90.0,69.5,9.0,5.199999999999997,16.988857142857142,0.2739114285714243,68.60971428571429,0,1,0,0,0,0,0
1750,48660,80.5,69.0,75.0,5.65,25.0,7.1999999999999975,1840,509,0.0,4,53.45788043478261,69.0,10.0,0.22,29.135,41.95469,-87.800991,8,51928.13249571673,80.0,0.3355225585379783,15.0,90.0,69.5,9.0,5.199999999999997,16.993432324386067,0.27388063963449033,68.609937178755,0,0,1,0,0,0,0
1751,48660,80.5,69.0,75.0,5.65,25.0,7.1999999999999975,1840,509,0.0,4,53.45788043478261,69.0,10.0,0.22,29.135,41.964242,-87.757639,8,51926.267123287675,80.0,0.3353310502283105,15.0,90.0,69.5,9.0,5.199999999999997,16.998002283105027,0.2738498858447447,68.6101598173516,0,1,0,0,0,0,0
1752,48660,80.5,69.0,75.0,5.65,25.0,7.1999999999999975,1840,509,0.0,4,53.45788043478261,69.0,10.0,0.22,29.135,41.964242,-87.757639,8,51924.40387906446,80.0,0.3351397604107245,15.0,90.0,69.5,9.0,5.199999999999997,17.002567027952082,0.273819167142038,68.61038220193953,0,0,1,0,0,0,0
1753,48660,80.5,69.0,75.0,5.65,25.0,7.1999999999999975,1840,509,0.0,4,53.45788043478261,69.0,10.0,0.22,29.135,41.964242,-87.757639,8,51922.54275940707,80.0,0.3349486887115165,15.0,90.0,69.5,9.0,5.199999999999997,17.007126567844924,0.2737884834663584,68.61060433295324,0,0,0,1,0,0,0
1754,48660,80.5,69.0,75.0,5.65,25.0,7.1999999999999975,1840,509,0.0,4,53.45788043478261,69.0,10.0,0.22,29.135,41.942114,-87.776385,8,51920.68376068376,80.0,0.3347578347578348,15.0,90.0,69.5,9.0,5.199999999999997,17.011680911680912,0.2737578347578306,68.6108262108262,0,1,0,0,0,0,0
1755,48660,80.5,69.0,75.0,5.65,25.0,7.1999999999999975,1840,509,0.0,4,53.45788043478261,69.0,10.0,0.22,29.135,41.942114,-87.776385,8,51918.826879271066,75.0,0.3345671981776765,10.0,80.5,69.5,4.0,5.199999999999997,17.01623006833713,0.2737272209567157,68.61104783599089,0,0,1,0,0,0,0
1756,48660,80.5,69.0,75.0,5.65,25.0,7.1999999999999975,1840,509,0.0,4,53.45788043478261,69.0,10.0,0.22,29.135,41.990284,-87.797127,8,51916.972111553776,75.0,0.3343767785998862,10.0,80.5,69.5,4.0,5.199999999999997,17.02077404667046,0.2736966420034108,68.61126920887878,0,1,0,0,0,0,0
1757,48660,80.5,69.0,75.0,5.65,25.0,7.1999999999999975,1840,509,0.0,4,53.45788043478261,69.0,10.0,0.22,29.135,41.990284,-87.797127,8,51915.11945392491,75.0,0.33418657565415244,10.0,80.5,69.5,4.0,5.199999999999997,17.025312855517633,0.2736660978384487,68.61149032992036,0,0,1,0,0,0,0
1758,48660,80.5,69.0,75.0,5.65,25.0,7.1999999999999975,1840,509,0.0,4,53.45788043478261,69.0,10.0,0.22,29.135,41.994991,-87.769279,8,51913.26890278568,75.0,0.33399658897100626,10.0,80.5,69.0,4.0,5.199999999999997,17.029846503695282,0.2736355884024973,68.6117111995452,0,1,0,0,0,0,0
1759,48660,80.5,69.0,75.0,5.65,25.0,7.1999999999999975,1840,509,0.0,4,53.45788043478261,69.0,10.0,0.22,29.135,42.008314,-87.77792099999998,8,51911.420454545456,75.0,0.3338068181818182,10.0,80.5,69.0,4.0,5.199999999999997,17.034375,0.2736051136363596,68.61193181818182,0,1,0,0,0,0,0
1760,48660,80.5,69.0,75.0,5.65,25.0,7.1999999999999975,1840,509,0.0,4,53.45788043478261,69.0,10.0,0.22,29.135,42.008314,-87.77792099999998,8,51909.574105621796,75.0,0.3336172629187961,10.0,80.5,69.0,4.0,5.199999999999997,17.038898353208403,0.2735746734809727,68.6121521862578,0,0,1,0,0,0,0
1761,48660,80.5,69.0,75.0,5.65,25.0,7.1999999999999975,1840,509,0.0,4,53.45788043478261,69.0,10.0,0.22,29.135,41.98196400000001,-87.812827,8,51907.72985244041,75.0,0.33342792281498296,10.0,80.5,69.0,4.0,5.199999999999997,17.043416572077184,0.273544267877408,68.61237230419977,0,1,0,0,0,0,0
1762,48660,80.5,69.0,75.0,5.65,25.0,7.1999999999999975,1840,509,0.0,4,53.45788043478261,69.0,10.0,0.22,29.135,41.99247800000001,-87.862995,8,51905.88769143506,75.0,0.3332387975042541,10.0,80.5,69.0,4.0,5.199999999999997,17.047929665343162,0.27351389676687066,68.61259217243335,0,1,0,0,0,0,0
1763,48660,80.5,69.0,75.0,5.65,25.0,7.1999999999999975,1840,509,0.0,4,53.45788043478261,69.0,10.0,0.22,29.135,41.98196400000001,-87.812827,8,51904.04761904762,75.0,0.3330498866213152,10.0,80.5,69.0,4.0,5.199999999999997,17.052437641723355,0.27348356009069896,68.61281179138322,0,0,1,0,0,0,0
1764,48660,80.5,69.0,75.0,5.65,25.0,7.1999999999999975,1840,509,0.0,4,53.45788043478261,69.0,10.0,0.22,29.135,41.99247800000001,-87.862995,8,51902.209631728045,75.0,0.3328611898016997,10.0,80.5,69.0,4.0,5.199999999999997,17.056940509915012,0.2734532577903643,68.61303116147309,0,0,1,0,0,0,0
1765,48660,80.5,69.0,75.0,5.65,25.0,7.1999999999999975,1840,509,0.0,4,53.45788043478261,69.0,10.0,0.22,29.135,41.98196400000001,-87.812827,8,51900.37372593432,75.0,0.3326727066817667,10.0,80.5,69.0,4.0,5.199999999999997,17.061438278595695,0.2734229898074705,68.61325028312571,0,0,0,1,0,0,0
1766,48660,80.5,69.0,75.0,5.65,25.0,7.1999999999999975,1840,509,0.0,4,53.45788043478261,69.0,10.0,0.22,29.135,41.99247800000001,-87.862995,8,51898.539898132425,75.0,0.33248443689869833,10.0,80.5,69.0,4.0,5.199999999999997,17.065930956423312,0.27339275608375385,68.61346915676286,0,0,0,1,0,0,0
1767,48660,80.5,69.0,75.0,5.65,25.0,7.1999999999999975,1840,509,0.0,4,53.45788043478261,69.0,10.0,0.22,29.135,41.944869,-87.832763,8,51896.70814479638,75.0,0.3322963800904977,10.0,80.5,69.0,4.0,5.199999999999997,17.070418552036198,0.27336255656108205,68.61368778280543,0,1,0,0,0,0,0
1768,48660,80.5,69.0,75.0,5.65,25.0,7.1999999999999975,1840,509,0.0,4,53.45788043478261,69.0,10.0,0.22,29.135,41.944869,-87.832763,8,51894.87846240814,75.0,0.33210853589598643,10.0,80.5,69.0,4.0,5.199999999999997,17.074901074053138,0.2733323911814545,68.61390616167326,0,0,1,0,0,0,0
1769,48660,80.5,69.0,75.0,5.65,25.0,7.1999999999999975,1840,509,0.0,4,53.45788043478261,69.0,10.0,0.22,29.135,41.991429,-87.747113,8,51893.05084745763,75.0,0.3319209039548023,10.0,80.5,69.0,4.0,5.199999999999997,17.079378531073445,0.2733022598870017,68.61412429378531,0,1,0,0,0,0,0
1770,48660,80.5,69.0,75.0,5.65,25.0,7.1999999999999975,1840,509,0.0,4,53.45788043478261,69.0,10.0,0.22,29.135,41.991429,-87.747113,8,51891.22529644269,75.0,0.3317334839073969,10.0,80.5,69.0,4.0,5.199999999999997,17.08385093167702,0.2732721626199848,68.61434217955957,0,0,1,0,0,0,0
1771,48660,80.5,69.0,75.0,5.65,25.0,7.1999999999999975,1840,509,0.0,4,53.45788043478261,69.0,10.0,0.22,29.135,41.923738,-87.785288,8,51889.401805869085,75.0,0.33154627539503384,10.0,80.5,69.0,4.0,5.199999999999997,17.088318284424382,0.27324209932279525,68.61455981941309,0,1,0,0,0,0,0
1772,48660,80.5,69.0,75.0,5.65,25.0,7.1999999999999975,1840,509,0.0,4,53.45788043478261,69.0,10.0,0.22,29.135,41.923738,-87.785288,8,51887.58037225042,75.0,0.3313592780597857,10.0,80.5,69.0,4.0,5.199999999999997,17.09278059785674,0.27321206993795444,68.61477721376198,0,0,1,0,0,0,0
1773,48660,80.5,69.0,75.0,5.65,25.0,7.1999999999999975,1840,509,0.0,4,53.45788043478261,69.0,10.0,0.22,29.135,41.970248,-87.787992,8,51885.76099210823,75.0,0.3311724915445321,10.0,80.5,69.0,4.0,5.199999999999997,17.097237880496053,0.27318207440811343,68.61499436302142,0,1,0,0,0,0,0
1774,48660,80.5,69.0,75.0,5.65,25.0,7.1999999999999975,1840,509,0.0,4,53.45788043478261,69.0,10.0,0.22,29.135,41.970248,-87.787992,8,51883.94366197183,75.0,0.3309859154929577,10.0,80.5,69.0,4.0,5.199999999999997,17.101690140845072,0.2731521126760525,68.61521126760563,0,0,1,0,0,0,0
1775,48660,80.5,69.0,75.0,5.65,25.0,7.1999999999999975,1840,509,0.0,4,53.45788043478261,69.0,10.0,0.22,29.135,41.970248,-87.787992,8,51882.12837837838,75.0,0.33079954954954954,10.0,80.5,69.0,4.0,5.199999999999997,17.106137387387392,0.2731221846846809,68.61542792792794,0,0,0,1,0,0,0
1776,48660,80.5,69.0,75.0,5.65,25.0,7.1999999999999975,1840,509,0.0,4,53.45788043478261,69.0,10.0,0.22,29.135,41.974089,-87.824812,8,51880.31513787282,75.0,0.33061339335959483,10.0,80.5,69.0,4.0,5.65,17.110579628587512,0.2730922903770362,68.61564434440068,0,1,0,0,0,0,0
1777,48660,80.5,69.0,75.0,5.65,25.0,7.1999999999999975,1840,509,0.0,4,53.45788043478261,69.0,10.0,0.22,29.135,42.011601,-87.81150600000002,8,51878.503937007874,75.0,0.33042744656917883,10.0,80.5,69.0,4.0,5.65,17.115016872890887,0.27306242969628425,68.61586051743532,0,1,0,0,0,0,0
1778,48660,80.5,69.0,75.0,5.65,25.0,7.1999999999999975,1840,509,0.0,4,53.45788043478261,69.0,10.0,0.22,29.135,42.011601,-87.81150600000002,8,51876.694772344024,75.0,0.3302417088251827,10.0,80.5,69.0,4.0,5.65,17.119449128724007,0.2730326025857186,68.61607644744238,0,0,1,0,0,0,0
1779,48660,80.5,69.0,75.0,5.65,25.0,7.1999999999999975,1840,509,0.0,4,53.45788043478261,69.0,10.0,0.22,29.135,42.010412,-87.66214000000002,8,51874.88764044944,75.0,0.3300561797752809,10.0,80.5,69.0,4.0,5.65,17.123876404494382,0.27300280898876034,68.61629213483145,0,0,1,0,0,0,0
1780,48660,80.5,69.0,75.0,5.65,25.0,7.1999999999999975,1840,509,0.0,4,53.45788043478261,69.0,10.0,0.22,29.135,41.94983,-87.69845699999998,8,51873.082537900045,75.0,0.3298708590679393,10.0,80.5,69.0,4.0,5.65,17.12829870859068,0.2729730488489576,68.61650758001123,0,1,0,0,0,0,0
1781,48660,80.5,69.0,75.0,5.65,25.0,7.1999999999999975,1840,509,0.0,4,53.45788043478261,69.0,10.0,0.22,29.135,41.94983,-87.69845699999998,8,51871.27946127946,75.0,0.32968574635241304,10.0,80.5,69.0,4.0,5.65,17.132716049382715,0.2729433221099851,68.61672278338945,0,0,1,0,0,0,0
1782,48660,80.5,69.0,75.0,5.65,25.0,7.1999999999999975,1840,509,0.0,4,53.45788043478261,69.0,10.0,0.22,29.135,41.979243,-87.750938,8,51869.47840717892,75.0,0.3295008412787437,10.0,80.5,69.0,4.0,5.65,17.137128435221538,0.2729136287156441,68.61693774537298,0,1,0,0,0,0,0
1783,48660,80.5,69.0,75.0,5.65,25.0,7.1999999999999975,1840,509,0.0,4,53.45788043478261,69.0,10.0,0.22,29.135,41.979243,-87.750938,8,51867.679372197315,75.0,0.32931614349775784,10.0,80.5,69.0,4.0,5.65,17.141535874439462,0.2728839686098618,68.61715246636771,0,0,1,0,0,0,0
1784,48660,80.5,69.0,75.0,5.65,25.0,7.1999999999999975,1840,509,0.0,4,53.45788043478261,69.0,10.0,0.22,29.135,41.98480900000001,-87.728492,8,51865.882352941175,75.0,0.3291316526610644,10.0,80.5,69.0,4.0,5.65,17.14593837535014,0.27285434173669104,68.61736694677872,0,1,0,0,0,0,0
1785,48660,80.5,69.0,75.0,5.65,25.0,7.1999999999999975,1840,509,0.0,4,53.45788043478261,69.0,10.0,0.22,29.135,41.986921,-87.689778,8,51864.08734602464,75.0,0.32894736842105265,10.0,80.5,69.0,4.0,5.65,17.1503359462486,0.27282474804030993,68.61758118701007,0,0,0,0,1,0,0
1786,48660,80.5,69.0,75.0,5.65,25.0,7.1999999999999975,1840,509,0.0,4,53.45788043478261,69.0,10.0,0.22,29.135,41.89923,-87.716788,8,51862.29434806939,75.0,0.3287632904308897,10.0,80.5,69.0,4.0,5.65,17.154728595411306,0.2727951874650216,68.61779518746502,0,1,0,0,0,0,0
1787,48660,80.5,69.0,75.0,5.65,25.0,7.1999999999999975,1840,509,0.0,4,53.45788043478261,69.0,10.0,0.22,29.135,41.89923,-87.716788,8,51860.5033557047,75.0,0.32857941834451904,10.0,80.5,69.0,4.0,5.65,17.159116331096197,0.2727656599552537,68.61800894854585,0,0,1,0,0,0,0
1788,48660,80.5,69.0,75.0,5.65,25.0,7.1999999999999975,1840,509,0.0,4,53.45788043478261,69.0,10.0,0.22,29.135,41.801498,-87.763416,8,51858.714365567364,75.0,0.32839575181665737,10.0,80.5,69.0,4.0,5.65,17.163499161542767,0.27273616545555823,68.61822247065399,0,1,0,0,0,0,0
1789,48660,80.5,69.0,75.0,5.65,25.0,7.1999999999999975,1840,509,0.0,4,53.45788043478261,69.0,10.0,0.22,29.135,41.801498,-87.763416,8,51856.92737430168,75.0,0.3282122905027933,10.0,80.5,69.0,4.0,5.65,17.167877094972063,0.27270670391061097,68.61843575418995,0,0,1,0,0,0,0
1790,48660,80.5,69.0,75.0,5.65,25.0,7.1999999999999975,1840,509,0.0,4,53.45788043478261,69.0,10.0,0.22,29.135,41.906638,-87.701431,8,51855.142378559474,75.0,0.3280290340591848,10.0,80.5,69.0,4.0,5.65,17.172250139586822,0.27267727526521146,68.61864879955333,0,1,0,0,0,0,0
1791,48660,80.5,69.0,75.0,5.65,25.0,7.1999999999999975,1840,509,0.0,4,53.45788043478261,69.0,10.0,0.22,29.135,41.906638,-87.701431,8,51853.359375,75.0,0.32784598214285715,10.0,80.5,69.0,4.0,5.65,17.176618303571427,0.2726478794642822,68.61886160714286,0,0,1,0,0,0,0
1792,48660,80.5,69.0,75.0,5.65,25.0,7.1999999999999975,1840,509,0.0,4,53.45788043478261,69.0,10.0,0.22,29.135,41.843811,-87.686763,8,51851.57836029002,75.0,0.32766313441160066,10.0,80.5,69.0,4.0,5.65,17.180981595092025,0.2726185164528688,68.61907417735638,0,1,0,0,0,0,0
1793,48660,80.5,69.0,75.0,5.65,25.0,7.1999999999999975,1840,509,0.0,4,53.45788043478261,69.0,10.0,0.22,29.135,41.843811,-87.686763,8,51849.799331103684,75.0,0.3274804905239688,10.0,80.5,69.0,4.0,5.65,17.185340022296547,0.27258918617613925,68.61928651059085,0,0,1,0,0,0,0
1794,48660,80.5,69.0,75.0,5.65,25.0,7.1999999999999975,1840,509,0.0,4,53.45788043478261,69.0,10.0,0.22,29.135,41.836644,-87.677737,8,51848.022284122555,75.0,0.32729805013927576,10.0,80.5,69.0,4.0,5.65,17.189693593314765,0.2725598885793837,68.61949860724232,0,1,0,0,0,0,0
1795,48660,80.5,69.0,75.0,5.65,25.0,7.1999999999999975,1840,509,0.0,4,53.45788043478261,69.0,10.0,0.22,29.135,41.763733,-87.742302,8,51846.247216035634,75.0,0.3271158129175947,10.0,80.5,69.0,4.0,5.65,17.19404231625835,0.2725306236080144,68.619710467706,0,1,0,0,0,0,0
1796,48660,80.5,69.0,75.0,5.65,25.0,7.1999999999999975,1840,509,0.0,4,53.45788043478261,69.0,10.0,0.22,29.135,41.836644,-87.677737,8,51844.47412353923,75.0,0.32693377851975514,10.0,80.5,69.0,4.0,5.65,17.198386199220927,0.2725013912075648,68.61992209237619,0,0,1,0,0,0,0
1797,48660,80.5,69.0,75.0,5.65,25.0,7.1999999999999975,1840,509,0.0,4,53.45788043478261,69.0,10.0,0.22,29.135,41.763733,-87.742302,8,51842.70300333704,75.0,0.3267519466073415,10.0,80.5,69.0,4.0,5.65,17.202725250278085,0.2724721913236896,68.62013348164628,0,0,1,0,0,0,0
1798,48660,80.5,69.0,75.0,5.65,25.0,7.1999999999999975,1840,509,0.0,4,53.45788043478261,69.0,10.0,0.22,29.135,41.837085,-87.729384,8,51840.93385214008,75.0,0.3265703168426904,10.0,80.5,69.0,4.0,5.65,17.207059477487494,0.2724430239021645,68.62034463590884,0,1,0,0,0,0,0
1799,48660,80.5,69.0,75.0,5.65,25.0,7.1999999999999975,1840,509,0.0,4,53.45788043478261,69.0,10.0,0.22,29.135,41.837085,-87.729384,8,51839.16666666666,75.0,0.3263888888888889,10.0,80.5,69.0,4.0,5.65,17.211388888888887,0.2724138888888855,68.62055555555554,0,0,1,0,0,0,0
1800,48660,80.5,69.0,75.0,5.65,25.0,7.1999999999999975,1840,509,0.0,4,53.45788043478261,69.0,10.0,0.22,29.135,41.921177,-87.79518,8,51837.40144364242,75.0,0.32620766240977234,10.0,80.5,69.0,4.0,5.65,17.215713492504165,0.2723847862298689,68.62076624097723,0,1,0,0,0,0,0
1801,48660,80.5,69.0,75.0,5.65,25.0,7.1999999999999975,1840,509,0.0,4,53.45788043478261,69.0,10.0,0.22,29.135,41.921177,-87.79518,8,51835.63817980021,75.0,0.3260266370699223,10.0,80.5,69.0,4.0,5.65,17.220033296337398,0.27235571587125085,68.62097669256381,0,0,1,0,0,0,0
1802,48660,80.5,69.0,75.0,5.65,25.0,7.1999999999999975,1840,509,0.0,4,53.45788043478261,69.0,10.0,0.22,29.135,41.921177,-87.79518,8,51833.876871880195,75.0,0.32584581253466444,10.0,80.5,69.0,4.0,5.65,17.224348308374932,0.2723266777592868,68.62118691070438,0,0,0,0,0,0,1
1803,48660,80.5,69.0,75.0,5.65,25.0,7.1999999999999975,1840,509,0.0,4,53.45788043478261,69.0,10.0,0.22,29.135,41.911824,-87.726737,8,51832.11751662972,75.0,0.3256651884700665,10.0,80.5,69.0,4.0,5.65,17.228658536585368,0.2722976718403515,68.62139689578714,0,1,0,0,0,0,0
1804,48660,80.5,69.0,75.0,5.65,25.0,7.1999999999999975,1840,509,0.0,4,53.45788043478261,69.0,10.0,0.22,29.135,41.911824,-87.726737,8,51830.36011080333,75.0,0.3254847645429363,10.0,80.5,69.0,4.0,5.65,17.232963988919668,0.27226869806093856,68.62160664819946,0,0,1,0,0,0,0
1805,48660,80.5,69.0,75.0,5.65,25.0,7.1999999999999975,1840,509,0.0,4,53.45788043478261,69.0,10.0,0.22,29.135,41.857402,-87.694991,8,51828.6046511628,75.0,0.3253045404208195,10.0,80.5,69.0,4.0,5.65,17.237264673311184,0.2722397563676601,68.6218161683278,0,1,0,0,0,0,0
1806,48660,80.5,69.0,75.0,5.65,25.0,7.1999999999999975,1840,509,0.0,4,53.45788043478261,69.0,10.0,0.22,29.135,41.9216,-87.666455,8,51826.85113447703,75.0,0.3251245157719978,10.0,80.5,69.0,4.0,5.65,17.241560597675704,0.2722108467072463,68.62202545655785,0,0,1,0,0,0,0
1807,48660,80.5,69.0,75.0,5.65,25.0,7.1999999999999975,1840,509,0.0,4,53.45788043478261,69.0,10.0,0.22,29.135,41.9216,-87.666455,8,51825.09955752213,75.0,0.3249446902654867,10.0,80.5,69.0,4.0,5.65,17.245851769911507,0.27218196902654546,68.62223451327435,0,0,0,1,0,0,0
1808,48660,80.5,69.0,75.0,5.65,25.0,7.1999999999999975,1840,509,0.0,4,53.45788043478261,69.0,10.0,0.22,29.135,41.891118,-87.65449100000002,8,51823.34991708126,75.0,0.3247650635710337,10.0,80.5,69.0,4.0,5.65,17.250138197899393,0.27215312327252306,68.62244333886125,0,1,0,0,0,0,0
1809,48660,80.5,69.0,75.0,5.65,25.0,7.1999999999999975,1840,509,0.0,4,53.45788043478261,69.0,10.0,0.22,29.135,41.891118,-87.65449100000002,8,51821.602209944744,75.0,0.324585635359116,10.0,80.5,69.0,4.0,5.65,17.254419889502767,0.272124309392262,68.62265193370166,0,0,1,0,0,0,0
1810,48660,80.5,69.0,75.0,5.65,25.0,7.1999999999999975,1840,509,0.0,4,53.45788043478261,69.0,10.0,0.22,29.135,41.891118,-87.65449100000002,8,51819.85643291,75.0,0.3244064053009387,10.0,80.5,69.0,4.0,5.65,17.258696852567642,0.27209552733296205,68.6228602981778,0,0,0,1,0,0,0
1811,48660,80.5,69.0,75.0,5.65,25.0,7.1999999999999975,1840,509,0.0,4,53.45788043478261,69.0,10.0,0.22,29.135,41.868142,-87.696269,8,51818.112582781454,75.0,0.3242273730684327,10.0,80.5,69.0,4.0,5.65,17.262969094922738,0.27206677704193943,68.62306843267108,0,1,0,0,0,0,0
1812,48660,80.5,69.0,75.0,5.65,25.0,7.1999999999999975,1840,509,0.0,4,53.45788043478261,69.0,10.0,0.22,29.135,41.868142,-87.696269,8,51816.370656370666,75.0,0.3240485383342526,10.0,80.5,69.0,4.0,5.65,17.267236624379482,0.2720380584666268,68.62327633756205,0,0,1,0,0,0,0
1813,48660,80.5,69.0,75.0,5.65,25.0,7.1999999999999975,1840,509,0.0,4,53.45788043478261,69.0,10.0,0.22,29.135,41.867108,-87.654224,8,51814.63065049613,75.0,0.3238699007717751,10.0,80.5,69.0,4.0,5.65,17.271499448732087,0.2720093715545724,68.62348401323042,0,1,0,0,0,0,0
1814,48660,80.5,69.0,75.0,5.65,25.0,7.1999999999999975,1840,509,0.0,4,53.45788043478261,69.0,10.0,0.22,29.135,41.867108,-87.654224,8,51812.89256198347,75.0,0.3236914600550964,10.0,80.5,69.0,4.0,5.65,17.275757575757574,0.2719807162534404,68.6236914600551,0,0,1,0,0,0,0
1815,48660,80.5,69.0,75.0,5.65,25.0,7.1999999999999975,1840,509,0.0,4,53.45788043478261,69.0,10.0,0.22,29.135,41.896282,-87.655232,8,51811.15638766519,75.0,0.3235132158590308,10.0,80.5,69.0,4.0,5.65,17.28001101321586,0.2719520925110101,68.6238986784141,0,1,0,0,0,0,0
1816,48660,80.5,69.0,75.0,5.65,25.0,7.1999999999999975,1840,509,0.0,4,53.45788043478261,69.0,10.0,0.22,29.135,41.896282,-87.655232,8,51809.42212438085,75.0,0.32333516785910843,10.0,80.5,69.0,4.0,5.65,17.28425976884975,0.2719235002751758,68.62410566868465,0,0,1,0,0,0,0
1817,48660,80.5,69.0,75.0,5.65,25.0,7.1999999999999975,1840,509,0.0,4,53.45788043478261,69.0,10.0,0.22,29.135,41.919343,-87.694259,8,51807.689768976896,75.0,0.32315731573157314,10.0,80.5,69.0,4.0,5.65,17.288503850385034,0.27189493949394633,68.62431243124314,0,1,0,0,0,0,0
1818,48660,80.5,69.0,75.0,5.65,25.0,7.1999999999999975,1840,509,0.0,4,53.45788043478261,69.0,10.0,0.22,29.135,41.919343,-87.694259,8,51805.959318306755,75.0,0.322979659153381,10.0,80.5,69.0,4.0,5.65,17.29274326553051,0.271866410115445,68.62451896646509,0,0,1,0,0,0,0
1819,48660,80.5,69.0,75.0,5.65,25.0,7.1999999999999975,1840,509,0.0,4,53.45788043478261,69.0,10.0,0.22,29.135,41.846283,-87.656913,8,51804.23076923077,75.0,0.3228021978021978,10.0,80.5,69.0,4.0,5.65,17.29697802197802,0.2718379120879091,68.62472527472528,0,1,0,0,0,0,0
1820,48660,80.5,69.0,75.0,5.65,25.0,7.1999999999999975,1840,509,0.0,4,53.45788043478261,69.0,10.0,0.22,29.135,41.921965,-87.632085,8,51802.504118616154,75.0,0.3226249313563976,10.0,80.5,69.0,4.0,5.65,17.301208127402525,0.2718094453596895,68.62493135639758,0,1,0,0,0,0,0
1821,48660,80.5,69.0,75.0,5.65,25.0,7.1999999999999975,1840,509,0.0,4,53.45788043478261,69.0,10.0,0.22,29.135,41.921965,-87.632085,8,51800.779363337,75.0,0.3224478594950604,10.0,80.5,69.0,4.0,5.65,17.30543358946213,0.2717810098792506,68.62513721185509,0,0,1,0,0,0,0
1822,48660,80.5,69.0,75.0,5.65,25.0,7.1999999999999975,1840,509,0.0,4,53.45788043478261,69.0,10.0,0.22,29.135,41.801179,-87.679447,8,51799.056500274266,75.0,0.3222709818979704,10.0,80.5,69.0,4.0,5.65,17.309654415798136,0.27175260559516984,68.6253428414701,0,1,0,0,0,0,0
1823,48660,80.5,69.0,75.0,5.65,25.0,7.1999999999999975,1840,509,0.0,4,53.45788043478261,69.0,10.0,0.22,29.135,41.801179,-87.679447,8,51797.335526315794,75.0,0.32209429824561403,10.0,80.5,69.0,4.0,5.65,17.31387061403509,0.2717242324561374,68.62554824561404,0,0,1,0,0,0,0
1824,48660,80.5,69.0,75.0,5.65,25.0,7.1999999999999975,1840,509,0.0,4,53.45788043478261,69.0,10.0,0.22,29.135,41.800737,-87.71188000000002,8,51795.61643835616,75.0,0.3219178082191781,10.0,80.5,69.0,4.0,5.65,17.31808219178082,0.27169589041095604,68.62575342465753,0,1,0,0,0,0,0
1825,48660,80.5,69.0,75.0,5.65,25.0,7.1999999999999975,1840,509,0.0,4,53.45788043478261,69.0,10.0,0.22,29.135,41.82561,-87.726549,8,51793.899233296834,75.0,0.32174151150054764,10.0,80.5,69.0,4.0,5.65,17.322289156626507,0.2716675794085404,68.62595837897042,0,1,0,0,0,0,0
1826,48660,80.5,69.0,75.0,5.65,25.0,7.1999999999999975,1840,509,0.0,4,53.45788043478261,69.0,10.0,0.22,29.135,41.82561,-87.726549,8,51792.183908045976,75.0,0.3215654077723043,10.0,80.5,69.0,4.0,5.65,17.32649151614669,0.2716392993979172,68.62616310892173,0,0,1,0,0,0,0
1827,48660,80.5,69.0,75.0,5.65,25.0,7.1999999999999975,1840,509,0.0,4,53.45788043478261,69.0,10.0,0.22,29.135,41.778297,-87.752411,8,51790.470459518605,75.0,0.3213894967177243,10.0,80.5,69.0,4.0,5.65,17.330689277899342,0.2716110503282247,68.62636761487964,0,1,0,0,0,0,0
1828,48660,80.5,69.0,75.0,5.65,25.0,7.1999999999999975,1840,509,0.0,4,53.45788043478261,69.0,10.0,0.22,29.135,41.778297,-87.752411,8,51788.758884636416,75.0,0.3212137780207764,10.0,80.5,69.0,4.0,5.65,17.334882449425915,0.27158283214871226,68.62657189721159,0,0,1,0,0,0,0
1829,48660,80.5,69.0,75.0,5.65,25.0,7.1999999999999975,1840,509,0.0,4,53.45788043478261,69.0,10.0,0.22,29.135,41.77166,-87.703047,8,51787.04918032787,75.0,0.32103825136612024,10.0,80.5,69.0,4.0,5.65,17.339071038251365,0.2715546448087403,68.62677595628415,0,1,0,0,0,0,0
1830,48660,80.5,69.0,75.0,5.65,25.0,7.1999999999999975,1840,509,0.0,4,53.45788043478261,69.0,10.0,0.22,29.135,41.759346,-87.745602,8,51785.341343528125,75.0,0.3208629164391043,10.0,80.5,69.0,4.0,5.65,17.343255051884213,0.2715264882577798,68.62697979246313,0,1,0,0,0,0,0
1831,48660,80.5,69.0,75.0,5.65,25.0,7.1999999999999975,1840,509,0.0,4,53.45788043478261,69.0,10.0,0.22,29.135,41.759346,-87.745602,8,51783.63537117904,75.0,0.32068777292576417,10.0,80.5,69.0,4.0,5.65,17.34743449781659,0.27149836244541203,68.62718340611353,0,0,1,0,0,0,0
1832,48660,80.5,69.0,75.0,5.65,25.0,7.1999999999999975,1840,509,0.0,4,53.45788043478261,69.0,10.0,0.22,29.135,41.768388,-87.678649,8,51781.93126022913,75.0,0.3205128205128205,10.0,80.5,69.0,4.0,5.65,17.351609383524274,0.27147026732132834,68.62738679759957,0,1,0,0,0,0,0
1833,48660,80.5,69.0,75.0,5.65,25.0,7.1999999999999975,1840,509,0.0,4,53.45788043478261,69.0,10.0,0.22,29.135,41.768388,-87.678649,8,51780.22900763359,75.0,0.3203380588876772,10.0,80.5,69.0,4.0,5.65,17.35577971646674,0.2714422028353298,68.6275899672846,0,0,1,0,0,0,0
1834,48660,80.5,69.0,75.0,5.65,25.0,7.1999999999999975,1840,509,0.0,4,53.45788043478261,69.0,10.0,0.22,29.135,41.797616,-87.797894,8,51778.52861035423,75.0,0.3201634877384196,10.0,80.5,69.0,4.0,5.65,17.359945504087193,0.2714141689373269,68.62779291553133,0,0,1,0,0,0,0
1835,48660,80.5,69.0,75.0,5.65,25.0,7.1999999999999975,1840,509,0.0,4,53.45788043478261,69.0,10.0,0.22,29.135,41.781416,-87.77653199999996,8,51776.830065359485,75.0,0.31998910675381265,10.0,80.5,69.0,4.0,5.65,17.364106753812635,0.2713861655773393,68.62799564270152,0,1,0,0,0,0,0
1836,48660,80.5,69.0,75.0,5.65,25.0,7.1999999999999975,1840,509,0.0,4,53.45788043478261,69.0,10.0,0.22,29.135,41.781416,-87.77653199999996,8,51775.13336962438,75.0,0.31981491562329883,10.0,80.5,69.0,4.0,5.65,17.368263473053894,0.2713581927054953,68.62819814915623,0,0,1,0,0,0,0
1837,48660,80.5,69.0,75.0,5.65,25.0,7.1999999999999975,1840,509,0.0,4,53.45788043478261,69.0,10.0,0.22,29.135,41.74785,-87.70271600000002,8,51773.438520130585,75.0,0.31964091403699674,10.0,80.5,69.0,4.0,5.65,17.372415669205658,0.2713302502720321,68.62840043525571,0,0,1,0,0,0,0
1838,48660,80.5,69.0,75.0,5.65,25.0,7.1999999999999975,1840,509,0.0,4,53.45788043478261,69.0,10.0,0.22,29.135,41.74785,-87.70271600000002,8,51771.74551386623,75.0,0.31946710168569875,10.0,80.5,69.0,4.0,5.65,17.376563349646545,0.2713023382272947,68.62860250135944,0,0,0,0,0,0,1
1839,48660,80.5,69.0,75.0,5.65,25.0,7.1999999999999975,1840,509,0.0,4,53.45788043478261,69.0,10.0,0.22,29.135,41.773215,-87.60088,8,51770.05434782608,75.0,0.3192934782608696,10.0,80.5,69.0,4.0,5.65,17.380706521739132,0.27127445652173643,68.62880434782609,0,1,0,0,0,0,0
1840,48660,80.5,69.0,75.0,5.65,25.0,7.1999999999999975,1840,509,0.0,4,53.45788043478261,69.0,10.0,0.22,29.135,41.773215,-87.60088,8,51768.365019011406,75.0,0.31912004345464423,10.0,80.5,69.0,4.0,5.65,17.38484519282998,0.271246605105918,68.62900597501358,0,0,1,0,0,0,0
1841,48660,80.5,69.0,75.0,5.65,25.0,7.1999999999999975,1840,509,0.0,4,53.45788043478261,69.0,10.0,0.22,29.135,41.773215,-87.60088,8,51766.67752442997,75.0,0.31894679695982625,10.0,80.5,69.0,4.0,5.65,17.388979370249732,0.27121878393050763,68.62920738327904,0,0,0,1,0,0,0
1842,48660,80.5,69.0,75.0,5.65,25.0,7.1999999999999975,1840,509,0.0,4,53.45788043478261,69.0,10.0,0.22,29.135,41.822536,-87.66634300000004,8,51764.99186109604,75.0,0.31877373846988605,10.0,80.5,69.0,4.0,5.65,17.393109061313073,0.2711909929462806,68.62940857297883,0,1,0,0,0,0,0
1843,48660,80.5,69.0,75.0,5.65,25.0,7.1999999999999975,1840,509,0.0,4,53.45788043478261,69.0,10.0,0.22,29.135,41.822536,-87.66634300000004,8,51763.30802603037,75.0,0.3186008676789588,10.0,80.5,69.0,4.0,5.65,17.397234273318873,0.2711632321041189,68.62960954446855,0,0,1,0,0,0,0
1844,48660,80.5,69.0,75.0,5.65,25.0,7.1999999999999975,1840,509,0.0,4,53.45788043478261,69.0,10.0,0.22,29.135,41.799282,-87.585487,8,51761.62601626017,75.0,0.31842818428184283,10.0,80.5,69.0,4.0,5.65,17.401355013550134,0.2711355013550109,68.62981029810298,0,0,1,0,0,0,0
1845,48660,80.5,69.0,75.0,5.65,25.0,7.1999999999999975,1840,509,0.0,4,53.45788043478261,69.0,10.0,0.22,29.135,41.794781,-87.615989,8,51759.945828819065,75.0,0.31825568797399784,10.0,80.5,69.0,4.0,5.65,17.405471289274107,0.2711078006500516,68.63001083423619,0,0,1,0,0,0,0
1846,48660,80.5,69.0,75.0,5.65,25.0,7.1999999999999975,1840,509,0.0,4,53.45788043478261,69.0,10.0,0.22,29.135,41.794781,-87.615989,8,51758.267460747156,75.0,0.31808337845154305,10.0,80.5,69.0,4.0,5.65,17.409583107742286,0.2710801299404414,68.63021115322144,0,0,0,0,0,0,1
1847,48660,80.5,69.0,75.0,5.65,25.0,7.1999999999999975,1840,509,0.0,4,53.45788043478261,69.0,10.0,0.22,29.135,41.778748,-87.586427,8,51756.59090909091,75.0,0.3179112554112554,10.0,80.5,69.0,4.0,5.65,17.413690476190474,0.2710524891774866,68.63041125541126,0,0,1,0,0,0,0
1848,48660,80.5,69.0,75.0,5.65,25.0,7.1999999999999975,1840,509,0.0,4,53.45788043478261,69.0,10.0,0.22,29.135,41.775051,-87.65535600000004,8,51754.91617090318,75.0,0.31773931855056786,10.0,80.5,69.0,4.0,5.65,17.417793401838832,0.2710248783125989,68.63061114115739,0,1,0,0,0,0,0
1849,48660,80.5,69.0,75.0,5.65,25.0,7.1999999999999975,1840,509,0.0,4,53.45788043478261,69.0,10.0,0.22,29.135,41.775051,-87.65535600000004,8,51753.24324324324,75.0,0.31756756756756754,10.0,80.5,69.0,4.0,5.65,17.421891891891892,0.2709972972972948,68.63081081081081,0,0,1,0,0,0,0
1850,48660,80.5,69.0,75.0,5.65,25.0,7.1999999999999975,1840,509,0.0,4,53.45788043478261,69.0,10.0,0.22,29.135,41.766202,-87.562889,8,51751.57212317666,75.0,0.3173960021609941,10.0,80.5,69.0,4.0,5.65,17.42598595353863,0.2709697460831957,68.63101026472178,0,1,0,0,0,0,0
1851,48660,80.5,69.0,75.0,5.65,25.0,7.1999999999999975,1840,509,0.0,4,53.45788043478261,69.0,10.0,0.22,29.135,41.766202,-87.562889,8,51749.90280777538,75.0,0.3172246220302376,10.0,80.5,69.0,4.0,5.65,17.430075593952484,0.2709422246220277,68.63120950323975,0,0,1,0,0,0,0
1852,48660,80.5,69.0,75.0,5.65,25.0,7.1999999999999975,1840,509,0.0,4,53.45788043478261,69.0,10.0,0.22,29.135,41.754676,-87.612922,8,51748.23529411764,75.0,0.3170534268753373,10.0,80.5,69.0,4.0,5.65,17.434160820291417,0.27091473286562084,68.63140852671344,0,1,0,0,0,0,0
1853,48660,80.5,69.0,75.0,5.65,25.0,7.1999999999999975,1840,509,0.0,4,53.45788043478261,69.0,10.0,0.22,29.135,41.754676,-87.612922,8,51746.56957928803,75.0,0.3168824163969795,10.0,80.5,69.0,4.0,5.65,17.43824163969795,0.2708872707659091,68.63160733549083,0,0,1,0,0,0,0
1854,48660,80.5,69.0,75.0,5.65,25.0,7.1999999999999975,1840,509,0.0,4,53.45788043478261,69.0,10.0,0.22,29.135,41.821582,-87.62779599999998,8,51744.905660377364,75.0,0.31671159029649604,10.0,80.5,69.0,4.0,5.65,17.44231805929919,0.2708598382749301,68.63180592991914,0,1,0,0,0,0,0
1855,48660,80.5,69.0,75.0,5.65,25.0,7.1999999999999975,1840,509,0.0,4,53.45788043478261,69.0,10.0,0.22,29.135,41.821582,-87.62779599999998,8,51743.24353448276,75.0,0.31654094827586204,10.0,80.5,69.0,4.0,5.65,17.446390086206893,0.27083243534482515,68.63200431034483,0,0,1,0,0,0,0
1856,48660,80.5,69.0,75.0,5.65,25.0,7.1999999999999975,1840,509,0.0,4,53.45788043478261,69.0,10.0,0.22,29.135,41.803423,-87.642984,8,51741.583198707594,75.0,0.3163704900376952,10.0,80.5,69.0,4.0,5.65,17.450457727517502,0.2708050619278381,68.63220247711362,0,1,0,0,0,0,0
1857,48660,80.5,69.0,75.0,5.65,25.0,7.1999999999999975,1840,509,0.0,4,53.45788043478261,69.0,10.0,0.22,29.135,41.803423,-87.642984,8,51739.92465016146,75.0,0.3162002152852529,10.0,80.5,69.0,4.0,5.65,17.454520990312165,0.2707777179763162,68.6324004305705,0,0,1,0,0,0,0
1858,48660,80.5,69.0,75.0,5.65,25.0,7.1999999999999975,1840,509,0.0,4,53.45788043478261,69.0,10.0,0.22,29.135,41.754292,-87.590773,8,51738.267885960195,75.0,0.3160301237224314,10.0,80.5,69.0,4.0,5.65,17.458579881656803,0.27075040344270873,68.63259817105971,0,1,0,0,0,0,0
1859,48660,80.5,69.0,75.0,5.65,25.0,7.1999999999999975,1840,509,0.0,4,53.45788043478261,69.0,10.0,0.22,29.135,41.754292,-87.590773,8,51736.6129032258,75.0,0.31586021505376344,10.0,80.5,69.0,4.0,5.65,17.46263440860215,0.2707231182795675,68.63279569892472,0,0,1,0,0,0,0
1860,48660,80.5,69.0,75.0,5.65,25.0,7.1999999999999975,1840,509,0.0,4,53.45788043478261,69.0,10.0,0.22,29.135,41.692555,-87.598865,8,51734.95969908651,75.0,0.315690488984417,10.0,80.5,69.0,4.0,5.65,17.466684578183774,0.2706958624395463,68.63299301450833,0,1,0,0,0,0,0
1861,48660,80.5,69.0,75.0,5.65,25.0,7.1999999999999975,1840,509,0.0,4,53.45788043478261,69.0,10.0,0.22,29.135,41.692555,-87.598865,8,51733.3082706767,75.0,0.31552094522019336,10.0,80.5,69.0,4.0,5.65,17.470730397422127,0.2706686358754005,68.63319011815253,0,0,1,0,0,0,0
1862,48660,80.5,69.0,75.0,5.65,25.0,7.1999999999999975,1840,509,0.0,4,53.45788043478261,69.0,10.0,0.22,29.135,41.721474,-87.648064,8,51731.65861513688,75.0,0.3153515834675255,10.0,80.5,69.0,4.0,5.65,17.4747718733226,0.27064143853998696,68.6333870101986,0,1,0,0,0,0,0
1863,48660,80.5,69.0,75.0,5.65,25.0,7.1999999999999975,1840,509,0.0,4,53.45788043478261,69.0,10.0,0.22,29.135,41.721474,-87.648064,8,51730.01072961374,75.0,0.3151824034334764,10.0,80.5,69.0,4.0,5.65,17.478809012875537,0.2706142703862638,68.63358369098712,0,0,1,0,0,0,0
1864,48660,80.5,69.0,75.0,5.65,25.0,7.1999999999999975,1840,509,0.0,4,53.45788043478261,69.0,10.0,0.22,29.135,41.688324,-87.676709,8,51728.36461126006,75.0,0.31501340482573725,10.0,80.5,69.0,4.0,5.65,17.4828418230563,0.27058713136729,68.63378016085791,0,1,0,0,0,0,0
1865,48660,80.5,69.0,75.0,5.65,25.0,7.1999999999999975,1840,509,0.0,4,53.45788043478261,69.0,10.0,0.22,29.135,41.688324,-87.676709,8,51726.720257234716,75.0,0.31484458735262594,10.0,80.5,69.0,4.0,5.65,17.486870310825296,0.2705600214362249,68.63397642015005,0,0,1,0,0,0,0
1866,48660,80.5,69.0,75.0,5.65,25.0,7.1999999999999975,1840,509,0.0,4,53.45788043478261,69.0,10.0,0.22,29.135,41.869107,-87.69629300000004,8,51725.07766470274,75.0,0.3146759507230852,10.0,80.5,69.0,4.0,5.65,17.49089448312801,0.2705329405463288,68.63417246920193,0,1,0,0,0,0,0
1867,48660,80.5,69.0,75.0,5.65,25.0,7.1999999999999975,1840,509,0.0,4,53.45788043478261,69.0,10.0,0.22,29.135,41.869107,-87.69629300000004,8,51723.43683083512,75.0,0.3145074946466809,10.0,80.5,69.0,4.0,5.65,17.494914346895076,0.27050588865096137,68.63436830835117,0,0,1,0,0,0,0
1868,48660,80.5,69.0,75.0,5.65,25.0,7.1999999999999975,1840,509,0.0,4,53.45788043478261,69.0,10.0,0.22,29.135,41.723195,-87.64997,8,51721.79775280898,75.0,0.31433921883360083,10.0,80.5,69.0,4.0,5.65,17.498929909042268,0.2704788657035826,68.63456393793473,0,1,0,0,0,0,0
1869,48660,80.5,69.0,75.0,5.65,25.0,7.1999999999999975,1840,509,0.0,4,53.45788043478261,69.0,10.0,0.22,29.135,41.723195,-87.64997,8,51720.16042780749,75.0,0.3141711229946524,10.0,80.5,69.0,4.0,5.65,17.50294117647059,0.2704518716577518,68.63475935828879,0,0,1,0,0,0,0
1870,48660,80.5,69.0,75.0,5.65,25.0,7.1999999999999975,1840,509,0.0,4,53.45788043478261,69.0,10.0,0.22,29.135,41.862292,-87.64886,8,51718.524853019786,75.0,0.3140032068412614,10.0,80.5,69.0,4.0,5.65,17.506948156066276,0.2704249064671277,68.6349545697488,0,1,0,0,0,0,0
1871,48660,80.5,69.0,75.0,5.65,25.0,7.1999999999999975,1840,509,0.0,4,53.45788043478261,69.0,10.0,0.22,29.135,41.862292,-87.64886,8,51716.891025641016,75.0,0.3138354700854701,10.0,80.5,69.0,4.0,5.65,17.510950854700855,0.2703979700854679,68.63514957264958,0,0,1,0,0,0,0
1872,48660,80.5,69.0,75.0,5.65,25.0,7.1999999999999975,1840,509,0.0,4,53.45788043478261,69.0,10.0,0.22,29.135,41.869216,-87.627561,8,51715.2589428724,75.0,0.3136679124399359,10.0,80.5,69.0,4.0,5.65,17.51494927923118,0.2703710624666289,68.63534436732515,0,1,0,0,0,0,0
1873,48660,80.5,69.0,75.0,5.65,25.0,7.1999999999999975,1840,509,0.0,4,53.45788043478261,69.0,10.0,0.22,29.135,41.869216,-87.627561,8,51713.628601921024,75.0,0.3135005336179296,10.0,80.5,69.0,4.0,5.65,17.518943436499466,0.27034418356456563,68.63553895410885,0,0,1,0,0,0,0
1874,48660,80.5,69.0,75.0,5.65,25.0,7.1999999999999975,1840,509,0.0,4,53.45788043478261,69.0,10.0,0.22,29.135,41.720848,-87.666014,8,51712.0,75.0,0.3133333333333333,10.0,80.5,69.0,4.0,5.65,17.522933333333334,0.2703173333333312,68.63573333333333,0,1,0,0,0,0,0
1875,48660,80.5,69.0,75.0,5.65,25.0,7.1999999999999975,1840,509,0.0,4,53.45788043478261,69.0,10.0,0.22,29.135,41.720848,-87.666014,8,51710.37313432836,75.0,0.31316631130063965,10.0,80.5,69.0,4.0,5.65,17.526918976545847,0.27029051172707674,68.6359275053305,0,0,1,0,0,0,0
1876,48660,80.5,69.0,75.0,5.65,25.0,7.1999999999999975,1840,509,0.0,4,53.45788043478261,69.0,10.0,0.22,29.135,41.704336,-87.70373599999998,8,51708.74800213106,75.0,0.31299946723494937,10.0,80.5,69.0,4.0,5.65,17.530900372935537,0.2702637187000512,68.63612147043153,0,0,1,0,0,0,0
1877,48660,80.5,69.0,75.0,5.65,25.0,7.1999999999999975,1840,509,0.0,4,53.45788043478261,69.0,10.0,0.22,29.135,41.731922,-87.677512,8,51707.124600638985,75.0,0.3128328008519702,10.0,80.5,69.0,4.0,5.65,17.534877529286476,0.27023695420660065,68.63631522896699,0,1,0,0,0,0,0
1878,48660,80.5,69.0,75.0,5.65,25.0,7.1999999999999975,1840,509,0.0,4,53.45788043478261,69.0,10.0,0.22,29.135,41.731922,-87.677512,8,51705.50292708888,75.0,0.3126663118680149,10.0,80.5,69.0,4.0,5.65,17.53885045236828,0.27021021820116875,68.63650878126663,0,0,1,0,0,0,0
1879,48660,80.5,69.0,75.0,5.65,25.0,7.1999999999999975,1840,509,0.0,4,53.45788043478261,69.0,10.0,0.22,29.135,41.731922,-87.677512,8,51703.882978723406,75.0,0.3125,10.0,80.5,69.0,4.0,5.65,17.542819148936168,0.2701835106382958,68.63670212765958,0,0,0,1,0,0,0
1880,48660,80.5,69.0,75.0,5.65,25.0,7.1999999999999975,1840,509,0.0,4,53.45788043478261,69.0,10.0,0.22,29.135,41.731922,-87.677512,8,51702.26475279107,75.0,0.3123338649654439,10.0,80.5,69.0,4.0,5.65,17.546783625730995,0.2701568314726189,68.63689526847422,0,0,0,0,0,0,1
1881,48660,80.5,69.0,75.0,5.65,25.0,7.1999999999999975,1840,509,0.0,4,53.45788043478261,69.0,10.0,0.22,29.135,41.644612,-87.60449799999998,8,51700.64824654623,75.0,0.31216790648246545,10.0,80.5,69.0,4.0,5.65,17.55074388947928,0.2701301806588715,68.63708820403826,0,1,0,0,0,0,0
1882,48660,80.5,69.0,75.0,5.65,25.0,7.1999999999999975,1840,509,0.0,4,53.45788043478261,69.0,10.0,0.22,29.135,41.644612,-87.60449799999998,8,51699.033457249076,75.0,0.31200212426978224,10.0,80.5,69.0,4.0,5.65,17.554699946893255,0.27010355815188325,68.63728093467871,0,0,1,0,0,0,0
1883,48660,80.5,69.0,75.0,5.65,25.0,7.1999999999999975,1840,509,0.0,4,53.45788043478261,69.0,10.0,0.22,29.135,41.733643,-87.55551,8,51697.420382165605,75.0,0.31183651804670914,10.0,80.5,69.0,4.0,5.65,17.558651804670912,0.27007696390657976,68.63747346072185,0,1,0,0,0,0,0
1884,48660,80.5,69.0,75.0,5.65,25.0,7.1999999999999975,1840,509,0.0,4,53.45788043478261,69.0,10.0,0.22,29.135,41.733643,-87.55551,8,51695.809018567634,75.0,0.3116710875331565,10.0,80.5,69.0,4.0,5.65,17.562599469496018,0.2700503978779821,68.63766578249336,0,0,1,0,0,0,0
1885,48660,80.5,69.0,75.0,5.65,25.0,7.1999999999999975,1840,509,0.0,4,53.45788043478261,69.0,10.0,0.22,29.135,41.717753,-87.531657,8,51694.199363732776,75.0,0.3115058324496288,10.0,80.5,69.0,4.0,5.65,17.566542948038176,0.2700238600212069,68.63785790031814,0,1,0,0,0,0,0
1886,48660,80.5,69.0,75.0,5.65,25.0,7.1999999999999975,1840,509,0.0,4,53.45788043478261,69.0,10.0,0.22,29.135,41.717753,-87.531657,8,51692.591414944356,75.0,0.3113407525172231,10.0,80.5,69.0,4.0,5.65,17.570482246952835,0.269997350291466,68.6380498145204,0,0,1,0,0,0,0
1887,48660,80.5,69.0,75.0,5.65,25.0,7.1999999999999975,1840,509,0.0,4,53.45788043478261,69.0,10.0,0.22,29.135,41.798697,-87.736812,8,51690.985169491534,75.0,0.3111758474576271,10.0,80.5,69.0,4.0,5.65,17.574417372881356,0.2699708686440659,68.63824152542372,0,1,0,0,0,0,0
1888,48660,80.5,69.0,75.0,5.65,25.0,7.1999999999999975,1840,509,0.0,4,53.45788043478261,69.0,10.0,0.22,29.135,41.798697,-87.736812,8,51689.38062466914,75.0,0.3110111169931181,10.0,80.5,69.0,4.0,5.65,17.578348332451032,0.2699444150344078,68.63843303335098,0,0,1,0,0,0,0
1889,48660,80.5,69.0,75.0,5.65,25.0,7.1999999999999975,1840,509,0.0,4,53.45788043478261,69.0,10.0,0.22,29.135,41.798697,-87.736812,8,51687.77777777778,75.0,0.3108465608465609,10.0,80.5,69.0,4.0,5.65,17.582275132275132,0.2699179894179875,68.63862433862434,0,0,0,0,0,0,1
1890,48660,80.5,69.0,75.0,5.65,25.0,7.1999999999999975,1840,509,0.0,4,53.45788043478261,69.0,10.0,0.22,29.135,41.662014,-87.72460799999998,8,51686.17662612374,75.0,0.3106821787414067,10.0,80.5,69.0,4.0,5.65,17.586197778952936,0.26989159175039473,68.63881544156531,0,1,0,0,0,0,0
1891,48660,80.5,69.0,75.0,5.65,25.0,7.1999999999999975,1840,509,0.0,4,53.45788043478261,69.0,10.0,0.22,29.135,41.662014,-87.72460799999998,8,51684.57716701903,75.0,0.3105179704016913,10.0,80.5,69.0,4.0,5.65,17.59011627906977,0.2698652219873132,68.63900634249471,0,0,1,0,0,0,0
1892,48660,80.5,69.0,75.0,5.65,25.0,7.1999999999999975,1840,509,0.0,4,53.45788043478261,69.0,10.0,0.22,29.135,41.662014,-87.72460799999998,8,51682.9793977813,75.0,0.31035393555203383,10.0,80.5,69.0,4.0,5.65,17.59403063919704,0.2698388800845201,68.6391970417327,0,0,0,1,0,0,0
1893,48660,80.5,69.0,75.0,5.65,25.0,7.1999999999999975,1840,509,0.0,4,53.45788043478261,69.0,10.0,0.22,29.135,41.961743,-87.76007,8,51681.383315733896,75.0,0.31019007391763465,10.0,80.5,69.0,4.0,5.65,17.597940865892287,0.2698125659978862,68.63938753959873,0,0,1,0,0,0,0
1894,48660,80.5,69.0,75.0,5.65,25.0,7.1999999999999975,1840,509,0.0,4,53.45788043478261,69.0,10.0,0.22,29.135,41.999129,-87.795585,8,51679.78891820581,75.0,0.3100263852242744,10.0,80.5,69.0,4.0,5.65,17.60184696569921,0.2697862796833755,68.6395778364116,0,1,0,0,0,0,0
1895,48660,80.5,69.0,75.0,5.65,25.0,7.1999999999999975,1840,509,0.0,4,53.45788043478261,69.0,10.0,0.22,29.135,41.999129,-87.795585,8,51678.19620253165,75.0,0.30986286919831224,10.0,80.5,69.0,4.0,5.65,17.605748945147678,0.2697600210970446,68.63976793248945,0,0,1,0,0,0,0
1896,48660,80.5,69.0,75.0,5.65,25.0,7.1999999999999975,1840,509,0.0,4,53.45788043478261,69.0,10.0,0.22,29.135,41.94016,-87.794896,8,51676.60516605166,75.0,0.30969952556668423,10.0,80.5,69.0,4.0,5.65,17.609646810753826,0.269733790195043,68.6399578281497,0,1,0,0,0,0,0
1897,48660,80.5,69.0,75.0,5.65,25.0,7.1999999999999975,1840,509,0.0,4,53.45788043478261,69.0,10.0,0.22,29.135,41.94016,-87.794896,8,51675.015806111696,75.0,0.309536354056902,10.0,80.5,69.0,4.0,5.65,17.613540569020017,0.2697075869336126,68.64014752370917,0,0,1,0,0,0,0
1898,48660,80.5,69.0,75.0,5.65,25.0,7.1999999999999975,1840,509,0.0,4,53.45788043478261,69.0,10.0,0.22,29.135,41.878114,-87.629798,8,51673.42812006318,75.0,0.3093733543970511,10.0,80.5,69.0,4.0,5.65,17.617430226434966,0.2696814112690872,68.64033701948394,0,1,0,0,0,0,0
1899,48660,80.5,69.0,75.0,5.65,25.0,7.1999999999999975,1840,509,0.0,4,53.45788043478261,69.0,10.0,0.22,29.135,41.878114,-87.629798,8,51671.84210526317,75.0,0.3092105263157895,10.0,80.5,69.0,4.0,5.65,17.621315789473684,0.2696552631578929,68.64052631578947,0,0,1,0,0,0,0
1900,48660,80.5,69.0,75.0,5.65,25.0,7.1999999999999975,1840,509,0.0,4,53.45788043478261,69.0,10.0,0.22,29.135,41.958271,-87.702575,8,51670.25775907417,75.0,0.3090478695423461,10.0,80.5,69.0,4.0,5.65,17.625197264597578,0.2696291425565474,68.64071541294055,0,1,0,0,0,0,0
1901,48660,80.5,69.0,75.0,5.65,25.0,7.1999999999999975,1840,509,0.0,4,53.45788043478261,69.0,10.0,0.22,29.135,41.958271,-87.702575,8,51668.675078864355,75.0,0.3088853838065195,10.0,80.5,69.0,4.0,5.65,17.629074658254467,0.26960304942165964,68.64090431125132,0,0,1,0,0,0,0
1902,48660,80.5,69.0,75.0,5.65,25.0,7.1999999999999975,1840,509,0.0,4,53.45788043478261,69.0,10.0,0.22,29.135,41.932094,-87.700117,8,51667.09406200736,75.0,0.3087230688386758,10.0,80.5,69.0,4.0,5.65,17.632947976878608,0.26957698370992994,68.64109301103521,0,1,0,0,0,0,0
1903,48660,80.5,69.0,75.0,5.65,25.0,7.1999999999999975,1840,509,0.0,4,53.45788043478261,69.0,10.0,0.22,29.135,41.932094,-87.700117,8,51665.51470588236,75.0,0.3085609243697479,10.0,80.5,69.0,4.0,5.65,17.636817226890756,0.26955094537814955,68.64128151260505,0,0,1,0,0,0,0
1904,48660,80.5,69.0,75.0,5.65,25.0,7.1999999999999975,1840,509,0.0,4,53.45788043478261,69.0,10.0,0.22,29.135,42.01743,-87.68776899999996,8,51663.937007874025,75.0,0.3083989501312336,10.0,80.5,69.0,4.0,5.65,17.640682414698166,0.2695249343832004,68.64146981627296,0,0,1,0,0,0,0
1905,48660,80.5,69.0,75.0,5.65,25.0,7.1999999999999975,1840,509,0.0,4,53.45788043478261,69.0,10.0,0.22,29.135,42.006858,-87.675919,8,51662.36096537251,75.0,0.3082371458551941,10.0,80.5,69.0,4.0,5.65,17.64454354669465,0.269498950682055,68.64165792235048,0,1,0,0,0,0,0
1906,48660,80.5,69.0,75.0,5.65,25.0,7.1999999999999975,1840,509,0.0,4,53.45788043478261,69.0,10.0,0.22,29.135,41.916265,-87.800515,8,51660.78657577347,75.0,0.3080755112742528,10.0,80.5,69.0,4.0,5.65,17.648400629260614,0.269472994231776,68.6418458311484,0,1,0,0,0,0,0
1907,48660,80.5,69.0,75.0,5.65,25.0,7.1999999999999975,1840,509,0.0,4,53.45788043478261,69.0,10.0,0.22,29.135,41.916265,-87.800515,8,51659.21383647799,75.0,0.3079140461215933,10.0,80.5,69.0,4.0,5.65,17.6522536687631,0.2694470649895161,68.64203354297693,0,0,1,0,0,0,0
1908,48660,80.5,69.0,75.0,5.65,25.0,7.1999999999999975,1840,509,0.0,4,53.45788043478261,69.0,10.0,0.22,29.135,41.846075,-87.716277,8,51657.64274489262,75.0,0.3077527501309586,10.0,80.5,69.0,4.0,5.65,17.65610267155579,0.269421162912518,68.64222105814562,0,1,0,0,0,0,0
1909,48660,80.5,69.0,75.0,5.65,25.0,7.1999999999999975,1840,509,0.0,4,53.45788043478261,69.0,10.0,0.22,29.135,41.846075,-87.716277,8,51656.07329842931,75.0,0.3075916230366492,10.0,80.5,69.0,4.0,5.65,17.65994764397906,0.2693952879581136,68.64240837696335,0,0,1,0,0,0,0
1910,48660,80.5,69.0,75.0,5.65,25.0,7.1999999999999975,1840,509,0.0,4,53.45788043478261,69.0,10.0,0.22,29.135,41.907645,-87.760886,8,51654.50549450549,75.0,0.3074306645735217,10.0,80.5,69.0,4.0,5.65,17.66378859236002,0.2693694400837242,68.64259549973836,0,1,0,0,0,0,0
1911,48660,80.5,69.0,75.0,5.65,25.0,7.1999999999999975,1840,509,0.0,4,53.45788043478261,69.0,10.0,0.22,29.135,41.907645,-87.760886,8,51652.93933054394,75.0,0.30726987447698745,10.0,80.5,69.0,4.0,5.65,17.66762552301255,0.26934361924686034,68.64278242677824,0,0,1,0,0,0,0
1912,48660,80.5,69.0,75.0,5.65,25.0,7.1999999999999975,1840,509,0.0,4,53.45788043478261,69.0,10.0,0.22,29.135,41.918705,-87.752329,8,51651.37480397281,75.0,0.30710925248301096,10.0,80.5,69.0,4.0,5.65,17.671458442237324,0.2693178254051213,68.64296915838996,0,0,1,0,0,0,0
1913,48660,80.5,69.0,75.0,5.65,25.0,7.1999999999999975,1840,509,0.0,4,53.45788043478261,69.0,10.0,0.22,29.135,41.776156,-87.778927,8,51649.811912225705,75.0,0.3069487983281087,10.0,80.5,69.0,4.0,5.65,17.67528735632184,0.2692920585161949,68.64315569487985,0,1,0,0,0,0,0
1914,48660,80.5,69.0,75.0,5.65,25.0,7.1999999999999975,1840,509,0.0,4,53.45788043478261,69.0,10.0,0.22,29.135,41.776156,-87.778927,8,51648.250652741524,75.0,0.30678851174934724,10.0,80.5,69.0,4.0,5.65,17.67911227154047,0.26926631853785743,68.64334203655352,0,0,1,0,0,0,0
1915,48660,80.5,69.0,75.0,5.65,25.0,7.1999999999999975,1840,509,0.0,4,53.45788043478261,69.0,10.0,0.22,29.135,41.776156,-87.778927,8,51646.691022964515,75.0,0.3066283924843424,10.0,80.5,69.0,4.0,5.65,17.68293319415449,0.2692406054279734,68.64352818371607,0,0,0,0,1,0,0
1916,48660,80.5,69.0,75.0,5.65,25.0,7.1999999999999975,1840,509,0.0,4,53.45788043478261,69.0,10.0,0.22,29.135,41.772846,-87.740029,8,51645.133020344285,75.0,0.3064684402712572,10.0,80.5,69.0,4.0,5.65,17.6867501304121,0.2692149191444951,68.64371413667189,0,1,0,0,0,0,0
1917,48660,80.5,69.0,75.0,5.65,25.0,7.1999999999999975,1840,509,0.0,4,53.45788043478261,69.0,10.0,0.22,29.135,41.772846,-87.740029,8,51643.57664233576,75.0,0.3063086548488008,10.0,80.5,69.0,4.0,5.65,17.690563086548487,0.2691892596454625,68.64389989572472,0,0,1,0,0,0,0
1918,48660,80.5,69.0,75.0,5.65,25.0,7.1999999999999975,1840,509,0.0,4,53.45788043478261,69.0,10.0,0.22,29.135,41.825902,-87.667827,8,51642.02188639917,75.0,0.3061490359562272,10.0,80.5,69.0,4.0,5.65,17.694372068785825,0.2691636268890032,68.6440854611777,0,0,1,0,0,0,0
1919,48660,80.5,69.0,75.0,5.65,25.0,7.1999999999999975,1840,509,0.0,4,53.45788043478261,69.0,10.0,0.22,29.135,41.682587,-87.707973,8,51640.46875,75.0,0.3059895833333333,10.0,80.5,69.0,4.0,5.65,17.698177083333334,0.2691380208333319,68.64427083333334,0,1,0,0,0,0,0
1920,48660,80.5,69.0,75.0,5.65,25.0,7.1999999999999975,1840,509,0.0,4,53.45788043478261,69.0,10.0,0.22,29.135,41.682587,-87.707973,8,51638.917230609055,75.0,0.3058302967204581,10.0,80.5,69.0,4.0,5.65,17.701978136387297,0.2691124414367502,68.64445601249349,0,0,1,0,0,0,0
1921,48660,80.5,69.0,75.0,5.65,25.0,7.1999999999999975,1840,509,0.0,4,53.45788043478261,69.0,10.0,0.22,29.135,41.903002,-87.68826700000002,8,51637.367325702384,75.0,0.30567117585848075,10.0,80.5,69.0,4.0,5.65,17.705775234131114,0.26908688865764685,68.64464099895942,0,1,0,0,0,0,0
1922,48660,80.5,69.0,75.0,5.65,25.0,7.1999999999999975,1840,509,0.0,4,53.45788043478261,69.0,10.0,0.22,29.135,41.903002,-87.68826700000002,8,51635.81903276131,75.0,0.30551222048881954,10.0,80.5,69.0,4.0,5.65,17.70956838273531,0.26906136245449674,68.64482579303173,0,0,1,0,0,0,0
1923,48660,80.5,69.0,75.0,5.65,25.0,7.1999999999999975,1840,509,0.0,4,53.45788043478261,69.0,10.0,0.22,29.135,41.719059,-87.675088,8,51634.27234927235,75.0,0.3053534303534304,10.0,80.5,69.0,4.0,5.65,17.71335758835759,0.2690358627858614,68.64501039501039,0,0,1,0,0,0,0
1924,48660,80.5,69.0,75.0,5.65,25.0,7.1999999999999975,1840,509,0.0,4,53.45788043478261,69.0,10.0,0.22,29.135,41.725517,-87.61425799999998,8,51632.727272727265,75.0,0.3051948051948052,10.0,80.5,69.0,4.0,5.65,17.717142857142857,0.2690103896103882,68.64519480519479,0,1,0,0,0,0,0
1925,48660,80.5,69.0,75.0,5.65,25.0,7.1999999999999975,1840,509,0.0,4,53.45788043478261,69.0,10.0,0.22,29.135,41.725517,-87.61425799999998,8,51631.183800623054,75.0,0.3050363447559709,10.0,80.5,69.0,4.0,5.65,17.72092419522326,0.2689849428868107,68.64537902388369,0,0,1,0,0,0,0
1926,48660,80.5,69.0,75.0,5.65,25.0,7.1999999999999975,1840,509,0.0,4,53.45788043478261,69.0,10.0,0.22,29.135,41.948167,-87.730698,8,51629.64193046187,75.0,0.3048780487804878,10.0,80.5,69.0,4.0,5.65,17.724701608718213,0.2689595225739478,68.64556305137519,0,1,0,0,0,0,0
1927,48660,80.5,69.0,75.0,5.65,25.0,7.1999999999999975,1840,509,0.0,4,53.45788043478261,69.0,10.0,0.22,29.135,41.948167,-87.730698,8,51628.10165975103,75.0,0.30471991701244816,10.0,80.5,69.0,4.0,5.65,17.72847510373444,0.26893412863070404,68.64574688796681,0,0,1,0,0,0,0
1928,48660,80.5,69.0,75.0,5.65,25.0,7.1999999999999975,1840,509,0.0,4,53.45788043478261,69.0,10.0,0.22,29.135,41.966987,-87.674677,8,51626.56298600312,75.0,0.30456194919647483,10.0,80.5,69.0,4.0,5.65,17.732244686365988,0.26890876101606914,68.64593053395542,0,1,0,0,0,0,0
1929,48660,80.5,69.0,75.0,5.65,25.0,7.1999999999999975,1840,509,0.0,4,53.45788043478261,69.0,10.0,0.22,29.135,41.963976,-87.69181,8,51625.02590673576,75.0,0.30440414507772023,10.0,80.5,69.0,4.0,5.65,17.7360103626943,0.26888341968911783,68.6461139896373,0,1,0,0,0,0,0
1930,48660,80.5,69.0,75.0,5.65,25.0,7.1999999999999975,1840,509,0.0,4,53.45788043478261,69.0,10.0,0.22,29.135,41.963976,-87.69181,8,51623.490419471775,75.0,0.3042465044018643,10.0,80.5,69.0,4.0,5.65,17.739772138788194,0.26885810460900955,68.64629725530813,0,0,1,0,0,0,0
1931,48060,90.5,68.0,79.5,8.4,20.5,8.9,1834,513,0.0,9,53.45788043478261,70.0,14.5,0.0,29.31,41.750498,-87.605294,8,51621.64596273292,75.0,0.30408902691511386,10.0,80.5,69.0,4.0,5.65,17.74120082815735,0.2687189440993776,68.64699792960663,0,1,0,0,0,0,0
1932,48060,90.5,68.0,79.5,8.4,20.5,8.9,1834,513,0.0,9,53.45788043478261,70.0,14.5,0.0,29.31,41.750498,-87.605294,8,51619.803414381786,75.0,0.30393171236420075,10.0,80.5,69.0,4.0,5.65,17.742628039317125,0.2685799275737183,68.64769787894464,0,0,1,0,0,0,0
1933,48060,90.5,68.0,79.5,8.4,20.5,8.9,1834,513,0.0,9,53.45788043478261,70.0,14.5,0.0,29.31,41.702724,-87.536497,8,51617.962771458115,75.0,0.3037745604963806,10.0,80.5,69.0,4.0,5.65,17.7440537745605,0.2684410548086853,68.64839710444674,0,1,0,0,0,0,0
1934,48060,90.5,68.0,79.5,8.4,20.5,8.9,1834,513,0.0,9,53.45788043478261,70.0,14.5,0.0,29.31,41.702724,-87.536497,8,51616.12403100776,75.0,0.30361757105943155,10.0,80.5,69.0,4.0,5.65,17.74547803617571,0.26830232558139405,68.64909560723514,0,0,1,0,0,0,0
1935,48060,90.5,68.0,79.5,8.4,20.5,8.9,1834,513,0.0,9,53.45788043478261,70.0,14.5,0.0,29.31,41.702724,-87.536497,8,51614.287190082636,75.0,0.3034607438016529,10.0,80.5,69.0,4.0,5.65,17.746900826446282,0.2681637396694202,68.64979338842976,0,0,0,0,0,0,1
1936,48060,90.5,68.0,79.5,8.4,20.5,8.9,1834,513,0.0,9,53.45788043478261,70.0,14.5,0.0,29.31,41.729669,-87.582699,8,51612.45224574084,75.0,0.3033040784718637,10.0,80.5,69.0,4.0,5.65,17.748322147651006,0.2680252968507989,68.65049044914817,0,1,0,0,0,0,0
1937,48060,90.5,68.0,79.5,8.4,20.5,8.9,1834,513,0.0,9,53.45788043478261,70.0,14.5,0.0,29.31,41.729669,-87.582699,8,51610.619195046434,75.0,0.3031475748194015,10.0,80.5,69.0,4.0,5.65,17.749742002063986,0.26788699690402346,68.65118679050568,0,0,1,0,0,0,0
1938,48060,90.5,68.0,79.5,8.4,20.5,8.9,1834,513,0.0,9,53.45788043478261,70.0,14.5,0.0,29.31,41.673408,-87.599862,8,51608.78803506962,79.5,0.3029912325941207,14.5,90.5,69.0,9.0,5.65,17.751160391954613,0.2677488396080441,68.65188241361527,0,1,0,0,0,0,0
1939,48060,90.5,68.0,79.5,8.4,20.5,8.9,1834,513,0.0,9,53.45788043478261,70.0,14.5,0.0,29.31,41.673408,-87.599862,8,51606.9587628866,79.5,0.3028350515463917,14.5,90.5,69.0,9.0,5.65,17.75257731958763,0.2676108247422667,68.65257731958764,0,0,1,0,0,0,0
1940,48060,90.5,68.0,79.5,8.4,20.5,8.9,1834,513,0.0,9,53.45788043478261,70.0,14.5,0.0,29.31,41.704572,-87.56566600000002,8,51605.1313755796,79.5,0.30267903142709945,14.5,90.5,69.0,9.0,5.65,17.75399278722308,0.26747295208655203,68.65327150953118,0,1,0,0,0,0,0
1941,48060,90.5,68.0,79.5,8.4,20.5,8.9,1834,513,0.0,9,53.45788043478261,70.0,14.5,0.0,29.31,41.704572,-87.56566600000002,8,51603.305870236865,79.5,0.3025231719876416,14.5,90.5,68.0,9.0,5.65,17.755406797116375,0.2673352214212139,68.653964984552,0,0,1,0,0,0,0
1942,48060,90.5,68.0,79.5,8.4,20.5,8.9,1834,513,0.0,9,53.45788043478261,70.0,14.5,0.0,29.31,41.72646500000001,-87.585413,8,51601.48224395265,79.5,0.30236747297992794,14.5,90.5,68.0,9.0,5.65,17.756819351518267,0.2671976325270188,68.65465774575401,0,1,0,0,0,0,0
1943,48060,90.5,68.0,79.5,8.4,20.5,8.9,1834,513,0.0,9,53.45788043478261,70.0,14.5,0.0,29.31,41.72646500000001,-87.585413,8,51599.660493827156,79.5,0.3022119341563786,14.5,90.5,68.0,9.0,5.65,17.758230452674898,0.2670601851851839,68.65534979423869,0,0,1,0,0,0,0
1944,48060,90.5,68.0,79.5,8.4,20.5,8.9,1834,513,0.0,9,53.45788043478261,70.0,14.5,0.0,29.31,41.72646500000001,-87.585413,8,51597.84061696658,79.5,0.3020565552699229,14.5,90.5,68.0,9.0,5.65,17.759640102827767,0.26692287917737656,68.6560411311054,0,0,0,0,0,0,1
1945,48060,90.5,68.0,79.5,8.4,20.5,8.9,1834,513,0.0,9,53.45788043478261,70.0,14.5,0.0,29.31,41.678618,-87.559308,8,51596.022610483036,79.5,0.30190133607399794,14.5,90.5,68.0,9.0,5.65,17.761048304213773,0.26678571428571296,68.65673175745118,0,1,0,0,0,0,0
1946,48060,90.5,68.0,79.5,8.4,20.5,8.9,1834,513,0.0,9,53.45788043478261,70.0,14.5,0.0,29.31,41.678618,-87.559308,8,51594.20647149461,79.5,0.3017462763225475,14.5,90.5,68.0,9.0,5.65,17.76245505906523,0.2666486902927568,68.65742167437082,0,0,1,0,0,0,0
1947,48060,90.5,68.0,79.5,8.4,20.5,8.9,1834,513,0.0,9,53.45788043478261,70.0,14.5,0.0,29.31,41.678618,-87.559308,8,51592.392197125264,79.5,0.3015913757700205,14.5,90.5,68.0,9.0,5.65,17.763860369609855,0.2665118069815182,68.65811088295689,0,0,0,0,0,0,1
1948,48060,90.5,68.0,79.5,8.4,20.5,8.9,1834,513,0.0,9,53.45788043478261,70.0,14.5,0.0,29.31,41.737052,-87.54306700000002,8,51590.57978450487,79.5,0.30143663417136995,14.5,90.5,68.0,9.0,5.65,17.765264238070806,0.26637506413545275,68.65879938429964,0,1,0,0,0,0,0
1949,48060,90.5,68.0,79.5,8.4,20.5,8.9,1834,513,0.0,9,53.45788043478261,70.0,14.5,0.0,29.31,41.737052,-87.54306700000002,8,51588.76923076923,79.5,0.3012820512820513,14.5,90.5,68.0,9.0,5.65,17.766666666666666,0.26623846153846026,68.65948717948719,0,0,1,0,0,0,0
1950,48060,90.5,68.0,79.5,8.4,20.5,8.9,1834,513,0.0,9,53.45788043478261,70.0,14.5,0.0,29.31,41.740641,-87.546587,8,51586.96053305997,79.5,0.3011276268580215,14.5,90.5,68.0,9.0,5.65,17.768067657611486,0.2661019989748833,68.66017426960533,0,1,0,0,0,0,0
1951,48060,90.5,68.0,79.5,8.4,20.5,8.9,1834,513,0.0,9,53.45788043478261,70.0,14.5,0.0,29.31,41.740641,-87.546587,8,51585.15368852459,79.5,0.3009733606557377,14.5,90.5,68.0,9.0,5.65,17.76946721311475,0.2659656762295069,68.66086065573772,0,0,1,0,0,0,0
1952,48060,90.5,68.0,79.5,8.4,20.5,8.9,1834,513,0.0,9,53.45788043478261,70.0,14.5,0.0,29.31,41.680946,-87.535198,8,51583.34869431644,79.5,0.3008192524321557,14.5,90.5,68.0,9.0,5.65,17.770865335381465,0.2658294930875563,68.66154633896568,0,1,0,0,0,0,0
1953,48060,90.5,68.0,79.5,8.4,20.5,8.9,1834,513,0.0,9,53.45788043478261,70.0,14.5,0.0,29.31,41.680946,-87.535198,8,51581.54554759468,79.5,0.30066530194472874,14.5,90.5,68.0,9.0,5.65,17.77226202661208,0.26569344933469674,68.66223132036848,0,0,1,0,0,0,0
1954,48060,90.5,68.0,79.5,8.4,20.5,8.9,1834,513,0.0,9,53.45788043478261,70.0,14.5,0.0,29.31,41.686398,-87.531635,8,51579.7442455243,79.5,0.30051150895140666,14.5,90.5,68.0,9.0,5.65,17.773657289002553,0.265557544757032,68.66291560102303,0,1,0,0,0,0,0
1955,48060,90.5,68.0,79.5,8.4,20.5,8.9,1834,513,0.0,9,53.45788043478261,70.0,14.5,0.0,29.31,41.686398,-87.531635,8,51577.944785276064,79.5,0.30035787321063395,14.5,90.5,68.0,9.0,5.65,17.775051124744376,0.265421779141103,68.66359918200409,0,0,1,0,0,0,0
1956,48060,90.5,68.0,79.5,8.4,20.5,8.9,1834,513,0.0,9,53.45788043478261,70.0,14.5,0.0,29.31,41.686398,-87.531635,8,51576.14716402657,79.5,0.300204394481349,14.5,90.5,68.0,9.0,5.65,17.776443536024527,0.2652861522738873,68.66428206438427,0,0,0,0,1,0,0
1957,48060,90.5,68.0,79.5,8.4,20.5,8.9,1834,513,0.0,9,53.45788043478261,70.0,14.5,0.0,29.31,41.686398,-87.531635,8,51574.35137895811,79.5,0.30005107252298263,14.5,90.5,68.0,9.0,5.65,17.777834525025536,0.26515066394279746,68.66496424923392,0,0,0,0,0,0,1
1958,48060,90.5,68.0,79.5,8.4,20.5,8.9,1834,513,0.0,9,53.45788043478261,70.0,14.5,0.0,29.31,41.659112,-87.53869300000002,8,51572.557427258806,79.5,0.2998979070954569,14.5,90.5,68.0,9.0,5.65,17.779224093925468,0.2650153139356802,68.66564573762123,0,1,0,0,0,0,0
1959,48060,90.5,68.0,79.5,8.4,20.5,8.9,1834,513,0.0,9,53.45788043478261,70.0,14.5,0.0,29.31,41.659112,-87.53869300000002,8,51570.76530612245,79.5,0.2997448979591837,14.5,90.5,68.0,9.0,8.4,17.780612244897963,0.264880102040815,68.66632653061224,0,0,1,0,0,0,0
1960,46920,89.5,65.0,77.5,2.5,23.0,4.65,1822,520,0.0,8,53.45788043478261,66.5,12.5,0.0,29.31,41.95469,-87.800991,9,51568.39367669557,79.5,0.2995920448750637,14.5,90.5,68.0,9.0,8.4,17.783273839877612,0.2647450280469135,68.66522182559919,0,1,0,0,0,0,0
1961,46920,89.5,65.0,77.5,2.5,23.0,4.65,1822,520,0.0,8,53.45788043478261,66.5,12.5,0.0,29.31,41.95469,-87.800991,9,51566.024464831804,79.5,0.2994393476044852,14.5,90.5,68.0,9.0,8.4,17.785932721712538,0.26461009174311795,68.66411824668705,0,0,1,0,0,0,0
1962,46920,89.5,65.0,77.5,2.5,23.0,4.65,1822,520,0.0,8,53.45788043478261,66.5,12.5,0.0,29.31,41.964242,-87.757639,9,51563.657666836465,79.5,0.29928680590932244,14.5,90.5,68.0,9.0,8.4,17.78858889454916,0.26447529291900024,68.66301579215487,0,0,1,0,0,0,0
1963,46920,89.5,65.0,77.5,2.5,23.0,4.65,1822,520,0.0,8,53.45788043478261,66.5,12.5,0.0,29.31,41.96272800000001,-87.748367,9,51561.2932790224,79.5,0.2991344195519348,14.5,90.5,68.0,9.0,8.4,17.79124236252546,0.2643406313645608,68.66191446028513,0,1,0,0,0,0,0
1964,46920,89.5,65.0,77.5,2.5,23.0,4.65,1822,520,0.0,8,53.45788043478261,66.5,12.5,0.0,29.31,41.942114,-87.776385,9,51558.93129770993,79.5,0.2989821882951654,14.5,90.5,68.0,9.0,8.4,17.793893129770993,0.2642061068702277,68.66081424936387,0,0,1,0,0,0,0
1965,46920,89.5,65.0,77.5,2.5,23.0,4.65,1822,520,0.0,8,53.45788043478261,66.5,12.5,0.0,29.31,41.990284,-87.797127,9,51556.571719226864,79.5,0.29883011190233977,14.5,90.5,68.0,9.0,8.4,17.796541200406914,0.2640717192268553,68.65971515768057,0,0,0,1,0,0,0
1966,46920,89.5,65.0,77.5,2.5,23.0,4.65,1822,520,0.0,8,53.45788043478261,66.5,12.5,0.0,29.31,41.994991,-87.769279,9,51554.214539908484,79.5,0.2986781901372649,14.5,90.5,68.0,9.0,8.4,17.79918657854601,0.2639374682257232,68.65861718352822,0,1,0,0,0,0,0
1967,46920,89.5,65.0,77.5,2.5,23.0,4.65,1822,520,0.0,8,53.45788043478261,66.5,12.5,0.0,29.31,41.994991,-87.769279,9,51551.85975609756,77.5,0.29852642276422764,12.5,89.5,68.0,8.0,8.4,17.801829268292686,0.2638033536585353,68.65752032520325,0,0,1,0,0,0,0
1968,46920,89.5,65.0,77.5,2.5,23.0,4.65,1822,520,0.0,8,53.45788043478261,66.5,12.5,0.0,29.31,42.008314,-87.77792099999998,9,51549.507364144236,77.5,0.2983748095479939,12.5,89.5,68.0,8.0,8.4,17.804469273743017,0.26366937531741874,68.65642458100558,0,1,0,0,0,0,0
1969,46920,89.5,65.0,77.5,2.5,23.0,4.65,1822,520,0.0,8,53.45788043478261,66.5,12.5,0.0,29.31,42.008314,-87.77792099999998,9,51547.15736040608,77.5,0.2982233502538071,12.5,89.5,68.0,8.0,8.4,17.807106598984767,0.2635355329949225,68.65532994923858,0,0,1,0,0,0,0
1970,46920,89.5,65.0,77.5,2.5,23.0,4.65,1822,520,0.0,8,53.45788043478261,66.5,12.5,0.0,29.31,41.98196400000001,-87.812827,9,51544.80974124809,77.5,0.2980720446473871,12.5,89.5,65.0,8.0,8.4,17.809741248097414,0.263401826484017,68.65423642820903,0,1,0,0,0,0,0
1971,46920,89.5,65.0,77.5,2.5,23.0,4.65,1822,520,0.0,8,53.45788043478261,66.5,12.5,0.0,29.31,41.99247800000001,-87.862995,9,51542.464503042596,77.5,0.2979208924949289,12.5,89.5,65.0,8.0,8.4,17.81237322515213,0.26326825557809197,68.65314401622717,0,1,0,0,0,0,0
1972,46920,89.5,65.0,77.5,2.5,23.0,4.65,1822,520,0.0,8,53.45788043478261,66.5,12.5,0.0,29.31,41.98196400000001,-87.812827,9,51540.12164216929,77.5,0.29776989356310185,12.5,89.5,65.0,8.0,8.4,17.81500253421186,0.2631348200709566,68.65205271160669,0,0,1,0,0,0,0
1973,46920,89.5,65.0,77.5,2.5,23.0,4.65,1822,520,0.0,8,53.45788043478261,66.5,12.5,0.0,29.31,41.99247800000001,-87.862995,9,51537.7811550152,77.5,0.2976190476190476,12.5,89.5,65.0,8.0,8.4,17.817629179331306,0.2630015197568376,68.65096251266463,0,0,1,0,0,0,0
1974,46920,89.5,65.0,77.5,2.5,23.0,4.65,1822,520,0.0,8,53.45788043478261,66.5,12.5,0.0,29.31,41.944869,-87.832763,9,51535.443037974685,77.5,0.2974683544303797,12.5,89.5,65.0,8.0,8.4,17.820253164556966,0.2628683544303785,68.64987341772152,0,1,0,0,0,0,0
1975,46920,89.5,65.0,77.5,2.5,23.0,4.65,1822,520,0.0,8,53.45788043478261,66.5,12.5,0.0,29.31,41.944869,-87.832763,9,51533.107287449384,77.5,0.2973178137651822,12.5,89.5,65.0,8.0,8.4,17.822874493927127,0.2627353238866384,68.64878542510121,0,0,1,0,0,0,0
1976,46920,89.5,65.0,77.5,2.5,23.0,4.65,1822,520,0.0,8,53.45788043478261,66.5,12.5,0.0,29.31,41.991429,-87.747113,9,51530.77389984825,77.5,0.2971674253920081,12.5,89.5,65.0,8.0,8.4,17.825493171471926,0.2626024279210913,68.64769853313099,0,1,0,0,0,0,0
1977,46920,89.5,65.0,77.5,2.5,23.0,4.65,1822,520,0.0,8,53.45788043478261,66.5,12.5,0.0,29.31,41.991429,-87.747113,9,51528.44287158746,77.5,0.2970171890798787,12.5,89.5,65.0,8.0,8.4,17.828109201213348,0.2624696663296246,68.64661274014156,0,0,1,0,0,0,0
1978,46920,89.5,65.0,77.5,2.5,23.0,4.65,1822,520,0.0,8,53.45788043478261,66.5,12.5,0.0,29.31,41.923738,-87.785288,9,51526.11419909045,77.5,0.296867104598282,12.5,89.5,65.0,8.0,8.4,17.830722587165234,0.2623370389085384,68.6455280444669,0,1,0,0,0,0,0
1979,46920,89.5,65.0,77.5,2.5,23.0,4.65,1822,520,0.0,8,53.45788043478261,66.5,12.5,0.0,29.31,41.923738,-87.785288,9,51523.78787878788,77.5,0.2967171717171717,12.5,89.5,65.0,8.0,8.4,17.833333333333332,0.2622045454545442,68.64444444444446,0,0,1,0,0,0,0
1980,46920,89.5,65.0,77.5,2.5,23.0,4.65,1822,520,0.0,8,53.45788043478261,66.5,12.5,0.0,29.31,41.974089,-87.824812,9,51521.46390711762,77.5,0.2965673902069661,12.5,89.5,65.0,8.0,8.4,17.835941443715296,0.262072185764764,68.64336193841494,0,1,0,0,0,0,0
1981,46920,89.5,65.0,77.5,2.5,23.0,4.65,1822,520,0.0,8,53.45788043478261,66.5,12.5,0.0,29.31,42.011601,-87.81150600000002,9,51519.14228052472,77.5,0.2964177598385469,12.5,89.5,65.0,8.0,8.4,17.838546922300704,0.2619399596367293,68.64228052472251,0,1,0,0,0,0,0
1982,46920,89.5,65.0,77.5,2.5,23.0,4.65,1822,520,0.0,8,53.45788043478261,66.5,12.5,0.0,29.31,41.960616,-87.777189,9,51516.822995461414,77.5,0.2962682803832577,12.5,89.5,65.0,8.0,8.4,17.841149773071105,0.26180786686838003,68.64120020171457,0,0,1,0,0,0,0
1983,46920,89.5,65.0,77.5,2.5,23.0,4.65,1822,520,0.0,8,53.45788043478261,66.5,12.5,0.0,29.31,42.010412,-87.66214000000002,9,51514.5060483871,77.5,0.29611895161290325,12.5,89.5,65.0,8.0,8.4,17.84375,0.2616759072580632,68.64012096774194,0,1,0,0,0,0,0
1984,46920,89.5,65.0,77.5,2.5,23.0,4.65,1822,520,0.0,8,53.45788043478261,66.5,12.5,0.0,29.31,42.010412,-87.66214000000002,9,51512.19143576826,77.5,0.2959697732997481,12.5,89.5,65.0,8.0,8.4,17.8463476070529,0.2615440806045327,68.63904282115871,0,0,0,1,0,0,0
1985,46920,89.5,65.0,77.5,2.5,23.0,4.65,1822,520,0.0,8,53.45788043478261,66.5,12.5,0.0,29.31,41.94983,-87.69845699999998,9,51509.87915407855,77.5,0.29582074521651563,12.5,89.5,65.0,8.0,8.4,17.848942598187307,0.2614123867069474,68.63796576032226,0,0,1,0,0,0,0
1986,46920,89.5,65.0,77.5,2.5,23.0,4.65,1822,520,0.0,8,53.45788043478261,66.5,12.5,0.0,29.31,41.979243,-87.750938,9,51507.569199798694,77.5,0.2956718671363865,12.5,89.5,65.0,8.0,8.4,17.851534977352788,0.2612808253648704,68.63688978359336,0,1,0,0,0,0,0
1987,46920,89.5,65.0,77.5,2.5,23.0,4.65,1822,520,0.0,8,53.45788043478261,66.5,12.5,0.0,29.31,41.979243,-87.750938,9,51505.26156941651,77.5,0.295523138832998,12.5,89.5,65.0,8.0,8.4,17.854124748490946,0.26114939637826834,68.63581488933602,0,0,1,0,0,0,0
1988,46920,89.5,65.0,77.5,2.5,23.0,4.65,1822,520,0.0,8,53.45788043478261,66.5,12.5,0.0,29.31,41.98480900000001,-87.728492,9,51502.95625942684,77.5,0.29537456008044244,12.5,89.5,65.0,8.0,2.5,17.856711915535445,0.26101809954751004,68.63474107591755,0,0,1,0,0,0,0
1989,46920,89.5,65.0,77.5,2.5,23.0,4.65,1822,520,0.0,8,53.45788043478261,66.5,12.5,0.0,29.31,41.986921,-87.689778,9,51500.65326633166,77.5,0.2952261306532663,12.5,89.5,65.0,8.0,2.5,17.85929648241206,0.26088693467336554,68.63366834170854,0,1,0,0,0,0,0
1990,46920,89.5,65.0,77.5,2.5,23.0,4.65,1822,520,0.0,8,53.45788043478261,66.5,12.5,0.0,29.31,41.986921,-87.689778,9,51498.352586639885,77.5,0.2950778503264691,12.5,89.5,65.0,8.0,2.5,17.861878453038674,0.26075590155700523,68.63259668508286,0,0,1,0,0,0,0
1991,46920,89.5,65.0,77.5,2.5,23.0,4.65,1822,520,0.0,8,53.45788043478261,66.5,12.5,0.0,29.31,41.89923,-87.716788,9,51496.05421686747,77.5,0.294929718875502,12.5,89.5,65.0,8.0,2.5,17.8644578313253,0.2606249999999987,68.63152610441767,0,1,0,0,0,0,0
1992,46920,89.5,65.0,77.5,2.5,23.0,4.65,1822,520,0.0,8,53.45788043478261,66.5,12.5,0.0,29.31,41.89923,-87.716788,9,51493.75815353738,77.5,0.2947817360762669,12.5,89.5,65.0,8.0,2.5,17.86703462117411,0.2604942298043138,68.63045659809333,0,0,1,0,0,0,0
1993,46920,89.5,65.0,77.5,2.5,23.0,4.65,1822,520,0.0,8,53.45788043478261,66.5,12.5,0.0,29.31,41.801498,-87.763416,9,51491.46439317953,77.5,0.2946339017051153,12.5,89.5,65.0,8.0,2.5,17.869608826479443,0.2603635907723157,68.62938816449348,0,1,0,0,0,0,0
1994,46920,89.5,65.0,77.5,2.5,23.0,4.65,1822,520,0.0,8,53.45788043478261,66.5,12.5,0.0,29.31,41.801498,-87.763416,9,51489.17293233082,77.5,0.29448621553884713,12.5,89.5,65.0,8.0,2.5,17.872180451127814,0.26023308270676565,68.62832080200499,0,0,1,0,0,0,0
1995,46920,89.5,65.0,77.5,2.5,23.0,4.65,1822,520,0.0,8,53.45788043478261,66.5,12.5,0.0,29.31,41.906638,-87.701431,9,51486.883767535066,77.5,0.2943386773547094,12.5,89.5,65.0,8.0,2.5,17.874749498997996,0.2601027054108204,68.62725450901803,0,1,0,0,0,0,0
1996,46920,89.5,65.0,77.5,2.5,23.0,4.65,1822,520,0.0,8,53.45788043478261,66.5,12.5,0.0,29.31,41.906638,-87.701431,9,51484.596895343006,77.5,0.2941912869303956,12.5,89.5,65.0,8.0,2.5,17.87731597396094,0.2599724586880308,68.62618928392588,0,0,1,0,0,0,0
1997,46920,89.5,65.0,77.5,2.5,23.0,4.65,1822,520,0.0,8,53.45788043478261,66.5,12.5,0.0,29.31,41.843811,-87.686763,9,51482.31231231232,77.5,0.29404404404404405,12.5,89.5,65.0,8.0,2.5,17.87987987987988,0.25984234234234105,68.62512512512511,0,0,0,0,1,0,0
1998,46920,89.5,65.0,77.5,2.5,23.0,4.65,1822,520,0.0,8,53.45788043478261,66.5,12.5,0.0,29.31,41.837085,-87.729384,9,51480.03001500751,77.5,0.29389694847423714,12.5,89.5,65.0,8.0,2.5,17.882441220610303,0.2597123561780878,68.62406203101551,0,1,0,0,0,0,0
1999,46920,89.5,65.0,77.5,2.5,23.0,4.65,1822,520,0.0,8,53.45788043478261,66.5,12.5,0.0,29.31,41.921177,-87.79518,9,51477.75,77.5,0.29375,12.5,89.5,65.0,8.0,2.5,17.885,0.2595824999999987,68.623,0,1,0,0,0,0,0
2000,46920,89.5,65.0,77.5,2.5,23.0,4.65,1822,520,0.0,8,53.45788043478261,66.5,12.5,0.0,29.31,41.921177,-87.79518,9,51475.47226386807,77.5,0.2936031984007996,12.5,89.5,65.0,8.0,2.5,17.887556221889056,0.2594527736131921,68.62193903048475,0,0,1,0,0,0,0
2001,46920,89.5,65.0,77.5,2.5,23.0,4.65,1822,520,0.0,8,53.45788043478261,66.5,12.5,0.0,29.31,41.911824,-87.726737,9,51473.196803196806,77.5,0.2934565434565435,12.5,89.5,65.0,8.0,2.5,17.89010989010989,0.2593231768231756,68.62087912087911,0,1,0,0,0,0,0
2002,46920,89.5,65.0,77.5,2.5,23.0,4.65,1822,520,0.0,8,53.45788043478261,66.5,12.5,0.0,29.31,41.911824,-87.726737,9,51470.92361457813,77.5,0.2933100349475786,12.5,89.5,65.0,8.0,2.5,17.89266100848727,0.25919370943584497,68.6198202695956,0,0,1,0,0,0,0
2003,46920,89.5,65.0,77.5,2.5,23.0,4.65,1822,520,0.0,8,53.45788043478261,66.5,12.5,0.0,29.31,41.883284,-87.705085,9,51468.652694610784,77.5,0.2931636726546906,12.5,89.5,65.0,8.0,2.5,17.895209580838326,0.25906437125748377,68.61876247504989,0,1,0,0,0,0,0
2004,46920,89.5,65.0,77.5,2.5,23.0,4.65,1822,520,0.0,8,53.45788043478261,66.5,12.5,0.0,29.31,41.883284,-87.705085,9,51466.38403990025,77.5,0.29301745635910226,12.5,89.5,65.0,8.0,2.5,17.897755610972567,0.2589351620947618,68.61770573566085,0,0,1,0,0,0,0
2005,46920,89.5,65.0,77.5,2.5,23.0,4.65,1822,520,0.0,8,53.45788043478261,66.5,12.5,0.0,29.31,41.9216,-87.666455,9,51464.117647058825,77.5,0.2928713858424726,12.5,89.5,65.0,8.0,2.5,17.90029910269193,0.2588060817547345,68.61665004985045,0,1,0,0,0,0,0
2006,46920,89.5,65.0,77.5,2.5,23.0,4.65,1822,520,0.0,8,53.45788043478261,66.5,12.5,0.0,29.31,41.9216,-87.666455,9,51461.85351270553,77.5,0.2927254608868959,12.5,89.5,65.0,8.0,2.5,17.902840059790734,0.2586771300448418,68.61559541604386,0,0,1,0,0,0,0
2007,46920,89.5,65.0,77.5,2.5,23.0,4.65,1822,520,0.0,8,53.45788043478261,66.5,12.5,0.0,29.31,41.868142,-87.696269,9,51459.59163346613,77.5,0.2925796812749004,12.5,89.5,65.0,8.0,2.5,17.905378486055778,0.2585483067729071,68.61454183266933,0,0,1,0,0,0,0
2008,46920,89.5,65.0,77.5,2.5,23.0,4.65,1822,520,0.0,8,53.45788043478261,66.5,12.5,0.0,29.31,41.896282,-87.655232,9,51457.33200597311,77.5,0.2924340467894475,12.5,89.5,65.0,8.0,2.5,17.907914385266302,0.2584196117471366,68.6134892981583,0,1,0,0,0,0,0
2009,46920,89.5,65.0,77.5,2.5,23.0,4.65,1822,520,0.0,8,53.45788043478261,66.5,12.5,0.0,29.31,41.846283,-87.656913,9,51455.074626865666,77.5,0.2922885572139303,12.5,89.5,65.0,8.0,2.5,17.910447761194032,0.2582910447761181,68.61243781094528,0,0,1,0,0,0,0
2010,46920,89.5,65.0,77.5,2.5,23.0,4.65,1822,520,0.0,8,53.45788043478261,66.5,12.5,0.0,29.31,41.921965,-87.632085,9,51452.819492789655,77.5,0.29214321233217305,12.5,89.5,65.0,8.0,2.5,17.912978617603184,0.2581626056688202,68.61138736946792,0,1,0,0,0,0,0
2011,46920,89.5,65.0,77.5,2.5,23.0,4.65,1822,520,0.0,8,53.45788043478261,66.5,12.5,0.0,29.31,41.921965,-87.632085,9,51450.566600397615,77.5,0.29199801192842945,12.5,89.5,65.0,8.0,2.5,17.915506958250496,0.2580342942345912,68.610337972167,0,0,1,0,0,0,0
2012,46920,89.5,65.0,77.5,2.5,23.0,4.65,1822,520,0.0,8,53.45788043478261,66.5,12.5,0.0,29.31,41.823065,-87.67837800000002,9,51448.31594634873,77.5,0.291852955787382,12.5,89.5,65.0,8.0,2.5,17.91803278688525,0.2579061102831582,68.60928961748634,0,0,0,0,1,0,0
2013,46920,89.5,65.0,77.5,2.5,23.0,4.65,1822,520,0.0,8,53.45788043478261,66.5,12.5,0.0,29.31,41.801179,-87.679447,9,51446.067527308835,77.5,0.291708043694141,12.5,89.5,65.0,8.0,2.5,17.920556107249254,0.2577780536246264,68.60824230387288,0,1,0,0,0,0,0
2014,46920,89.5,65.0,77.5,2.5,23.0,4.65,1822,520,0.0,8,53.45788043478261,66.5,12.5,0.0,29.31,41.801179,-87.679447,9,51443.82133995037,77.5,0.29156327543424315,12.5,89.5,65.0,8.0,2.5,17.923076923076927,0.2576501240694776,68.60719602977667,0,0,1,0,0,0,0
2015,46920,89.5,65.0,77.5,2.5,23.0,4.65,1822,520,0.0,8,53.45788043478261,66.5,12.5,0.0,29.31,41.801179,-87.679447,9,51441.57738095238,77.5,0.2914186507936508,12.5,89.5,65.0,8.0,2.5,17.925595238095234,0.2575223214285702,68.6061507936508,0,0,0,1,0,0,0
2016,46920,89.5,65.0,77.5,2.5,23.0,4.65,1822,520,0.0,8,53.45788043478261,66.5,12.5,0.0,29.31,41.801179,-87.679447,9,51439.335647000495,77.5,0.29127416955875063,12.5,89.5,65.0,8.0,2.5,17.928111056023802,0.2573946455131371,68.60510659395142,0,0,0,0,0,0,1
2017,46920,89.5,65.0,77.5,2.5,23.0,4.65,1822,520,0.0,8,53.45788043478261,66.5,12.5,0.0,29.31,41.800737,-87.71188000000002,9,51437.09613478692,77.5,0.2911298315163528,12.5,89.5,65.0,8.0,2.5,17.930624380574827,0.2572670961347857,68.60406342913777,0,1,0,0,0,0,0
2018,46920,89.5,65.0,77.5,2.5,23.0,4.65,1822,520,0.0,8,53.45788043478261,66.5,12.5,0.0,29.31,41.800737,-87.71188000000002,9,51434.8588410104,77.5,0.29098563645369,12.5,89.5,65.0,8.0,2.5,17.933135215453195,0.2571396731054965,68.60302129767211,0,0,1,0,0,0,0
2019,46920,89.5,65.0,77.5,2.5,23.0,4.65,1822,520,0.0,8,53.45788043478261,66.5,12.5,0.0,29.31,41.82561,-87.726549,9,51432.62376237624,77.5,0.2908415841584158,12.5,89.5,65.0,8.0,2.5,17.935643564356436,0.2570123762376225,68.6019801980198,0,1,0,0,0,0,0
2020,46920,89.5,65.0,77.5,2.5,23.0,4.65,1822,520,0.0,8,53.45788043478261,66.5,12.5,0.0,29.31,41.82561,-87.726549,9,51430.39089559624,77.5,0.2906976744186047,12.5,89.5,65.0,8.0,2.5,17.938149430974764,0.2568852053438879,68.60094012864919,0,0,1,0,0,0,0
2021,46920,89.5,65.0,77.5,2.5,23.0,4.65,1822,520,0.0,8,53.45788043478261,66.5,12.5,0.0,29.31,41.778297,-87.752411,9,51428.16023738872,77.5,0.2905539070227497,12.5,89.5,65.0,8.0,2.5,17.940652818991094,0.25675816023738746,68.59990108803166,0,1,0,0,0,0,0
2022,46920,89.5,65.0,77.5,2.5,23.0,4.65,1822,520,0.0,8,53.45788043478261,66.5,12.5,0.0,29.31,41.778297,-87.752411,9,51425.9317844785,77.5,0.29041028175976275,12.5,89.5,65.0,8.0,2.5,17.94315373208107,0.2566312407315855,68.59886307464163,0,0,1,0,0,0,0
2023,46920,89.5,65.0,77.5,2.5,23.0,4.65,1822,520,0.0,8,53.45788043478261,66.5,12.5,0.0,29.31,41.778297,-87.752411,9,51423.70553359683,77.5,0.29026679841897235,12.5,89.5,65.0,8.0,2.5,17.945652173913047,0.25650444664031496,68.59782608695652,0,0,0,1,0,0,0
2024,46920,89.5,65.0,77.5,2.5,23.0,4.65,1822,520,0.0,8,53.45788043478261,66.5,12.5,0.0,29.31,41.778297,-87.752411,9,51421.48148148148,77.5,0.2901234567901235,12.5,89.5,65.0,8.0,2.5,17.94814814814815,0.2563777777777765,68.59679012345678,0,0,0,0,1,0,0
2025,46920,89.5,65.0,77.5,2.5,23.0,4.65,1822,520,0.0,8,53.45788043478261,66.5,12.5,0.0,29.31,41.77166,-87.703047,9,51419.25962487661,77.5,0.2899802566633761,12.5,89.5,65.0,8.0,2.5,17.950641658440272,0.2562512339585377,68.59575518262587,0,1,0,0,0,0,0
2026,46920,89.5,65.0,77.5,2.5,23.0,4.65,1822,520,0.0,8,53.45788043478261,66.5,12.5,0.0,29.31,41.77166,-87.703047,9,51417.03996053281,77.5,0.2898371978293044,12.5,89.5,65.0,8.0,2.5,17.95313270843611,0.25612481499753204,68.59472126295017,0,0,1,0,0,0,0
2027,46920,89.5,65.0,77.5,2.5,23.0,4.65,1822,520,0.0,8,53.45788043478261,66.5,12.5,0.0,29.31,41.759346,-87.745602,9,51414.8224852071,77.5,0.2896942800788955,12.5,89.5,65.0,8.0,2.5,17.95562130177515,0.2559985207100579,68.59368836291914,0,1,0,0,0,0,0
2028,46920,89.5,65.0,77.5,2.5,23.0,4.65,1822,520,0.0,8,53.45788043478261,66.5,12.5,0.0,29.31,41.759346,-87.745602,9,51412.60719566289,77.5,0.2895515032035485,12.5,89.5,65.0,8.0,2.5,17.9581074420897,0.255872350911778,68.59265648102513,0,0,1,0,0,0,0
2029,46920,89.5,65.0,77.5,2.5,23.0,4.65,1822,520,0.0,8,53.45788043478261,66.5,12.5,0.0,29.31,41.768388,-87.678649,9,51410.39408866995,77.5,0.2894088669950739,12.5,89.5,65.0,8.0,2.5,17.960591133004925,0.255746305418718,68.59162561576355,0,1,0,0,0,0,0
2030,46920,89.5,65.0,77.5,2.5,23.0,4.65,1822,520,0.0,8,53.45788043478261,66.5,12.5,0.0,29.31,41.768388,-87.678649,9,51408.18316100443,77.5,0.28926637124569177,12.5,89.5,65.0,8.0,2.5,17.963072378138847,0.2556203840472661,68.5905957656327,0,0,1,0,0,0,0
2031,46920,89.5,65.0,77.5,2.5,23.0,4.65,1822,520,0.0,8,53.45788043478261,66.5,12.5,0.0,29.31,41.797616,-87.797894,9,51405.97440944882,77.5,0.2891240157480315,12.5,89.5,65.0,8.0,2.5,17.965551181102363,0.255494586614172,68.58956692913385,0,1,0,0,0,0,0
2032,46920,89.5,65.0,77.5,2.5,23.0,4.65,1822,520,0.0,8,53.45788043478261,66.5,12.5,0.0,29.31,41.781416,-87.77653199999996,9,51403.767830791934,77.5,0.2889818002951304,12.5,89.5,65.0,8.0,2.5,17.96802754549926,0.2553689129365457,68.58853910477127,0,1,0,0,0,0,0
2033,46920,89.5,65.0,77.5,2.5,23.0,4.65,1822,520,0.0,8,53.45788043478261,66.5,12.5,0.0,29.31,41.891126,-87.61156,9,51401.563421828905,77.5,0.2888397246804326,12.5,89.5,65.0,8.0,2.5,17.970501474926255,0.2552433628318572,68.58751229105211,0,1,0,0,0,0,0
2034,46920,89.5,65.0,77.5,2.5,23.0,4.65,1822,520,0.0,8,53.45788043478261,66.5,12.5,0.0,29.31,41.891126,-87.61156,9,51399.36117936118,77.5,0.2886977886977887,12.5,89.5,65.0,8.0,2.5,17.972972972972972,0.2551179361179349,68.58648648648649,0,0,1,0,0,0,0
2035,46920,89.5,65.0,77.5,2.5,23.0,4.65,1822,520,0.0,8,53.45788043478261,66.5,12.5,0.0,29.31,41.891126,-87.61156,9,51397.16110019646,77.5,0.28855599214145383,12.5,89.5,65.0,8.0,2.5,17.975442043222003,0.2549926326129653,68.58546168958743,0,0,0,1,0,0,0
2036,46920,89.5,65.0,77.5,2.5,23.0,4.65,1822,520,0.0,8,53.45788043478261,66.5,12.5,0.0,29.31,41.891126,-87.61156,9,51394.96318114875,77.5,0.28841433480608736,12.5,89.5,65.0,8.0,2.5,17.977908689248896,0.2548674521354921,68.58443789887089,0,0,0,0,0,0,1
2037,46920,89.5,65.0,77.5,2.5,23.0,4.65,1822,520,0.0,8,53.45788043478261,66.5,12.5,0.0,29.31,41.999129,-87.795585,9,51392.76741903828,77.5,0.2882728164867517,12.5,89.5,65.0,8.0,2.5,17.98037291462218,0.2547423945044148,68.58341511285575,0,0,1,0,0,0,0
2038,46920,89.5,65.0,77.5,2.5,23.0,4.65,1822,520,0.0,8,53.45788043478261,66.5,12.5,0.0,29.31,41.94016,-87.794896,9,51390.57381069152,77.5,0.28813143697891125,12.5,89.5,65.0,8.0,2.5,17.982834722903387,0.2546174595389885,68.58239333006375,0,1,0,0,0,0,0
2039,46920,89.5,65.0,77.5,2.5,23.0,4.65,1822,520,0.0,8,53.45788043478261,66.5,12.5,0.0,29.31,41.94016,-87.794896,9,51388.382352941175,77.5,0.2879901960784313,12.5,89.5,65.0,8.0,2.5,17.985294117647058,0.2544926470588223,68.5813725490196,0,0,1,0,0,0,0
2040,46920,89.5,65.0,77.5,2.5,23.0,4.65,1822,520,0.0,8,53.45788043478261,66.5,12.5,0.0,29.31,41.958271,-87.702575,9,51386.19304262616,77.5,0.2878490935815777,12.5,89.5,65.0,8.0,2.5,17.987751102400782,0.2543679568838792,68.58035276825086,0,1,0,0,0,0,0
2041,46920,89.5,65.0,77.5,2.5,23.0,4.65,1822,520,0.0,8,53.45788043478261,66.5,12.5,0.0,29.31,41.958271,-87.702575,9,51384.005876591575,77.5,0.2877081292850147,12.5,89.5,65.0,8.0,2.5,17.99020568070519,0.2542433888344748,68.57933398628795,0,0,1,0,0,0,0
2042,46920,89.5,65.0,77.5,2.5,23.0,4.65,1822,520,0.0,8,53.45788043478261,66.5,12.5,0.0,29.31,42.01743,-87.68776899999996,9,51381.82085168869,77.5,0.2875673029858052,12.5,89.5,65.0,8.0,2.5,17.99265785609398,0.2541189427312763,68.57831620166422,0,1,0,0,0,0,0
2043,46920,89.5,65.0,77.5,2.5,23.0,4.65,1822,520,0.0,8,53.45788043478261,66.5,12.5,0.0,29.31,42.01743,-87.68776899999996,9,51379.63796477495,77.5,0.287426614481409,12.5,89.5,65.0,8.0,2.5,17.995107632093934,0.2539946183953021,68.57729941291585,0,0,1,0,0,0,0
2044,46920,89.5,65.0,77.5,2.5,23.0,4.65,1822,520,0.0,8,53.45788043478261,66.5,12.5,0.0,29.31,41.994469,-87.667736,9,51377.45721271393,77.5,0.28728606356968217,12.5,89.5,65.0,8.0,2.5,17.997555012224943,0.2538704156479205,68.57628361858191,0,0,1,0,0,0,0
2045,46920,89.5,65.0,77.5,2.5,23.0,4.65,1822,520,0.0,8,53.45788043478261,66.5,12.5,0.0,29.31,42.006858,-87.675919,9,51375.27859237537,77.5,0.2871456500488759,12.5,89.5,65.0,8.0,2.5,18.0,0.2537463343108492,68.57526881720429,0,0,0,0,0,0,1
2046,46920,89.5,65.0,77.5,2.5,23.0,4.65,1822,520,0.0,8,53.45788043478261,66.5,12.5,0.0,29.31,41.907645,-87.760886,9,51373.10210063508,77.5,0.2870053737176356,12.5,89.5,65.0,8.0,2.5,18.002442598925253,0.2536223742061541,68.57425500732779,0,0,1,0,0,0,0
2047,46920,89.5,65.0,77.5,2.5,23.0,4.65,1822,520,0.0,8,53.45788043478261,66.5,12.5,0.0,29.31,41.948167,-87.730698,9,51370.927734375,77.5,0.286865234375,12.5,89.5,65.0,8.0,2.5,18.0048828125,0.2534985351562488,68.5732421875,0,1,0,0,0,0,0
2048,46920,89.5,65.0,77.5,2.5,23.0,4.65,1822,520,0.0,8,53.45788043478261,66.5,12.5,0.0,29.31,41.966987,-87.674677,9,51368.75549048316,77.5,0.2867252318204002,12.5,89.5,65.0,8.0,2.5,18.007320644216694,0.25337481698389336,68.57223035627135,0,1,0,0,0,0,0
2049,46920,89.5,65.0,77.5,2.5,23.0,4.65,1822,520,0.0,8,53.45788043478261,66.5,12.5,0.0,29.31,41.966987,-87.674677,9,51366.585365853665,77.5,0.2865853658536585,12.5,89.5,65.0,8.0,2.5,18.009756097560974,0.2532512195121939,68.57121951219513,0,0,1,0,0,0,0
2050,46920,89.5,65.0,77.5,2.5,23.0,4.65,1822,520,0.0,8,53.45788043478261,66.5,12.5,0.0,29.31,41.963976,-87.69181,9,51364.41735738664,77.5,0.2864456362749878,12.5,89.5,65.0,8.0,2.5,18.012189176011702,0.2531277425646014,68.5702096538274,0,1,0,0,0,0,0
2051,46800,90.5,69.0,80.0,6.4,19.0,6.6,1821,521,0.0,11,53.45788043478261,69.0,15.0,0.0,29.275,41.781416,-87.77653199999996,9,51362.19298245613,77.5,0.28630604288499023,12.5,89.5,65.0,8.0,2.5,18.012670565302145,0.25300438596491104,68.57041910331385,0,0,1,0,0,0,0
2052,46800,90.5,69.0,80.0,6.4,19.0,6.6,1821,521,0.0,11,53.45788043478261,69.0,15.0,0.0,29.275,41.74785,-87.70271600000002,9,51359.970774476365,77.5,0.2861665854846566,12.5,89.5,65.0,8.0,2.5,18.013151485630782,0.2528811495372613,68.57062834875792,0,0,1,0,0,0,0
2053,46800,90.5,69.0,80.0,6.4,19.0,6.6,1821,521,0.0,11,53.45788043478261,69.0,15.0,0.0,29.275,41.773215,-87.60088,9,51357.75073028237,77.5,0.28602726387536515,12.5,89.5,65.0,8.0,2.5,18.01363193768257,0.25275803310613315,68.57083739045764,0,1,0,0,0,0,0
2054,46800,90.5,69.0,80.0,6.4,19.0,6.6,1821,521,0.0,11,53.45788043478261,69.0,15.0,0.0,29.275,41.773215,-87.60088,9,51355.53284671533,77.5,0.2858880778588808,12.5,89.5,65.0,8.0,2.5,18.01411192214112,0.2526350364963491,68.57104622871046,0,0,1,0,0,0,0
2055,46800,90.5,69.0,80.0,6.4,19.0,6.6,1821,521,0.0,11,53.45788043478261,69.0,15.0,0.0,29.275,41.822536,-87.66634300000004,9,51353.31712062257,77.5,0.2857490272373541,12.5,89.5,65.0,8.0,2.5,18.014591439688715,0.2525121595330727,68.57125486381322,0,1,0,0,0,0,0
2056,46800,90.5,69.0,80.0,6.4,19.0,6.6,1821,521,0.0,11,53.45788043478261,69.0,15.0,0.0,29.275,41.799282,-87.585487,9,51351.10354885756,77.5,0.2856101118133204,12.5,89.5,65.0,8.0,2.5,18.01507049100632,0.2523894020418072,68.57146329606222,0,1,0,0,0,0,0
2057,46800,90.5,69.0,80.0,6.4,19.0,6.6,1821,521,0.0,11,53.45788043478261,69.0,15.0,0.0,29.275,41.778748,-87.586427,9,51348.89212827989,77.5,0.2854713313896987,12.5,89.5,65.0,8.0,2.5,18.015549076773567,0.25226676384839525,68.57167152575316,0,1,0,0,0,0,0
2058,46800,90.5,69.0,80.0,6.4,19.0,6.6,1821,521,0.0,11,53.45788043478261,69.0,15.0,0.0,29.275,41.778748,-87.586427,9,51346.682855755214,80.0,0.28533268576979115,15.0,90.5,65.0,11.0,2.5,18.01602719766877,0.2521442447790177,68.57187955318115,0,0,1,0,0,0,0
2059,46800,90.5,69.0,80.0,6.4,19.0,6.6,1821,521,0.0,11,53.45788043478261,69.0,15.0,0.0,29.275,41.766202,-87.562889,9,51344.47572815534,80.0,0.28519417475728154,15.0,90.5,65.0,11.0,2.5,18.016504854368925,0.2520218446601929,68.57208737864077,0,1,0,0,0,0,0
2060,46800,90.5,69.0,80.0,6.4,19.0,6.6,1821,521,0.0,11,53.45788043478261,69.0,15.0,0.0,29.275,41.766202,-87.562889,9,51342.27074235809,80.0,0.28505579815623483,15.0,90.5,65.0,11.0,2.5,18.016982047549728,0.25189956331877605,68.572295002426,0,0,1,0,0,0,0
2061,46800,90.5,69.0,80.0,6.4,19.0,6.6,1821,521,0.0,11,53.45788043478261,69.0,15.0,0.0,29.275,41.766202,-87.562889,9,51340.06789524733,80.0,0.284917555771096,15.0,90.5,69.0,11.0,2.5,18.017458777885548,0.251777400581958,68.57250242483026,0,0,0,0,0,0,1
2062,46800,90.5,69.0,80.0,6.4,19.0,6.6,1821,521,0.0,11,53.45788043478261,69.0,15.0,0.0,29.275,41.754676,-87.612922,9,51337.86718371304,80.0,0.2847794474066893,15.0,90.5,69.0,11.0,2.5,18.01793504604944,0.2516553562772649,68.57270964614641,0,0,1,0,0,0,0
2063,46800,90.5,69.0,80.0,6.4,19.0,6.6,1821,521,0.0,11,53.45788043478261,69.0,15.0,0.0,29.275,41.821582,-87.62779599999998,9,51335.66860465116,80.0,0.28464147286821706,15.0,90.5,69.0,11.0,2.5,18.018410852713174,0.2515334302325569,68.57291666666667,0,0,1,0,0,0,0
2064,46800,90.5,69.0,80.0,6.4,19.0,6.6,1821,521,0.0,11,53.45788043478261,69.0,15.0,0.0,29.275,41.803423,-87.642984,9,51333.47215496368,80.0,0.2845036319612591,15.0,90.5,69.0,11.0,2.5,18.01888619854721,0.2514116222760278,68.5731234866828,0,1,0,0,0,0,0
2065,46800,90.5,69.0,80.0,6.4,19.0,6.6,1821,521,0.0,11,53.45788043478261,69.0,15.0,0.0,29.275,41.754292,-87.590773,9,51331.27783155857,80.0,0.2843659244917716,15.0,90.5,69.0,11.0,2.5,18.01936108422072,0.25128993223620394,68.57333010648597,0,1,0,0,0,0,0
2066,46800,90.5,69.0,80.0,6.4,19.0,6.6,1821,521,0.0,11,53.45788043478261,69.0,15.0,0.0,29.275,41.692555,-87.598865,9,51329.085631349786,80.0,0.2842283502660861,15.0,90.5,69.0,11.0,2.5,18.019835510401553,0.25116835994194364,68.57353652636671,0,1,0,0,0,0,0
2067,46800,90.5,69.0,80.0,6.4,19.0,6.6,1821,521,0.0,11,53.45788043478261,69.0,15.0,0.0,29.275,41.721474,-87.648064,9,51326.89555125724,80.0,0.2840909090909091,15.0,90.5,69.0,11.0,2.5,18.020309477756285,0.2510469052224359,68.57374274661508,0,1,0,0,0,0,0
2068,46800,90.5,69.0,80.0,6.4,19.0,6.6,1821,521,0.0,11,53.45788043478261,69.0,15.0,0.0,29.275,41.721474,-87.648064,9,51324.70758820687,80.0,0.28395360077332044,15.0,90.5,69.0,11.0,2.5,18.020782986950213,0.25092556790720033,68.57394876752055,0,0,1,0,0,0,0
2069,46800,90.5,69.0,80.0,6.4,19.0,6.6,1821,521,0.0,11,53.45788043478261,69.0,15.0,0.0,29.275,41.688324,-87.676709,9,51322.52173913043,80.0,0.2838164251207729,15.0,90.5,69.0,11.0,2.5,18.021256038647344,0.2508043478260857,68.574154589372,0,1,0,0,0,0,0
2070,46800,90.5,69.0,80.0,6.4,19.0,6.6,1821,521,0.0,11,53.45788043478261,69.0,15.0,0.0,29.275,41.688324,-87.676709,9,51320.33800096572,80.0,0.2836793819410913,15.0,90.5,69.0,11.0,2.5,18.02172863351038,0.2506832448092697,68.57436021245775,0,0,1,0,0,0,0
2071,46800,90.5,69.0,80.0,6.4,19.0,6.6,1821,521,0.0,11,53.45788043478261,69.0,15.0,0.0,29.275,41.869107,-87.69629300000004,9,51318.15637065637,80.0,0.28354247104247104,15.0,90.5,69.0,11.0,2.5,18.022200772200765,0.25056225868725746,68.57456563706563,0,1,0,0,0,0,0
2072,46800,90.5,69.0,80.0,6.4,19.0,6.6,1821,521,0.0,11,53.45788043478261,69.0,15.0,0.0,29.275,41.869107,-87.69629300000004,9,51315.97684515196,80.0,0.2834056922334781,15.0,90.5,69.0,11.0,2.5,18.02267245537868,0.2504413892908816,68.57477086348287,0,0,1,0,0,0,0
2073,46800,90.5,69.0,80.0,6.4,19.0,6.6,1821,521,0.0,11,53.45788043478261,69.0,15.0,0.0,29.275,41.723195,-87.64997,9,51313.79942140791,80.0,0.28326904532304725,15.0,90.5,69.0,11.0,2.5,18.02314368370299,0.2503206364513006,68.57497589199615,0,1,0,0,0,0,0
2074,46800,90.5,69.0,80.0,6.4,19.0,6.6,1821,521,0.0,11,53.45788043478261,69.0,15.0,0.0,29.275,41.723195,-87.64997,9,51311.624096385545,80.0,0.28313253012048195,15.0,90.5,69.0,11.0,2.5,18.02361445783132,0.2501999999999988,68.57518072289156,0,0,1,0,0,0,0
2075,46800,90.5,69.0,80.0,6.4,19.0,6.6,1821,521,0.0,11,53.45788043478261,69.0,15.0,0.0,29.275,41.868077,-87.666901,9,51309.45086705202,80.0,0.2829961464354528,15.0,90.5,69.0,11.0,2.5,18.02408477842004,0.2500794797687849,68.57538535645472,0,0,1,0,0,0,0
2076,46800,90.5,69.0,80.0,6.4,19.0,6.6,1821,521,0.0,11,53.45788043478261,69.0,15.0,0.0,29.275,41.862292,-87.64886,9,51307.27973038035,80.0,0.2828598940779971,15.0,90.5,69.0,11.0,2.5,18.02455464612422,0.2499590755897917,68.57558979297063,0,1,0,0,0,0,0
2077,46800,90.5,69.0,80.0,6.4,19.0,6.6,1821,521,0.0,11,53.45788043478261,69.0,15.0,0.0,29.275,41.862292,-87.64886,9,51305.110683349376,80.0,0.2827237728585178,15.0,90.5,69.0,11.0,2.5,18.02502406159769,0.2498387872954752,68.57579403272378,0,0,1,0,0,0,0
2078,46800,90.5,69.0,80.0,6.4,19.0,6.6,1821,521,0.0,11,53.45788043478261,69.0,15.0,0.0,29.275,41.720848,-87.666014,9,51302.94372294373,80.0,0.2825877825877826,15.0,90.5,69.0,11.0,2.5,18.025493025493027,0.2497186147186135,68.57599807599807,0,1,0,0,0,0,0
2079,46800,90.5,69.0,80.0,6.4,19.0,6.6,1821,521,0.0,11,53.45788043478261,69.0,15.0,0.0,29.275,41.731922,-87.677512,9,51300.77884615384,80.0,0.2824519230769231,15.0,90.5,69.0,11.0,6.4,18.025961538461534,0.2495985576923065,68.57620192307692,0,1,0,0,0,0,0
2080,46800,90.5,69.0,80.0,6.4,19.0,6.6,1821,521,0.0,11,53.45788043478261,69.0,15.0,0.0,29.275,41.731922,-87.677512,9,51298.616049975964,80.0,0.2823161941374339,15.0,90.5,69.0,11.0,6.4,18.026429601153293,0.2494786160499748,68.57640557424314,0,0,1,0,0,0,0
2081,46800,90.5,69.0,80.0,6.4,19.0,6.6,1821,521,0.0,11,53.45788043478261,69.0,15.0,0.0,29.275,41.644612,-87.60449799999998,9,51296.4553314121,80.0,0.2821805955811719,15.0,90.5,69.0,11.0,6.4,18.026897214217094,0.24935878962535898,68.57660902977906,0,0,1,0,0,0,0
2082,46800,90.5,69.0,80.0,6.4,19.0,6.6,1821,521,0.0,11,53.45788043478261,69.0,15.0,0.0,29.275,41.733643,-87.55551,9,51294.29668746999,80.0,0.28204512722035524,15.0,90.5,69.0,11.0,6.4,18.027364378300533,0.2492390782525192,68.5768122899664,0,0,1,0,0,0,0
2083,46800,90.5,69.0,80.0,6.4,19.0,6.6,1821,521,0.0,11,53.45788043478261,69.0,15.0,0.0,29.275,41.717753,-87.531657,9,51292.14011516315,80.0,0.2819097888675624,15.0,90.5,69.0,11.0,6.4,18.02783109404991,0.2491194817658337,68.57701535508636,0,1,0,0,0,0,0
2084,46800,90.5,69.0,80.0,6.4,19.0,6.6,1821,521,0.0,11,53.45788043478261,69.0,15.0,0.0,29.275,41.717753,-87.531657,9,51289.98561151079,80.0,0.28177458033573144,15.0,90.5,69.0,11.0,6.4,18.028297362110308,0.2489999999999988,68.57721822541967,0,0,1,0,0,0,0
2085,46800,90.5,69.0,80.0,6.4,19.0,6.6,1821,521,0.0,11,53.45788043478261,69.0,15.0,0.0,29.275,41.750498,-87.605294,9,51287.833173537874,80.0,0.28163950143815913,15.0,90.5,69.0,11.0,6.4,18.0287631831256,0.24888063279002756,68.5774209012464,0,1,0,0,0,0,0
2086,46800,90.5,69.0,80.0,6.4,19.0,6.6,1821,521,0.0,11,53.45788043478261,69.0,15.0,0.0,29.275,41.750498,-87.605294,9,51285.68279827503,80.0,0.2815045519885002,15.0,90.5,69.0,11.0,6.4,18.029228557738378,0.2487613799712494,68.57762338284618,0,0,1,0,0,0,0
2087,46800,90.5,69.0,80.0,6.4,19.0,6.6,1821,521,0.0,11,53.45788043478261,69.0,15.0,0.0,29.275,41.702724,-87.536497,9,51283.53448275862,80.0,0.2813697318007663,15.0,90.5,69.0,11.0,6.4,18.02969348659004,0.24864224137930915,68.5778256704981,0,1,0,0,0,0,0
2088,46800,90.5,69.0,80.0,6.4,19.0,6.6,1821,521,0.0,11,53.45788043478261,69.0,15.0,0.0,29.275,41.702724,-87.536497,9,51281.38822403064,80.0,0.28123504068932503,15.0,90.5,69.0,11.0,6.4,18.030157970320726,0.2485232168501663,68.57802776448061,0,0,1,0,0,0,0
2089,46800,90.5,69.0,80.0,6.4,19.0,6.6,1821,521,0.0,11,53.45788043478261,69.0,15.0,0.0,29.275,41.729669,-87.582699,9,51279.24401913876,80.0,0.2811004784688995,15.0,90.5,69.0,11.0,6.4,18.030622009569374,0.2484043062200945,68.57822966507177,0,1,0,0,0,0,0
2090,46800,90.5,69.0,80.0,6.4,19.0,6.6,1821,521,0.0,11,53.45788043478261,69.0,15.0,0.0,29.275,41.729669,-87.582699,9,51277.1018651363,80.0,0.2809660449545672,15.0,90.5,69.0,11.0,6.4,18.031085604973697,0.2482855093256803,68.57843137254902,0,0,1,0,0,0,0
2091,46800,90.5,69.0,80.0,6.4,19.0,6.6,1821,521,0.0,11,53.45788043478261,69.0,15.0,0.0,29.275,41.798697,-87.736812,9,51274.961759082216,80.0,0.2808317399617591,15.0,90.5,69.0,11.0,6.4,18.03154875717017,0.2481668260038229,68.57863288718929,0,1,0,0,0,0,0
2092,46800,90.5,69.0,80.0,6.4,19.0,6.6,1821,521,0.0,11,53.45788043478261,69.0,15.0,0.0,29.275,41.798697,-87.736812,9,51272.82369804109,80.0,0.2806975633062589,15.0,90.5,69.0,11.0,6.4,18.032011466794074,0.24804825609173314,68.57883420926899,0,0,1,0,0,0,0
2093,46800,90.5,69.0,80.0,6.4,19.0,6.6,1821,521,0.0,11,53.45788043478261,69.0,15.0,0.0,29.275,41.798697,-87.736812,9,51270.68767908309,80.0,0.2805635148042025,15.0,90.5,69.0,11.0,6.4,18.032473734479467,0.2479297994269329,68.57903533906399,0,0,0,1,0,0,0
2094,46800,90.5,69.0,80.0,6.4,19.0,6.6,1821,521,0.0,11,53.45788043478261,69.0,15.0,0.0,29.275,41.673408,-87.599862,9,51268.553699284006,80.0,0.2804295942720764,15.0,90.5,69.0,11.0,6.4,18.032935560859187,0.24781145584725414,68.57923627684964,0,1,0,0,0,0,0
2095,46800,90.5,69.0,80.0,6.4,19.0,6.6,1821,521,0.0,11,53.45788043478261,69.0,15.0,0.0,29.275,41.662014,-87.72460799999998,9,51266.42175572518,80.0,0.2802958015267176,15.0,90.5,69.0,11.0,6.4,18.033396946564885,0.2476932251908385,68.57943702290076,0,1,0,0,0,0,0
2096,46800,90.5,69.0,80.0,6.4,19.0,6.6,1821,521,0.0,11,53.45788043478261,69.0,15.0,0.0,29.275,41.662014,-87.72460799999998,9,51264.291845493564,80.0,0.28016213638531234,15.0,90.5,69.0,11.0,6.4,18.03385789222699,0.2475751072961361,68.57963757749165,0,0,1,0,0,0,0
2097,46800,90.5,69.0,80.0,6.4,19.0,6.6,1821,521,0.0,11,53.45788043478261,69.0,15.0,0.0,29.275,41.72646500000001,-87.585413,9,51262.163965681604,80.0,0.2800285986653956,15.0,90.5,69.0,11.0,6.4,18.03431839847474,0.24745710200190535,68.5798379408961,0,1,0,0,0,0,0
2098,46800,90.5,69.0,80.0,6.4,19.0,6.6,1821,521,0.0,11,53.45788043478261,69.0,15.0,0.0,29.275,41.72646500000001,-87.585413,9,51260.03811338733,80.0,0.27989518818484993,15.0,90.5,69.0,11.0,6.4,18.03477846593616,0.2473392091472117,68.58003811338733,0,0,1,0,0,0,0
2099,46800,90.5,69.0,80.0,6.4,19.0,6.6,1821,521,0.0,11,53.45788043478261,69.0,15.0,0.0,29.275,41.776156,-87.778927,9,51257.91428571429,80.0,0.2797619047619048,15.0,90.5,69.0,11.0,6.4,18.035238095238093,0.24722142857142734,68.5802380952381,0,1,0,0,0,0,0
2100,46800,90.5,69.0,80.0,6.4,19.0,6.6,1821,521,0.0,11,53.45788043478261,69.0,15.0,0.0,29.275,41.776156,-87.778927,9,51255.79247977153,80.0,0.2796287482151357,15.0,90.5,69.0,11.0,6.4,18.035697287006187,0.2471037601142301,68.5804378867206,0,0,1,0,0,0,0
2101,46800,90.5,69.0,80.0,6.4,19.0,6.6,1821,521,0.0,11,53.45788043478261,69.0,15.0,0.0,29.275,41.772846,-87.740029,9,51253.67269267365,80.0,0.2794957183634634,15.0,90.5,69.0,11.0,6.4,18.036156041864885,0.24698620361560295,68.58063748810656,0,1,0,0,0,0,0
2102,46800,90.5,69.0,80.0,6.4,19.0,6.6,1821,521,0.0,11,53.45788043478261,69.0,15.0,0.0,29.275,41.772846,-87.740029,9,51251.554921540665,80.0,0.2793628150261531,15.0,90.5,69.0,11.0,6.4,18.036614360437472,0.2468687589158333,68.58083689966715,0,0,1,0,0,0,0
2103,46800,90.5,69.0,80.0,6.4,19.0,6.6,1821,521,0.0,11,53.45788043478261,69.0,15.0,0.0,29.275,41.825902,-87.667827,9,51249.43916349809,80.0,0.2792300380228137,15.0,90.5,69.0,11.0,6.4,18.037072243346007,0.2467514258555121,68.58103612167301,0,1,0,0,0,0,0
2104,46800,90.5,69.0,80.0,6.4,19.0,6.6,1821,521,0.0,11,53.45788043478261,69.0,15.0,0.0,29.275,41.682587,-87.707973,9,51247.32541567696,80.0,0.27909738717339666,15.0,90.5,69.0,11.0,6.4,18.037529691211397,0.24663420427553326,68.58123515439429,0,1,0,0,0,0,0
2105,46800,90.5,69.0,80.0,6.4,19.0,6.6,1821,521,0.0,11,53.45788043478261,69.0,15.0,0.0,29.275,41.682587,-87.707973,9,51245.21367521367,80.0,0.2789648622981956,15.0,90.5,69.0,11.0,6.4,18.03798670465337,0.2465170940170928,68.58143399810065,0,0,1,0,0,0,0
2106,46800,90.5,69.0,80.0,6.4,19.0,6.6,1821,521,0.0,11,53.45788043478261,69.0,15.0,0.0,29.275,41.903002,-87.68826700000002,9,51243.10393925012,80.0,0.2788324632178453,15.0,90.5,69.0,11.0,6.4,18.038443284290462,0.2464000949216884,68.58163265306122,0,1,0,0,0,0,0
2107,46800,90.5,69.0,80.0,6.4,19.0,6.6,1821,521,0.0,11,53.45788043478261,69.0,15.0,0.0,29.275,41.719059,-87.675088,9,51240.99620493358,80.0,0.2787001897533207,15.0,90.5,69.0,11.0,6.4,18.038899430740038,0.24628320683111835,68.58183111954459,0,1,0,0,0,0,0
2108,46800,90.5,69.0,80.0,6.4,19.0,6.6,1821,521,0.0,11,53.45788043478261,69.0,15.0,0.0,29.275,41.725517,-87.61425799999998,9,51238.89046941679,80.0,0.2785680417259365,15.0,90.5,69.0,11.0,6.4,18.039355144618305,0.24616642958748106,68.58202939781887,0,1,0,0,0,0,0
2109,46620,83.0,73.5,78.5,12.35,20.0,12.55,1819,522,0.0,11,53.45788043478261,70.0,13.5,0.13,29.24,41.673408,-87.599862,9,51236.70142180095,80.0,0.278436018957346,15.0,90.5,69.0,11.0,6.4,18.040284360189574,0.2461113744075817,68.58270142180096,0,1,0,0,0,0,0
2110,46620,83.0,73.5,78.5,12.35,20.0,12.55,1819,522,0.0,11,53.45788043478261,70.0,13.5,0.13,29.24,41.673408,-87.599862,9,51234.514448128844,80.0,0.2783041212695405,15.0,90.5,69.0,11.0,6.4,18.041212695405022,0.24605637138796654,68.58337280909521,0,0,1,0,0,0,0
2111,46620,83.0,73.5,78.5,12.35,20.0,12.55,1819,522,0.0,11,53.45788043478261,70.0,13.5,0.13,29.24,41.673408,-87.599862,9,51232.329545454544,80.0,0.2781723484848485,15.0,90.5,69.0,11.0,6.4,18.042140151515152,0.24600142045454426,68.58404356060606,0,0,0,1,0,0,0
2112,46620,83.0,73.5,78.5,12.35,20.0,12.55,1819,522,0.0,11,53.45788043478261,70.0,13.5,0.13,29.24,41.673408,-87.599862,9,51230.146710837675,80.0,0.2780407004259347,15.0,90.5,69.0,11.0,6.4,18.043066729768103,0.2459465215333637,68.58471367723615,0,0,0,0,0,0,1
2113,46620,83.0,73.5,78.5,12.35,20.0,12.55,1819,522,0.0,11,53.45788043478261,70.0,13.5,0.13,29.24,41.704572,-87.56566600000002,9,51227.96594134343,80.0,0.2779091769157994,15.0,90.5,69.0,11.0,6.4,18.04399243140965,0.2458916745506137,68.58538315988648,0,1,0,0,0,0,0
2114,46620,83.0,73.5,78.5,12.35,20.0,12.55,1819,522,0.0,11,53.45788043478261,70.0,13.5,0.13,29.24,41.704572,-87.56566600000002,9,51225.787234042546,80.0,0.2777777777777778,15.0,90.5,69.0,11.0,6.4,18.044917257683217,0.2458368794326229,68.58605200945627,0,0,1,0,0,0,0
2115,46620,83.0,73.5,78.5,12.35,20.0,12.55,1819,522,0.0,11,53.45788043478261,70.0,13.5,0.13,29.24,41.704572,-87.56566600000002,9,51223.610586011346,80.0,0.2776465028355388,15.0,90.5,69.0,11.0,6.4,18.045841209829867,0.2457821361058589,68.5867202268431,0,0,0,1,0,0,0
2116,46620,83.0,73.5,78.5,12.35,20.0,12.55,1819,522,0.0,11,53.45788043478261,70.0,13.5,0.13,29.24,41.72646500000001,-87.585413,9,51221.4359943316,78.5,0.2775153519130846,13.5,83.0,69.0,11.0,6.4,18.046764289088333,0.2457274444969284,68.58738781294285,0,1,0,0,0,0,0
2117,46620,83.0,73.5,78.5,12.35,20.0,12.55,1819,522,0.0,11,53.45788043478261,70.0,13.5,0.13,29.24,41.72646500000001,-87.585413,9,51219.26345609065,78.5,0.2773843248347498,13.5,83.0,69.0,11.0,6.4,18.047686496695,0.2456728045325767,68.58805476864967,0,0,1,0,0,0,0
2118,46620,83.0,73.5,78.5,12.35,20.0,12.55,1819,522,0.0,11,53.45788043478261,70.0,13.5,0.13,29.24,41.72646500000001,-87.585413,9,51217.09296838131,78.5,0.2772534214252005,13.5,83.0,69.0,11.0,6.4,18.048607833883906,0.2456182161396873,68.58872109485607,0,0,0,1,0,0,0
2119,46620,83.0,73.5,78.5,12.35,20.0,12.55,1819,522,0.0,11,53.45788043478261,70.0,13.5,0.13,29.24,41.678618,-87.559308,9,51214.92452830188,78.5,0.27712264150943394,13.5,83.0,73.5,11.0,6.4,18.049528301886788,0.2455636792452818,68.58938679245283,0,1,0,0,0,0,0
2120,46620,83.0,73.5,78.5,12.35,20.0,12.55,1819,522,0.0,11,53.45788043478261,70.0,13.5,0.13,29.24,41.678618,-87.559308,9,51212.75813295615,78.5,0.276991984912777,13.5,83.0,73.5,11.0,6.4,18.05044790193305,0.2455091937765193,68.59005186232909,0,0,1,0,0,0,0
2121,46620,83.0,73.5,78.5,12.35,20.0,12.55,1819,522,0.0,11,53.45788043478261,70.0,13.5,0.13,29.24,41.678618,-87.559308,9,51210.59377945335,78.5,0.276861451460886,13.5,83.0,73.5,11.0,6.4,18.051366635249764,0.24545475966069624,68.5907163053723,0,0,0,0,1,0,0
2122,46620,83.0,73.5,78.5,12.35,20.0,12.55,1819,522,0.0,11,53.45788043478261,70.0,13.5,0.13,29.24,41.737052,-87.54306700000002,9,51208.43146490816,78.5,0.2767310409797457,13.5,83.0,73.5,11.0,6.4,18.052284503061703,0.2454003768252461,68.59138012246821,0,1,0,0,0,0,0
2123,46620,83.0,73.5,78.5,12.35,20.0,12.55,1819,522,0.0,11,53.45788043478261,70.0,13.5,0.13,29.24,41.740641,-87.546587,9,51206.27118644068,78.5,0.2766007532956685,13.5,83.0,73.5,11.0,6.4,18.053201506591336,0.2453460451977389,68.59204331450094,0,1,0,0,0,0,0
2124,46620,83.0,73.5,78.5,12.35,20.0,12.55,1819,522,0.0,11,53.45788043478261,70.0,13.5,0.13,29.24,41.740641,-87.546587,9,51204.11294117646,78.5,0.2764705882352941,13.5,83.0,73.5,11.0,6.4,18.054117647058824,0.24529176470588115,68.59270588235293,0,0,1,0,0,0,0
2125,46620,83.0,73.5,78.5,12.35,20.0,12.55,1819,522,0.0,11,53.45788043478261,70.0,13.5,0.13,29.24,41.680946,-87.535198,9,51201.95672624646,78.5,0.276340545625588,13.5,83.0,73.5,11.0,6.4,18.05503292568203,0.24523753527751524,68.59336782690498,0,1,0,0,0,0,0
2126,46620,83.0,73.5,78.5,12.35,20.0,12.55,1819,522,0.0,11,53.45788043478261,70.0,13.5,0.13,29.24,41.680946,-87.535198,9,51199.80253878702,78.5,0.2762106252938411,13.5,83.0,73.5,11.0,6.4,18.05594734367654,0.24518335684061934,68.5940291490362,0,0,1,0,0,0,0
2127,46620,83.0,73.5,78.5,12.35,20.0,12.55,1819,522,0.0,11,53.45788043478261,70.0,13.5,0.13,29.24,41.686398,-87.531635,9,51197.650375939855,78.5,0.2760808270676692,13.5,83.0,73.5,11.0,6.4,18.05686090225564,0.24512922932330705,68.59468984962406,0,1,0,0,0,0,0
2128,46620,83.0,73.5,78.5,12.35,20.0,12.55,1819,522,0.0,11,53.45788043478261,70.0,13.5,0.13,29.24,41.686398,-87.531635,9,51195.50023485204,78.5,0.27595115077501176,13.5,83.0,73.5,11.0,6.4,18.057773602630338,0.24507515265382684,68.59534992954438,0,0,1,0,0,0,0
2129,46620,83.0,73.5,78.5,12.35,20.0,12.55,1819,522,0.0,11,53.45788043478261,70.0,13.5,0.13,29.24,41.686398,-87.531635,9,51193.35211267605,78.5,0.27582159624413144,13.5,83.0,73.5,11.0,6.4,18.058685446009385,0.2450211267605621,68.59600938967137,0,0,0,0,1,0,0
2130,46620,83.0,73.5,78.5,12.35,20.0,12.55,1819,522,0.0,11,53.45788043478261,70.0,13.5,0.13,29.24,41.659112,-87.53869300000002,9,51191.206006569686,78.5,0.2756921633036133,13.5,83.0,73.5,11.0,6.4,18.05959643359925,0.2449671515720307,68.59666823087753,0,1,0,0,0,0,0
2131,46620,83.0,73.5,78.5,12.35,20.0,12.55,1819,522,0.0,11,53.45788043478261,70.0,13.5,0.13,29.24,41.659112,-87.53869300000002,9,51189.06191369607,78.5,0.275562851782364,13.5,83.0,73.5,11.0,6.4,18.06050656660413,0.2449132270168843,68.59732645403379,0,0,1,0,0,0,0
2132,45660,66.5,46.0,56.5,1.85,4.0,5.8,1809,528,8.5,-8,53.45788043478261,49.5,0.0,0.0,29.43,41.953705,-87.733974,9,51186.46976090014,78.5,0.27941865916549463,13.5,83.0,73.5,11.0,6.4,18.053914674167842,0.2447984060009364,68.5883731833099,0,0,1,0,0,0,0
2133,45660,66.5,46.0,56.5,1.85,4.0,5.8,1809,528,8.5,-8,53.45788043478261,49.5,0.0,0.0,29.43,41.95469,-87.800991,9,51183.88003748829,78.5,0.2832708528584817,13.5,83.0,73.5,11.0,6.4,18.047328959700085,0.2446836925960625,68.5794283036551,0,1,0,0,0,0,0
2134,45660,66.5,46.0,56.5,1.85,4.0,5.8,1809,528,8.5,-8,53.45788043478261,49.5,0.0,0.0,29.43,41.95469,-87.800991,9,51181.29274004683,78.5,0.28711943793911004,13.5,83.0,73.5,11.0,6.4,18.040749414519905,0.24456908665105265,68.57049180327867,0,0,1,0,0,0,0
2135,45660,66.5,46.0,56.5,1.85,4.0,5.8,1809,528,8.5,-8,53.45788043478261,49.5,0.0,0.0,29.43,41.964242,-87.757639,9,51178.70786516854,78.5,0.29096441947565543,13.5,83.0,73.5,11.0,6.4,18.034176029962552,0.24445458801498005,68.561563670412,0,0,1,0,0,0,0
2136,45660,66.5,46.0,56.5,1.85,4.0,5.8,1809,528,8.5,-8,53.45788043478261,49.5,0.0,0.0,29.43,41.96272800000001,-87.748367,9,51176.12540945251,78.5,0.2948058025269069,13.5,83.0,73.5,11.0,6.4,18.027608797379504,0.2443401965372005,68.55264389330836,0,1,0,0,0,0,0
2137,45660,66.5,46.0,56.5,1.85,4.0,5.8,1809,528,8.5,-8,53.45788043478261,49.5,0.0,0.0,29.43,41.96272800000001,-87.748367,9,51173.54536950421,78.5,0.2986435921421889,13.5,83.0,73.5,11.0,12.35,18.02104770813845,0.24422591206735145,68.54373246024322,0,0,1,0,0,0,0
2138,45660,66.5,46.0,56.5,1.85,4.0,5.8,1809,528,8.5,-8,53.45788043478261,49.5,0.0,0.0,29.43,41.994991,-87.769279,9,51170.967741935485,78.5,0.3024777933613838,13.5,83.0,73.5,11.0,12.35,18.014492753623188,0.2441117344553517,68.5348293595138,0,1,0,0,0,0,0
2139,45660,66.5,46.0,56.5,1.85,4.0,5.8,1809,528,8.5,-8,53.45788043478261,49.5,0.0,0.0,29.43,41.994991,-87.769279,9,51168.392523364484,56.5,0.3063084112149533,0.0,66.5,73.5,-8.0,12.35,18.007943925233647,0.24399766355140065,68.52593457943925,0,0,1,0,0,0,0
2140,45660,66.5,46.0,56.5,1.85,4.0,5.8,1809,528,8.5,-8,53.45788043478261,49.5,0.0,0.0,29.43,42.008314,-87.77792099999998,9,51165.819710415686,56.5,0.3101354507239608,0.0,66.5,73.5,-8.0,12.35,18.0014012143858,0.2438836992059773,68.51704810836058,0,1,0,0,0,0,0
2141,45660,66.5,46.0,56.5,1.85,4.0,5.8,1809,528,8.5,-8,53.45788043478261,49.5,0.0,0.0,29.43,42.008314,-87.77792099999998,9,51163.24929971989,56.5,0.31395891690009337,0.0,66.5,73.5,-8.0,12.35,17.994864612511673,0.24376984126984005,68.50816993464052,0,0,1,0,0,0,0
2142,45660,66.5,46.0,56.5,1.85,4.0,5.8,1809,528,8.5,-8,53.45788043478261,49.5,0.0,0.0,29.43,41.98196400000001,-87.812827,9,51160.68128791414,56.5,0.31777881474568365,0.0,66.5,46.0,-8.0,12.35,17.988334111059267,0.24365608959402585,68.49930004666355,0,1,0,0,0,0,0
2143,45660,66.5,46.0,56.5,1.85,4.0,5.8,1809,528,8.5,-8,53.45788043478261,49.5,0.0,0.0,29.43,41.99247800000001,-87.862995,9,51158.11567164179,56.5,0.3215951492537313,0.0,66.5,46.0,-8.0,12.35,17.981809701492537,0.2435424440298495,68.49043843283582,0,1,0,0,0,0,0
2144,45660,66.5,46.0,56.5,1.85,4.0,5.8,1809,528,8.5,-8,53.45788043478261,49.5,0.0,0.0,29.43,41.944869,-87.832763,9,51155.55244755245,56.5,0.3254079254079254,0.0,66.5,46.0,-8.0,12.35,17.975291375291377,0.2434289044289032,68.48158508158507,0,1,0,0,0,0,0
2145,45660,66.5,46.0,56.5,1.85,4.0,5.8,1809,528,8.5,-8,53.45788043478261,49.5,0.0,0.0,29.43,41.944869,-87.832763,9,51152.991612301965,56.5,0.3292171481826654,0.0,66.5,46.0,-8.0,12.35,17.96877912395154,0.2433154706430556,68.47273998136069,0,0,1,0,0,0,0
2146,45660,66.5,46.0,56.5,1.85,4.0,5.8,1809,528,8.5,-8,53.45788043478261,49.5,0.0,0.0,29.43,41.991429,-87.747113,9,51150.4331625524,56.5,0.3330228225430833,0.0,66.5,46.0,-8.0,12.35,17.96227293898463,0.2432021425244515,68.46390312063345,0,0,1,0,0,0,0
2147,45660,66.5,46.0,56.5,1.85,4.0,5.8,1809,528,8.5,-8,53.45788043478261,49.5,0.0,0.0,29.43,41.923738,-87.785288,9,51147.877094972064,56.5,0.3368249534450652,0.0,66.5,46.0,-8.0,12.35,17.955772811918067,0.2430889199255109,68.45507448789571,0,1,0,0,0,0,0
2148,45660,66.5,46.0,56.5,1.85,4.0,5.8,1809,528,8.5,-8,53.45788043478261,49.5,0.0,0.0,29.43,41.923738,-87.785288,9,51145.32340623546,56.5,0.3406235458352722,0.0,66.5,46.0,-8.0,12.35,17.94927873429502,0.2429758026989285,68.44625407166124,0,0,1,0,0,0,0
2149,45660,66.5,46.0,56.5,1.85,4.0,5.8,1809,528,8.5,-8,53.45788043478261,49.5,0.0,0.0,29.43,41.970248,-87.787992,9,51142.77209302325,56.5,0.3444186046511628,0.0,66.5,46.0,-8.0,12.35,17.942790697674422,0.2428627906976732,68.43744186046511,0,1,0,0,0,0,0
2150,45660,66.5,46.0,56.5,1.85,4.0,5.8,1809,528,8.5,-8,53.45788043478261,49.5,0.0,0.0,29.43,41.970248,-87.787992,9,51140.22315202232,56.5,0.3482101348210135,0.0,66.5,46.0,-8.0,12.35,17.93630869363087,0.2427498837749872,68.42863784286378,0,0,1,0,0,0,0
2151,45660,66.5,46.0,56.5,1.85,4.0,5.8,1809,528,8.5,-8,53.45788043478261,49.5,0.0,0.0,29.43,41.974089,-87.824812,9,51137.67657992565,56.5,0.3519981412639405,0.0,66.5,46.0,-8.0,12.35,17.929832713754646,0.2426370817843854,68.41984200743494,0,0,1,0,0,0,0
2152,45660,66.5,46.0,56.5,1.85,4.0,5.8,1809,528,8.5,-8,53.45788043478261,49.5,0.0,0.0,29.43,42.010412,-87.66214000000002,9,51135.132373432425,56.5,0.355782628889921,0.0,66.5,46.0,-8.0,12.35,17.92336274965165,0.24252438457965506,68.41105434277752,0,0,1,0,0,0,0
2153,45660,66.5,46.0,56.5,1.85,4.0,5.8,1809,528,8.5,-8,53.45788043478261,49.5,0.0,0.0,29.43,41.94983,-87.69845699999998,9,51132.59052924791,56.5,0.3595636025998143,0.0,66.5,46.0,-8.0,12.35,17.916898792943357,0.24241179201485485,68.40227483751161,0,1,0,0,0,0,0
2154,45660,66.5,46.0,56.5,1.85,4.0,5.8,1809,528,8.5,-8,53.45788043478261,49.5,0.0,0.0,29.43,41.98480900000001,-87.728492,9,51130.051044083535,56.5,0.3633410672853829,0.0,66.5,46.0,-8.0,12.35,17.910440835266822,0.2422993039443143,68.39350348027843,0,1,0,0,0,0,0
2155,45660,66.5,46.0,56.5,1.85,4.0,5.8,1809,528,8.5,-8,53.45788043478261,49.5,0.0,0.0,29.43,41.89923,-87.716788,9,51127.51391465677,56.5,0.3671150278293136,0.0,66.5,46.0,-8.0,12.35,17.903988868274578,0.2421869202226333,68.38474025974024,0,1,0,0,0,0,0
2156,45660,66.5,46.0,56.5,1.85,4.0,5.8,1809,528,8.5,-8,53.45788043478261,49.5,0.0,0.0,29.43,41.801498,-87.763416,9,51124.97913769124,56.5,0.3708854891052388,0.0,66.5,46.0,-8.0,12.35,17.897542883634678,0.2420746407046812,68.37598516458044,0,1,0,0,0,0,0
2157,45660,66.5,46.0,56.5,1.85,4.0,5.8,1809,528,8.5,-8,53.45788043478261,49.5,0.0,0.0,29.43,41.801498,-87.763416,9,51122.44670991659,56.5,0.3746524559777572,0.0,66.5,46.0,-8.0,12.35,17.891102873030587,0.24196246524559656,68.36723818350325,0,0,1,0,0,0,0
2158,45660,66.5,46.0,56.5,1.85,4.0,5.8,1809,528,8.5,-8,53.45788043478261,49.5,0.0,0.0,29.43,41.906638,-87.701431,9,51119.91662806855,56.5,0.3784159333024548,0.0,66.5,46.0,-8.0,12.35,17.884668828161182,0.24185039370078615,68.35849930523389,0,1,0,0,0,0,0
2159,45660,66.5,46.0,56.5,1.85,4.0,5.8,1809,528,8.5,-8,53.45788043478261,49.5,0.0,0.0,29.43,41.843811,-87.686763,9,51117.38888888888,56.5,0.3821759259259259,0.0,66.5,46.0,-8.0,12.35,17.878240740740736,0.2417384259259247,68.34976851851853,0,0,1,0,0,0,0
2160,45660,66.5,46.0,56.5,1.85,4.0,5.8,1809,528,8.5,-8,53.45788043478261,49.5,0.0,0.0,29.43,41.836644,-87.677737,9,51114.86348912541,56.5,0.3859324386857936,0.0,66.5,46.0,-8.0,1.85,17.871818602498845,0.2416265617769539,68.34104581212402,0,1,0,0,0,0,0
2161,45660,66.5,46.0,56.5,1.85,4.0,5.8,1809,528,8.5,-8,53.45788043478261,49.5,0.0,0.0,29.43,41.763733,-87.742302,9,51112.34042553191,56.5,0.3896854764107308,0.0,66.5,46.0,-8.0,1.85,17.86540240518039,0.24151480111008206,68.33233117483812,0,1,0,0,0,0,0
2162,45660,66.5,46.0,56.5,1.85,4.0,5.8,1809,528,8.5,-8,53.45788043478261,49.5,0.0,0.0,29.43,41.836644,-87.677737,9,51109.819694868245,56.5,0.3934350439204808,0.0,66.5,46.0,-8.0,1.85,17.85899214054554,0.2414031437817833,68.32362459546924,0,0,1,0,0,0,0
2163,45660,66.5,46.0,56.5,1.85,4.0,5.8,1809,528,8.5,-8,53.45788043478261,49.5,0.0,0.0,29.43,41.763733,-87.742302,9,51107.301293900186,56.5,0.39718114602587795,0.0,66.5,46.0,-8.0,1.85,17.852587800369687,0.2412915896487973,68.31492606284658,0,0,1,0,0,0,0
2164,45660,66.5,46.0,56.5,1.85,4.0,5.8,1809,528,8.5,-8,53.45788043478261,49.5,0.0,0.0,29.43,41.837085,-87.729384,9,51104.78521939953,56.5,0.4009237875288684,0.0,66.5,46.0,-8.0,1.85,17.846189376443423,0.2411801385681281,68.30623556581986,0,1,0,0,0,0,0
2165,45660,66.5,46.0,56.5,1.85,4.0,5.8,1809,528,8.5,-8,53.45788043478261,49.5,0.0,0.0,29.43,41.921177,-87.79518,9,51102.271468144034,56.5,0.40466297322253,0.0,66.5,46.0,-8.0,1.85,17.839796860572484,0.24106879039704399,68.29755309325947,0,1,0,0,0,0,0
2166,45660,66.5,46.0,56.5,1.85,4.0,5.8,1809,528,8.5,-8,53.45788043478261,49.5,0.0,0.0,29.43,41.921177,-87.79518,9,51099.7600369174,56.5,0.4083987078910937,0.0,66.5,46.0,-8.0,1.85,17.833410244577752,0.2409575449930768,68.2888786340563,0,0,1,0,0,0,0
2167,45660,66.5,46.0,56.5,1.85,4.0,5.8,1809,528,8.5,-8,53.45788043478261,49.5,0.0,0.0,29.43,41.911824,-87.726737,9,51097.25092250922,56.5,0.4121309963099631,0.0,66.5,46.0,-8.0,1.85,17.827029520295202,0.2408464022140209,68.28021217712177,0,1,0,0,0,0,0
2168,45660,66.5,46.0,56.5,1.85,4.0,5.8,1809,528,8.5,-8,53.45788043478261,49.5,0.0,0.0,29.43,41.911824,-87.726737,9,51094.74412171508,56.5,0.4158598432457354,0.0,66.5,46.0,-8.0,1.85,17.820654679575842,0.2407353619179333,68.27155371138774,0,0,1,0,0,0,0
2169,45660,66.5,46.0,56.5,1.85,4.0,5.8,1809,528,8.5,-8,53.45788043478261,49.5,0.0,0.0,29.43,41.867108,-87.654224,9,51092.239631336415,56.5,0.4195852534562212,0.0,66.5,46.0,-8.0,1.85,17.81428571428571,0.2406244239631324,68.26290322580645,0,0,1,0,0,0,0
2170,45660,66.5,46.0,56.5,1.85,4.0,5.8,1809,528,8.5,-8,53.45788043478261,49.5,0.0,0.0,29.43,41.896282,-87.655232,9,51089.73744818057,56.5,0.4233072316904653,0.0,66.5,46.0,-8.0,1.85,17.807922616305852,0.24051358820819774,68.25426070935053,0,1,0,0,0,0,0
2171,45660,66.5,46.0,56.5,1.85,4.0,5.8,1809,528,8.5,-8,53.45788043478261,49.5,0.0,0.0,29.43,41.896282,-87.655232,9,51087.23756906077,56.5,0.4270257826887661,0.0,66.5,46.0,-8.0,1.85,17.801565377532228,0.2404028545119693,68.24562615101289,0,0,1,0,0,0,0
2172,45660,66.5,46.0,56.5,1.85,4.0,5.8,1809,528,8.5,-8,53.45788043478261,49.5,0.0,0.0,29.43,41.846283,-87.656913,9,51084.73999079613,56.5,0.4307409111826968,0.0,66.5,46.0,-8.0,1.85,17.795213989875744,0.2402922227335469,68.23699953980672,0,1,0,0,0,0,0
2173,45660,66.5,46.0,56.5,1.85,4.0,5.8,1809,528,8.5,-8,53.45788043478261,49.5,0.0,0.0,29.43,41.921965,-87.632085,9,51082.24471021159,56.5,0.4344526218951242,0.0,66.5,46.0,-8.0,1.85,17.788868445262192,0.2401816927322895,68.22838086476541,0,1,0,0,0,0,0
2174,45660,66.5,46.0,56.5,1.85,4.0,5.8,1809,528,8.5,-8,53.45788043478261,49.5,0.0,0.0,29.43,41.921965,-87.632085,9,51079.75172413793,56.5,0.4381609195402299,0.0,66.5,46.0,-8.0,1.85,17.782528735632184,0.2400712643678149,68.21977011494253,0,0,1,0,0,0,0
2175,45660,66.5,46.0,56.5,1.85,4.0,5.8,1809,528,8.5,-8,53.45788043478261,49.5,0.0,0.0,29.43,41.823065,-87.67837800000002,9,51077.261029411755,56.5,0.44186580882352944,0.0,66.5,46.0,-8.0,1.85,17.776194852941178,0.2399609374999988,68.21116727941177,0,1,0,0,0,0,0
2176,45660,66.5,46.0,56.5,1.85,4.0,5.8,1809,528,8.5,-8,53.45788043478261,49.5,0.0,0.0,29.43,41.801179,-87.679447,9,51074.77262287552,56.5,0.4455672944418925,0.0,66.5,46.0,-8.0,1.85,17.769866789159394,0.23985071198897445,68.20257234726688,0,1,0,0,0,0,0
2177,45660,66.5,46.0,56.5,1.85,4.0,5.8,1809,528,8.5,-8,53.45788043478261,49.5,0.0,0.0,29.43,41.801179,-87.679447,9,51072.28650137741,56.5,0.4492653810835629,0.0,66.5,46.0,-8.0,1.85,17.76354453627181,0.23974058769513196,68.19398530762167,0,0,1,0,0,0,0
2178,45660,66.5,46.0,56.5,1.85,4.0,5.8,1809,528,8.5,-8,53.45788043478261,49.5,0.0,0.0,29.43,41.801179,-87.679447,9,51069.802661771464,56.5,0.4529600734281781,0.0,66.5,46.0,-8.0,1.85,17.757228086278108,0.23963056447911765,68.18540614960992,0,0,0,0,0,0,1
2179,45660,66.5,46.0,56.5,1.85,4.0,5.8,1809,528,8.5,-8,53.45788043478261,49.5,0.0,0.0,29.43,41.800737,-87.71188000000002,9,51067.32110091744,56.5,0.456651376146789,0.0,66.5,46.0,-8.0,1.85,17.75091743119266,0.23952064220183364,68.17683486238532,0,1,0,0,0,0,0
2180,45660,66.5,46.0,56.5,1.85,4.0,5.8,1809,528,8.5,-8,53.45788043478261,49.5,0.0,0.0,29.43,41.800737,-87.71188000000002,9,51064.84181568088,56.5,0.4603392939018799,0.0,66.5,46.0,-8.0,1.85,17.744612563044473,0.2394108207244371,68.1682714351215,0,0,1,0,0,0,0
2181,45660,66.5,46.0,56.5,1.85,4.0,5.8,1809,528,8.5,-8,53.45788043478261,49.5,0.0,0.0,29.43,41.82561,-87.726549,9,51062.36480293309,56.5,0.4640238313473877,0.0,66.5,46.0,-8.0,1.85,17.738313473877174,0.2393010999083397,68.15971585701192,0,1,0,0,0,0,0
2182,45660,66.5,46.0,56.5,1.85,4.0,5.8,1809,528,8.5,-8,53.45788043478261,49.5,0.0,0.0,29.43,41.778297,-87.752411,9,51059.890059551086,56.5,0.4677049931287219,0.0,66.5,46.0,-8.0,1.85,17.73202015574897,0.23919147961520726,68.15116811726982,0,1,0,0,0,0,0
2183,45660,66.5,46.0,56.5,1.85,4.0,5.8,1809,528,8.5,-8,53.45788043478261,49.5,0.0,0.0,29.43,41.778297,-87.752411,9,51057.417582417576,56.5,0.4713827838827839,0.0,66.5,46.0,-8.0,1.85,17.725732600732602,0.2390819597069585,68.1426282051282,0,0,1,0,0,0,0
2184,45660,66.5,46.0,56.5,1.85,4.0,5.8,1809,528,8.5,-8,53.45788043478261,49.5,0.0,0.0,29.43,41.77166,-87.703047,9,51054.94736842105,56.5,0.4750572082379863,0.0,66.5,46.0,-8.0,1.85,17.719450800915332,0.23897254004576535,68.13409610983982,0,1,0,0,0,0,0
2185,45660,66.5,46.0,56.5,1.85,4.0,5.8,1809,528,8.5,-8,53.45788043478261,49.5,0.0,0.0,29.43,41.77166,-87.703047,9,51052.479414455636,56.5,0.4787282708142727,0.0,66.5,46.0,-8.0,1.85,17.713174748398902,0.2388632204940519,68.12557182067704,0,0,1,0,0,0,0
2186,45660,66.5,46.0,56.5,1.85,4.0,5.8,1809,528,8.5,-8,53.45788043478261,49.5,0.0,0.0,29.43,41.759346,-87.745602,9,51050.013717421134,56.5,0.4823959762231368,0.0,66.5,46.0,-8.0,1.85,17.706904435299496,0.23875400091449356,68.11705532693189,0,1,0,0,0,0,0
2187,45660,66.5,46.0,56.5,1.85,4.0,5.8,1809,528,8.5,-8,53.45788043478261,49.5,0.0,0.0,29.43,41.759346,-87.745602,9,51047.55027422304,56.5,0.4860603290676417,0.0,66.5,46.0,-8.0,1.85,17.70063985374771,0.2386448811700171,68.10854661791589,0,0,1,0,0,0,0
2188,45660,66.5,46.0,56.5,1.85,4.0,5.8,1809,528,8.5,-8,53.45788043478261,49.5,0.0,0.0,29.43,41.768388,-87.678649,9,51045.0890817725,56.5,0.4897213339424395,0.0,66.5,46.0,-8.0,1.85,17.69438099588853,0.23853586112379965,68.10004568296026,0,1,0,0,0,0,0
2189,45660,66.5,46.0,56.5,1.85,4.0,5.8,1809,528,8.5,-8,53.45788043478261,49.5,0.0,0.0,29.43,41.768388,-87.678649,9,51042.6301369863,56.5,0.4933789954337899,0.0,66.5,46.0,-8.0,1.85,17.68812785388128,0.2384269406392682,68.09155251141553,0,0,1,0,0,0,0
2190,45660,66.5,46.0,56.5,1.85,4.0,5.8,1809,528,8.5,-8,53.45788043478261,49.5,0.0,0.0,29.43,41.768388,-87.678649,9,51040.173436786856,56.5,0.4970333181195801,0.0,66.5,46.0,-8.0,1.85,17.68188041989959,0.2383181195800992,68.08306709265176,0,0,0,0,0,0,1
2191,45660,66.5,46.0,56.5,1.85,4.0,5.8,1809,528,8.5,-8,53.45788043478261,49.5,0.0,0.0,29.43,41.781416,-87.77653199999996,9,51037.71897810219,56.5,0.500684306569343,0.0,66.5,46.0,-8.0,1.85,17.675638686131386,0.23820939781021774,68.07458941605839,0,1,0,0,0,0,0
2192,45660,66.5,46.0,56.5,1.85,4.0,5.8,1809,528,8.5,-8,53.45788043478261,49.5,0.0,0.0,29.43,41.74785,-87.70271600000002,9,51035.26675786594,56.5,0.5043319653442773,0.0,66.5,46.0,-8.0,1.85,17.66940264477884,0.23810077519379724,68.06611947104423,0,0,1,0,0,0,0
2193,45660,66.5,46.0,56.5,1.85,4.0,5.8,1809,528,8.5,-8,53.45788043478261,49.5,0.0,0.0,29.43,41.773215,-87.60088,9,51032.816773017315,56.5,0.5079762989972653,0.0,66.5,46.0,-8.0,1.85,17.66317228805834,0.2379922515952586,68.05765724703737,0,1,0,0,0,0,0
2194,45660,66.5,46.0,56.5,1.85,4.0,5.8,1809,528,8.5,-8,53.45788043478261,49.5,0.0,0.0,29.43,41.773215,-87.60088,9,51030.36902050113,56.5,0.511617312072893,0.0,66.5,46.0,-8.0,1.85,17.65694760820045,0.2378838268792699,68.04920273348519,0,0,1,0,0,0,0
2195,45660,66.5,46.0,56.5,1.85,4.0,5.8,1809,528,8.5,-8,53.45788043478261,49.5,0.0,0.0,29.43,41.822536,-87.66634300000004,9,51027.923497267766,56.5,0.5152550091074681,0.0,66.5,46.0,-8.0,1.85,17.65072859744991,0.2377755009107456,68.04075591985428,0,0,1,0,0,0,0
2196,45660,66.5,46.0,56.5,1.85,4.0,5.8,1809,528,8.5,-8,53.45788043478261,49.5,0.0,0.0,29.43,41.775051,-87.65535600000004,9,51025.480200273094,56.5,0.5188893946290396,0.0,66.5,46.0,-8.0,1.85,17.64451524806555,0.2376672735548463,68.03231679563041,0,1,0,0,0,0,0
2197,45660,66.5,46.0,56.5,1.85,4.0,5.8,1809,528,8.5,-8,53.45788043478261,49.5,0.0,0.0,29.43,41.766202,-87.562889,9,51023.039126478616,56.5,0.5225204731574158,0.0,66.5,46.0,-8.0,1.85,17.638307552320292,0.23755914467697786,68.02388535031847,0,0,1,0,0,0,0
2198,45660,66.5,46.0,56.5,1.85,4.0,5.8,1809,528,8.5,-8,53.45788043478261,49.5,0.0,0.0,29.43,41.754676,-87.612922,9,51020.6002728513,56.5,0.5261482492041837,0.0,66.5,46.0,-8.0,1.85,17.632105502501137,0.23745111414279094,68.01546157344248,0,1,0,0,0,0,0
2199,45660,66.5,46.0,56.5,1.85,4.0,5.8,1809,528,8.5,-8,53.45788043478261,49.5,0.0,0.0,29.43,41.821582,-87.62779599999998,9,51018.16363636364,56.5,0.5297727272727273,0.0,66.5,46.0,-8.0,1.85,17.62590909090909,0.23734318181818065,68.00704545454545,0,0,0,0,0,0,1
2200,45660,66.5,46.0,56.5,1.85,4.0,5.8,1809,528,8.5,-8,53.45788043478261,49.5,0.0,0.0,29.43,41.803423,-87.642984,9,51015.72921399363,56.5,0.5333939118582463,0.0,66.5,46.0,-8.0,1.85,17.619718309859156,0.2372353475692855,67.99863698318946,0,0,1,0,0,0,0
2201,45660,66.5,46.0,56.5,1.85,4.0,5.8,1809,528,8.5,-8,53.45788043478261,49.5,0.0,0.0,29.43,41.692555,-87.598865,9,51013.2970027248,56.5,0.5370118074477748,0.0,66.5,46.0,-8.0,1.85,17.61353315168029,0.23712761126248744,67.99023614895549,0,0,1,0,0,0,0
2202,45660,66.5,46.0,56.5,1.85,4.0,5.8,1809,528,8.5,-8,53.45788043478261,49.5,0.0,0.0,29.43,41.721474,-87.648064,9,51010.866999546066,56.5,0.5406264185201998,0.0,66.5,46.0,-8.0,1.85,17.607353608715393,0.23701997276441095,67.98184294144349,0,1,0,0,0,0,0
2203,45660,66.5,46.0,56.5,1.85,4.0,5.8,1809,528,8.5,-8,53.45788043478261,49.5,0.0,0.0,29.43,41.721474,-87.648064,9,51008.4392014519,56.5,0.5442377495462795,0.0,66.5,46.0,-8.0,1.85,17.601179673321234,0.23691243194192255,67.97345735027223,0,0,1,0,0,0,0
2204,45660,66.5,46.0,56.5,1.85,4.0,5.8,1809,528,8.5,-8,53.45788043478261,49.5,0.0,0.0,29.43,41.688324,-87.676709,9,51006.013605442175,56.5,0.5478458049886621,0.0,66.5,46.0,-8.0,1.85,17.59501133786848,0.2368049886621303,67.96507936507936,0,1,0,0,0,0,0
2205,45660,66.5,46.0,56.5,1.85,4.0,5.8,1809,528,8.5,-8,53.45788043478261,49.5,0.0,0.0,29.43,41.688324,-87.676709,9,51003.59020852222,56.5,0.5514505893019039,0.0,66.5,46.0,-8.0,1.85,17.588848594741613,0.2366976427923832,67.95670897552132,0,0,1,0,0,0,0
2206,45660,66.5,46.0,56.5,1.85,4.0,5.8,1809,528,8.5,-8,53.45788043478261,49.5,0.0,0.0,29.43,41.869107,-87.69629300000004,9,51001.169007702774,56.5,0.5550521069324875,0.0,66.5,46.0,-8.0,1.85,17.582691436338926,0.2365903942002707,67.94834617127322,0,1,0,0,0,0,0
2207,45660,66.5,46.0,56.5,1.85,4.0,5.8,1809,528,8.5,-8,53.45788043478261,49.5,0.0,0.0,29.43,41.723195,-87.64997,9,50998.75,56.5,0.5586503623188406,0.0,66.5,46.0,-8.0,1.85,17.576539855072465,0.236483242753622,67.93999094202898,0,0,1,0,0,0,0
2208,45660,66.5,46.0,56.5,1.85,4.0,5.8,1809,528,8.5,-8,53.45788043478261,49.5,0.0,0.0,29.43,41.868077,-87.666901,9,50996.33318243549,56.5,0.5622453598913536,0.0,66.5,46.0,-8.0,1.85,17.570393843368038,0.23637618832050586,67.93164327750114,0,1,0,0,0,0,0
2209,45660,66.5,46.0,56.5,1.85,4.0,5.8,1809,528,8.5,-8,53.45788043478261,49.5,0.0,0.0,29.43,41.868077,-87.666901,9,50993.9185520362,56.5,0.5658371040723982,0.0,66.5,46.0,-8.0,1.85,17.564253393665158,0.2362692307692296,67.92330316742081,0,0,1,0,0,0,0
2210,45660,66.5,46.0,56.5,1.85,4.0,5.8,1809,528,8.5,-8,53.45788043478261,49.5,0.0,0.0,29.43,41.862292,-87.64886,9,50991.50610583447,56.5,0.5694255992763455,0.0,66.5,46.0,-8.0,1.85,17.558118498417006,0.2361623699683389,67.91497060153776,0,0,1,0,0,0,0
2211,45660,66.5,46.0,56.5,1.85,4.0,5.8,1809,528,8.5,-8,53.45788043478261,49.5,0.0,0.0,29.43,41.720848,-87.666014,9,50989.095840867994,56.5,0.5730108499095841,0.0,66.5,46.0,-8.0,1.85,17.551989150090414,0.23605560578661725,67.90664556962025,0,1,0,0,0,0,0
2212,45660,66.5,46.0,56.5,1.85,4.0,5.8,1809,528,8.5,-8,53.45788043478261,49.5,0.0,0.0,29.43,41.704336,-87.70373599999998,9,50986.687754179846,56.5,0.5765928603705377,0.0,66.5,46.0,-8.0,1.85,17.54586534116584,0.2359489380930851,67.89832806145503,0,1,0,0,0,0,0
2213,45660,66.5,46.0,56.5,1.85,4.0,5.8,1809,528,8.5,-8,53.45788043478261,49.5,0.0,0.0,29.43,41.731922,-87.677512,9,50984.281842818426,56.5,0.5801716350496838,0.0,66.5,46.0,-8.0,1.85,17.539747064137313,0.2358423667569997,67.89001806684732,0,1,0,0,0,0,0
2214,45660,66.5,46.0,56.5,1.85,4.0,5.8,1809,528,8.5,-8,53.45788043478261,49.5,0.0,0.0,29.43,41.731922,-87.677512,9,50981.87810383747,56.5,0.5837471783295711,0.0,66.5,46.0,-8.0,1.85,17.53363431151241,0.23573589164785436,67.88171557562077,0,0,1,0,0,0,0
2215,45660,66.5,46.0,56.5,1.85,4.0,5.8,1809,528,8.5,-8,53.45788043478261,49.5,0.0,0.0,29.43,41.644612,-87.60449799999998,9,50979.47653429604,56.5,0.5873194945848376,0.0,66.5,46.0,-8.0,1.85,17.527527075812273,0.2356295126353779,67.87342057761732,0,0,1,0,0,0,0
2216,45660,66.5,46.0,56.5,1.85,4.0,5.8,1809,528,8.5,-8,53.45788043478261,49.5,0.0,0.0,29.43,41.717753,-87.531657,9,50977.077131258455,56.5,0.5908885881822282,0.0,66.5,46.0,-8.0,1.85,17.521425349571494,0.23552322958953426,67.86513306269734,0,1,0,0,0,0,0
2217,45660,66.5,46.0,56.5,1.85,4.0,5.8,1809,528,8.5,-8,53.45788043478261,49.5,0.0,0.0,29.43,41.750498,-87.605294,9,50974.67989179441,56.5,0.5944544634806131,0.0,66.5,46.0,-8.0,1.85,17.51532912533814,0.2354170423805218,67.85685302073941,0,1,0,0,0,0,0
2218,45660,66.5,46.0,56.5,1.85,4.0,5.8,1809,528,8.5,-8,53.45788043478261,49.5,0.0,0.0,29.43,41.750498,-87.605294,9,50972.28481297882,56.5,0.598017124831005,0.0,66.5,46.0,-8.0,1.85,17.509238395673727,0.23531095087877305,67.84858044164038,0,0,1,0,0,0,0
2219,45660,66.5,46.0,56.5,1.85,4.0,5.8,1809,528,8.5,-8,53.45788043478261,49.5,0.0,0.0,29.43,41.702724,-87.536497,9,50969.891891891886,56.5,0.6015765765765766,0.0,66.5,46.0,-8.0,1.85,17.503153153153153,0.23520495495495375,67.84031531531531,0,1,0,0,0,0,0
2220,45660,66.5,46.0,56.5,1.85,4.0,5.8,1809,528,8.5,-8,53.45788043478261,49.5,0.0,0.0,29.43,41.729669,-87.582699,9,50967.50112561909,56.5,0.6051328230526789,0.0,66.5,46.0,-8.0,1.85,17.4970733903647,0.2350990544799628,67.83205763169744,0,1,0,0,0,0,0
2221,45660,66.5,46.0,56.5,1.85,4.0,5.8,1809,528,8.5,-8,53.45788043478261,49.5,0.0,0.0,29.43,41.798697,-87.736812,9,50965.11251125112,56.5,0.6086858685868587,0.0,66.5,46.0,-8.0,1.85,17.490999099909992,0.2349932493249313,67.82380738073807,0,1,0,0,0,0,0
2222,45660,66.5,46.0,56.5,1.85,4.0,5.8,1809,528,8.5,-8,53.45788043478261,49.5,0.0,0.0,29.43,41.798697,-87.736812,9,50962.72604588394,56.5,0.6122357174988754,0.0,66.5,46.0,-8.0,1.85,17.484930274403958,0.2348875393612224,67.81556455240666,0,0,1,0,0,0,0
2223,45660,66.5,46.0,56.5,1.85,4.0,5.8,1809,528,8.5,-8,53.45788043478261,49.5,0.0,0.0,29.43,41.673408,-87.599862,9,50960.3417266187,56.5,0.6157823741007195,0.0,66.5,46.0,-8.0,1.85,17.47886690647482,0.2347819244604305,67.80732913669064,0,1,0,0,0,0,0
2224,45660,66.5,46.0,56.5,1.85,4.0,5.8,1809,528,8.5,-8,53.45788043478261,49.5,0.0,0.0,29.43,41.704572,-87.56566600000002,9,50957.9595505618,56.5,0.6193258426966292,0.0,66.5,46.0,-8.0,1.85,17.472808988764044,0.23467640449438085,67.7991011235955,0,1,0,0,0,0,0
2225,45660,66.5,46.0,56.5,1.85,4.0,5.8,1809,528,8.5,-8,53.45788043478261,49.5,0.0,0.0,29.43,41.704572,-87.56566600000002,9,50955.57951482481,56.5,0.6228661275831087,0.0,66.5,46.0,-8.0,1.85,17.466756513926324,0.2345709793351291,67.79088050314465,0,0,1,0,0,0,0
2226,45660,66.5,46.0,56.5,1.85,4.0,5.8,1809,528,8.5,-8,53.45788043478261,49.5,0.0,0.0,29.43,41.891126,-87.61156,9,50953.20161652447,56.5,0.6264032330489447,0.0,66.5,46.0,-8.0,1.85,17.460709474629546,0.23446564885496066,67.78266726537943,0,0,1,0,0,0,0
2227,45660,66.5,46.0,56.5,1.85,4.0,5.8,1809,528,8.5,-8,53.45788043478261,49.5,0.0,0.0,29.43,41.662014,-87.72460799999998,9,50950.825852782764,56.5,0.6299371633752244,0.0,66.5,46.0,-8.0,1.85,17.454667863554757,0.2343604129263902,67.77446140035907,0,1,0,0,0,0,0
2228,45660,66.5,46.0,56.5,1.85,4.0,5.8,1809,528,8.5,-8,53.45788043478261,49.5,0.0,0.0,29.43,41.662014,-87.72460799999998,9,50948.45222072678,56.5,0.6334679228353521,0.0,66.5,46.0,-8.0,1.85,17.448631673396143,0.2342552714221612,67.7662628981606,0,0,1,0,0,0,0
2229,45660,66.5,46.0,56.5,1.85,4.0,5.8,1809,528,8.5,-8,53.45788043478261,49.5,0.0,0.0,29.43,41.72646500000001,-87.585413,9,50946.08071748879,56.5,0.6369955156950673,0.0,66.5,46.0,-8.0,1.85,17.442600896860988,0.23415022421524545,67.75807174887892,0,1,0,0,0,0,0
2230,45660,66.5,46.0,56.5,1.85,4.0,5.8,1809,528,8.5,-8,53.45788043478261,49.5,0.0,0.0,29.43,41.72646500000001,-87.585413,9,50943.711340206195,56.5,0.6405199462124608,0.0,66.5,46.0,-8.0,1.85,17.436575526669653,0.2340452711788424,67.74988794262663,0,0,1,0,0,0,0
2231,45660,66.5,46.0,56.5,1.85,4.0,5.8,1809,528,8.5,-8,53.45788043478261,49.5,0.0,0.0,29.43,41.958271,-87.702575,9,50941.34408602151,56.5,0.6440412186379928,0.0,66.5,46.0,-8.0,1.85,17.430555555555557,0.23394041218637876,67.74171146953404,0,1,0,0,0,0,0
2232,45660,66.5,46.0,56.5,1.85,4.0,5.8,1809,528,8.5,-8,53.45788043478261,49.5,0.0,0.0,29.43,41.932094,-87.700117,9,50938.978952082405,56.5,0.6475593372145096,0.0,66.5,46.0,-8.0,1.85,17.424540976265117,0.23383564711150798,67.73354231974922,0,1,0,0,0,0,0
2233,45660,66.5,46.0,56.5,1.85,4.0,5.8,1809,528,8.5,-8,53.45788043478261,49.5,0.0,0.0,29.43,42.006858,-87.675919,9,50936.61593554163,56.5,0.6510743061772605,0.0,66.5,46.0,-8.0,1.85,17.418531781557743,0.23373097582810984,67.72538048343777,0,1,0,0,0,0,0
2234,45660,66.5,46.0,56.5,1.85,4.0,5.8,1809,528,8.5,-8,53.45788043478261,49.5,0.0,0.0,29.43,42.006858,-87.675919,9,50934.25503355705,56.5,0.6545861297539151,0.0,66.5,46.0,-8.0,1.85,17.412527964205818,0.23362639821028966,67.717225950783,0,0,1,0,0,0,0
2235,45660,66.5,46.0,56.5,1.85,4.0,5.8,1809,528,8.5,-8,53.45788043478261,49.5,0.0,0.0,29.43,41.916265,-87.800515,9,50931.8962432916,56.5,0.6580948121645797,0.0,66.5,46.0,-8.0,1.85,17.406529516994635,0.2335219141323781,67.70907871198568,0,0,1,0,0,0,0
2236,45660,66.5,46.0,56.5,1.85,4.0,5.8,1809,528,8.5,-8,53.45788043478261,49.5,0.0,0.0,29.43,41.907645,-87.760886,9,50929.53956191328,56.5,0.6616003576218149,0.0,66.5,46.0,-8.0,1.85,17.400536432722394,0.2334175234689304,67.7009387572642,0,1,0,0,0,0,0
2237,45660,66.5,46.0,56.5,1.85,4.0,5.8,1809,528,8.5,-8,53.45788043478261,49.5,0.0,0.0,29.43,41.918705,-87.752329,9,50927.184986595166,56.5,0.6651027703306523,0.0,66.5,46.0,-8.0,1.85,17.39454870420018,0.2333132260947263,67.69280607685434,0,1,0,0,0,0,0
2238,45660,66.5,46.0,56.5,1.85,4.0,5.8,1809,528,8.5,-8,53.45788043478261,49.5,0.0,0.0,29.43,41.776156,-87.778927,9,50924.83251451541,56.5,0.668602054488611,0.0,66.5,46.0,-8.0,1.85,17.388566324251894,0.2332090218847688,67.68468066100938,0,1,0,0,0,0,0
2239,45660,66.5,46.0,56.5,1.85,4.0,5.8,1809,528,8.5,-8,53.45788043478261,49.5,0.0,0.0,29.43,41.776156,-87.778927,9,50922.482142857145,56.5,0.6720982142857143,0.0,66.5,46.0,-8.0,1.85,17.382589285714285,0.2331049107142845,67.6765625,0,0,1,0,0,0,0
2240,45660,66.5,46.0,56.5,1.85,4.0,5.8,1809,528,8.5,-8,53.45788043478261,49.5,0.0,0.0,29.43,41.772846,-87.740029,9,50920.13386880857,56.5,0.6755912539045069,0.0,66.5,46.0,-8.0,1.85,17.376617581436857,0.2330008924587226,67.66845158411425,0,1,0,0,0,0,0
2241,45660,66.5,46.0,56.5,1.85,4.0,5.8,1809,528,8.5,-8,53.45788043478261,49.5,0.0,0.0,29.43,41.772846,-87.740029,9,50917.787689562894,56.5,0.6790811775200714,0.0,66.5,46.0,-8.0,1.85,17.37065120428189,0.2328969669937544,67.66034790365745,0,0,1,0,0,0,0
2242,45660,66.5,46.0,56.5,1.85,4.0,5.8,1809,528,8.5,-8,53.45788043478261,49.5,0.0,0.0,29.43,41.682587,-87.707973,9,50915.44360231832,56.5,0.6825679893000446,0.0,66.5,46.0,-8.0,1.85,17.364690147124392,0.232793134195273,67.6522514489523,0,1,0,0,0,0,0
2243,45660,66.5,46.0,56.5,1.85,4.0,5.8,1809,528,8.5,-8,53.45788043478261,49.5,0.0,0.0,29.43,41.682587,-87.707973,9,50913.101604278076,56.5,0.6860516934046346,0.0,66.5,46.0,-8.0,1.85,17.35873440285205,0.23268939393939275,67.64416221033868,0,0,1,0,0,0,0
2244,45660,66.5,46.0,56.5,1.85,4.0,5.8,1809,528,8.5,-8,53.45788043478261,49.5,0.0,0.0,29.43,41.903002,-87.68826700000002,9,50910.76169265033,56.5,0.6895322939866372,0.0,66.5,46.0,-8.0,1.85,17.352783964365255,0.2325857461024487,67.63608017817371,0,1,0,0,0,0,0
2245,45660,66.5,46.0,56.5,1.85,4.0,5.8,1809,528,8.5,-8,53.45788043478261,49.5,0.0,0.0,29.43,41.903002,-87.68826700000002,9,50908.42386464826,56.5,0.6930097951914514,0.0,66.5,46.0,-8.0,1.85,17.346838824577027,0.2324821905609961,67.62800534283171,0,0,1,0,0,0,0
2246,45660,66.5,46.0,56.5,1.85,4.0,5.8,1809,528,8.5,-8,53.45788043478261,49.5,0.0,0.0,29.43,41.725517,-87.61425799999998,9,50906.08811748998,56.5,0.6964842011570983,0.0,66.5,46.0,-8.0,1.85,17.340898976412994,0.2323787271918101,67.61993769470405,0,1,0,0,0,0,0
2247,45660,66.5,46.0,56.5,1.85,4.0,5.8,1809,528,8.5,-8,53.45788043478261,49.5,0.0,0.0,29.43,41.725517,-87.61425799999998,9,50903.754448398584,56.5,0.6999555160142349,0.0,66.5,46.0,-8.0,1.85,17.334964412811388,0.2322753558718849,67.61187722419929,0,0,1,0,0,0,0
2248,45660,66.5,46.0,56.5,1.85,4.0,5.8,1809,528,8.5,-8,53.45788043478261,49.5,0.0,0.0,29.43,41.678618,-87.559308,9,50901.42285460205,56.5,0.7034237438861717,0.0,66.5,46.0,-8.0,1.85,17.32903512672299,0.2321720764784337,67.603823921743,0,1,0,0,0,0,0
2249,45660,66.5,46.0,56.5,1.85,4.0,5.8,1809,528,8.5,-8,53.45788043478261,49.5,0.0,0.0,29.43,41.678618,-87.559308,9,50899.09333333333,56.5,0.7068888888888889,0.0,66.5,46.0,-8.0,1.85,17.32311111111111,0.2320688888888877,67.59577777777778,0,0,1,0,0,0,0
2250,45660,66.5,46.0,56.5,1.85,4.0,5.8,1809,528,8.5,-8,53.45788043478261,49.5,0.0,0.0,29.43,41.737052,-87.54306700000002,9,50896.765881830295,56.5,0.7103509551310528,0.0,66.5,46.0,-8.0,1.85,17.317192358951573,0.2319657929808962,67.58773878276321,0,0,1,0,0,0,0
2251,45660,66.5,46.0,56.5,1.85,4.0,5.8,1809,528,8.5,-8,53.45788043478261,49.5,0.0,0.0,29.43,41.740641,-87.546587,9,50894.4404973357,56.5,0.713809946714032,0.0,66.5,46.0,-8.0,1.85,17.311278863232687,0.23186278863232565,67.57970692717585,0,1,0,0,0,0,0
2252,45660,66.5,46.0,56.5,1.85,4.0,5.8,1809,528,8.5,-8,53.45788043478261,49.5,0.0,0.0,29.43,41.740641,-87.546587,9,50892.117177097214,56.5,0.717265867731913,0.0,66.5,46.0,-8.0,1.85,17.30537061695517,0.23175987572125936,67.5716822015091,0,0,1,0,0,0,0
2253,45660,66.5,46.0,56.5,1.85,4.0,5.8,1809,528,8.5,-8,53.45788043478261,49.5,0.0,0.0,29.43,41.680946,-87.535198,9,50889.79591836735,56.5,0.7207187222715173,0.0,66.5,46.0,-8.0,1.85,17.299467613132208,0.23165705412599705,67.5636645962733,0,1,0,0,0,0,0
2254,45660,66.5,46.0,56.5,1.85,4.0,5.8,1809,528,8.5,-8,53.45788043478261,49.5,0.0,0.0,29.43,41.680946,-87.535198,9,50887.476718403545,56.5,0.7241685144124168,0.0,66.5,46.0,-8.0,1.85,17.293569844789356,0.2315543237250543,67.55565410199557,0,0,1,0,0,0,0
2255,45660,66.5,46.0,56.5,1.85,4.0,5.8,1809,528,8.5,-8,53.45788043478261,49.5,0.0,0.0,29.43,41.686398,-87.531635,9,50885.15957446809,56.5,0.7276152482269503,0.0,66.5,46.0,-8.0,1.85,17.28767730496454,0.231451684397162,67.54765070921985,0,1,0,0,0,0,0
2256,45660,66.5,46.0,56.5,1.85,4.0,5.8,1809,528,8.5,-8,53.45788043478261,49.5,0.0,0.0,29.43,41.686398,-87.531635,9,50882.844483828085,56.5,0.7310589277802393,0.0,66.5,46.0,-8.0,1.85,17.28178998670802,0.23134913602126603,67.53965440850686,0,0,1,0,0,0,0
2257,45660,66.5,46.0,56.5,1.85,4.0,5.8,1809,528,8.5,-8,53.45788043478261,49.5,0.0,0.0,29.43,41.966987,-87.674677,9,50880.531443755535,56.5,0.7344995571302038,0.0,66.5,46.0,-8.0,1.85,17.275907883082375,0.2312466784765267,67.53166519043401,0,1,0,0,0,0,0
2258,45660,66.5,46.0,56.5,1.85,4.0,5.8,1809,528,8.5,-8,53.45788043478261,49.5,0.0,0.0,29.43,41.963976,-87.69181,9,50878.22045152722,56.5,0.7379371403275786,0.0,66.5,46.0,-8.0,1.85,17.27003098716246,0.23114431164231844,67.52368304559539,0,0,1,0,0,0,0
2259,45660,66.5,46.0,56.5,1.85,4.0,5.8,1809,528,8.5,-8,53.45788043478261,49.5,0.0,0.0,29.43,41.659112,-87.53869300000002,9,50875.91150442479,56.5,0.7413716814159292,0.0,66.5,46.0,-8.0,1.85,17.264159292035398,0.2310420353982289,67.51570796460177,0,1,0,0,0,0,0
2260,45660,66.5,46.0,56.5,1.85,4.0,5.8,1809,528,8.5,-8,53.45788043478261,49.5,0.0,0.0,29.43,41.659112,-87.53869300000002,9,50873.60459973463,56.5,0.7448031844316674,0.0,66.5,46.0,-8.0,1.85,17.258292790800528,0.23093984962405895,67.50773993808049,0,0,0,0,1,0,0
2261,44460,88.5,64.5,77.0,12.7,19.0,12.95,1756,535,0.0,12,53.45788043478261,65.0,12.0,0.0,29.375,41.95469,-87.800991,9,50870.76923076923,56.5,0.7444739168877099,0.0,66.5,46.0,-8.0,1.85,17.259062776304155,0.230837754199822,67.50663129973475,0,1,0,0,0,0,0
2262,44460,88.5,64.5,77.0,12.7,19.0,12.95,1756,535,0.0,12,53.45788043478261,65.0,12.0,0.0,29.375,41.95469,-87.800991,9,50867.936367653565,56.5,0.7441449403446753,0.0,66.5,46.0,-8.0,1.85,17.259832081307998,0.23073574900574345,67.50552364118427,0,0,1,0,0,0,0
2263,44460,88.5,64.5,77.0,12.7,19.0,12.95,1756,535,0.0,12,53.45788043478261,65.0,12.0,0.0,29.375,41.964242,-87.757639,9,50865.10600706714,56.5,0.7438162544169611,0.0,66.5,46.0,-8.0,1.85,17.260600706713777,0.2306338339222603,67.50441696113074,0,0,1,0,0,0,0
2264,44460,88.5,64.5,77.0,12.7,19.0,12.95,1756,535,0.0,12,53.45788043478261,65.0,12.0,0.0,29.375,41.96272800000001,-87.748367,9,50862.278145695374,56.5,0.7434878587196468,0.0,66.5,46.0,-8.0,1.85,17.261368653421634,0.2305320088300209,67.50331125827815,0,1,0,0,0,0,0
2265,44460,88.5,64.5,77.0,12.7,19.0,12.95,1756,535,0.0,12,53.45788043478261,65.0,12.0,0.0,29.375,41.96272800000001,-87.748367,9,50859.45278022948,56.5,0.7431597528684908,0.0,66.5,46.0,-8.0,1.85,17.262135922330096,0.2304302736098841,67.50220653133275,0,0,1,0,0,0,0
2266,44460,88.5,64.5,77.0,12.7,19.0,12.95,1756,535,0.0,12,53.45788043478261,65.0,12.0,0.0,29.375,41.96272800000001,-87.748367,9,50856.62990736657,56.5,0.7428319364799294,0.0,66.5,46.0,-8.0,1.85,17.262902514336126,0.230328628142919,67.50110277900309,0,0,0,1,0,0,0
2267,44460,88.5,64.5,77.0,12.7,19.0,12.95,1756,535,0.0,12,53.45788043478261,65.0,12.0,0.0,29.375,41.942114,-87.776385,9,50853.809523809534,56.5,0.7425044091710759,0.0,66.5,46.0,-8.0,1.85,17.2636684303351,0.2302270723104045,67.5,0,1,0,0,0,0,0
2268,44460,88.5,64.5,77.0,12.7,19.0,12.95,1756,535,0.0,12,53.45788043478261,65.0,12.0,0.0,29.375,41.942114,-87.776385,9,50850.99162626708,77.0,0.742177170559718,12.0,88.5,46.0,12.0,1.85,17.264433671220807,0.2301256059938287,67.49889819303658,0,0,0,0,0,0,1
2269,44460,88.5,64.5,77.0,12.7,19.0,12.95,1756,535,0.0,12,53.45788043478261,65.0,12.0,0.0,29.375,41.990284,-87.797127,9,50848.17621145374,77.0,0.7418502202643171,12.0,88.5,46.0,12.0,1.85,17.265198237885464,0.2300242290748887,67.49779735682819,0,1,0,0,0,0,0
2270,44460,88.5,64.5,77.0,12.7,19.0,12.95,1756,535,0.0,12,53.45788043478261,65.0,12.0,0.0,29.375,41.994991,-87.769279,9,50845.36327608983,77.0,0.7415235579040071,12.0,88.5,46.0,12.0,1.85,17.265962131219727,0.2299229414354898,67.49669749009247,0,1,0,0,0,0,0
2271,44460,88.5,64.5,77.0,12.7,19.0,12.95,1756,535,0.0,12,53.45788043478261,65.0,12.0,0.0,29.375,41.994991,-87.769279,9,50842.552816901414,77.0,0.7411971830985915,12.0,88.5,64.5,12.0,1.85,17.266725352112676,0.2298217429577453,67.4955985915493,0,0,1,0,0,0,0
2272,44460,88.5,64.5,77.0,12.7,19.0,12.95,1756,535,0.0,12,53.45788043478261,65.0,12.0,0.0,29.375,42.008314,-87.77792099999998,9,50839.74483062032,77.0,0.7408710954685438,12.0,88.5,64.5,12.0,1.85,17.267487901451823,0.22972063352397595,67.4945006599208,0,1,0,0,0,0,0
2273,44460,88.5,64.5,77.0,12.7,19.0,12.95,1756,535,0.0,12,53.45788043478261,65.0,12.0,0.0,29.375,42.008314,-87.77792099999998,9,50836.93931398417,77.0,0.7405452946350044,12.0,88.5,64.5,12.0,1.85,17.26824978012313,0.2296196130167095,67.4934036939314,0,0,1,0,0,0,0
2274,44460,88.5,64.5,77.0,12.7,19.0,12.95,1756,535,0.0,12,53.45788043478261,65.0,12.0,0.0,29.375,41.98196400000001,-87.812827,9,50834.13626373626,77.0,0.7402197802197802,12.0,88.5,64.5,12.0,1.85,17.26901098901099,0.22951868131868014,67.49230769230769,0,1,0,0,0,0,0
2275,44460,88.5,64.5,77.0,12.7,19.0,12.95,1756,535,0.0,12,53.45788043478261,65.0,12.0,0.0,29.375,41.99247800000001,-87.862995,9,50831.33567662566,77.0,0.7398945518453427,12.0,88.5,64.5,12.0,1.85,17.26977152899824,0.2294178383128284,67.49121265377856,0,1,0,0,0,0,0
2276,44460,88.5,64.5,77.0,12.7,19.0,12.95,1756,535,0.0,12,53.45788043478261,65.0,12.0,0.0,29.375,41.98196400000001,-87.812827,9,50828.53754940711,77.0,0.7395696091348265,12.0,88.5,64.5,12.0,1.85,17.270531400966185,0.2293170838823001,67.4901185770751,0,0,1,0,0,0,0
2277,44460,88.5,64.5,77.0,12.7,19.0,12.95,1756,535,0.0,12,53.45788043478261,65.0,12.0,0.0,29.375,41.99247800000001,-87.862995,9,50825.74187884109,77.0,0.7392449517120281,12.0,88.5,64.5,12.0,1.85,17.271290605794555,0.2292164179104466,67.48902546093063,0,0,1,0,0,0,0
2278,44460,88.5,64.5,77.0,12.7,19.0,12.95,1756,535,0.0,12,53.45788043478261,65.0,12.0,0.0,29.375,41.944869,-87.832763,9,50822.94866169373,77.0,0.7389205792014041,12.0,88.5,64.5,12.0,1.85,17.272049144361564,0.22911584028082374,67.48793330408074,0,1,0,0,0,0,0
2279,44460,88.5,64.5,77.0,12.7,19.0,12.95,1756,535,0.0,12,53.45788043478261,65.0,12.0,0.0,29.375,41.944869,-87.832763,9,50820.15789473683,77.0,0.7385964912280701,12.0,88.5,64.5,12.0,1.85,17.272807017543858,0.22901535087719185,67.48684210526315,0,0,0,0,0,0,1
2280,44460,88.5,64.5,77.0,12.7,19.0,12.95,1756,535,0.0,12,53.45788043478261,65.0,12.0,0.0,29.375,41.991429,-87.747113,9,50817.36957474792,77.0,0.7382726874177992,12.0,88.5,64.5,12.0,1.85,17.27356422621657,0.22891494958351485,67.48575186321789,0,0,1,0,0,0,0
2281,44460,88.5,64.5,77.0,12.7,19.0,12.95,1756,535,0.0,12,53.45788043478261,65.0,12.0,0.0,29.375,41.991429,-87.747113,9,50814.583698510076,77.0,0.7379491673970202,12.0,88.5,64.5,12.0,1.85,17.274320771253286,0.2288146362839603,67.4846625766871,0,0,0,1,0,0,0
2282,44460,88.5,64.5,77.0,12.7,19.0,12.95,1756,535,0.0,12,53.45788043478261,65.0,12.0,0.0,29.375,41.923738,-87.785288,9,50811.80026281209,77.0,0.7376259307928165,12.0,88.5,64.5,12.0,1.85,17.275076653526064,0.2287144108628985,67.48357424441525,0,1,0,0,0,0,0
2283,44460,88.5,64.5,77.0,12.7,19.0,12.95,1756,535,0.0,12,53.45788043478261,65.0,12.0,0.0,29.375,41.923738,-87.785288,9,50809.01926444834,77.0,0.7373029772329247,12.0,88.5,64.5,12.0,1.85,17.275831873905428,0.2286142732049025,67.48248686514886,0,0,1,0,0,0,0
2284,44460,88.5,64.5,77.0,12.7,19.0,12.95,1756,535,0.0,12,53.45788043478261,65.0,12.0,0.0,29.375,41.970248,-87.787992,9,50806.24070021882,77.0,0.7369803063457331,12.0,88.5,64.5,12.0,1.85,17.276586433260395,0.2285142231947472,67.48140043763675,0,1,0,0,0,0,0
2285,44460,88.5,64.5,77.0,12.7,19.0,12.95,1756,535,0.0,12,53.45788043478261,65.0,12.0,0.0,29.375,41.970248,-87.787992,9,50803.46456692914,77.0,0.7366579177602801,12.0,88.5,64.5,12.0,1.85,17.277340332458447,0.2284142607174092,67.48031496062993,0,0,1,0,0,0,0
2286,44460,88.5,64.5,77.0,12.7,19.0,12.95,1756,535,0.0,12,53.45788043478261,65.0,12.0,0.0,29.375,41.970248,-87.787992,9,50800.69086139047,77.0,0.7363358111062527,12.0,88.5,64.5,12.0,1.85,17.278093572365545,0.2283143856580662,67.47923043288151,0,0,0,0,0,0,1
2287,44460,88.5,64.5,77.0,12.7,19.0,12.95,1756,535,0.0,12,53.45788043478261,65.0,12.0,0.0,29.375,41.974089,-87.824812,9,50797.91958041958,77.0,0.736013986013986,12.0,88.5,64.5,12.0,1.85,17.278846153846153,0.22821459790209675,67.47814685314685,0,1,0,0,0,0,0
2288,44460,88.5,64.5,77.0,12.7,19.0,12.95,1756,535,0.0,12,53.45788043478261,65.0,12.0,0.0,29.375,42.011601,-87.81150600000002,9,50795.15072083879,77.0,0.7356924421144605,12.0,88.5,64.5,12.0,1.85,17.279598077763215,0.2281148973350797,67.4770642201835,0,1,0,0,0,0,0
2289,44460,88.5,64.5,77.0,12.7,19.0,12.95,1756,535,0.0,12,53.45788043478261,65.0,12.0,0.0,29.375,42.011601,-87.81150600000002,9,50792.384279475984,77.0,0.7353711790393013,12.0,88.5,64.5,12.0,12.7,17.280349344978163,0.2280152838427936,67.47598253275109,0,0,1,0,0,0,0
2290,44460,88.5,64.5,77.0,12.7,19.0,12.95,1756,535,0.0,12,53.45788043478261,65.0,12.0,0.0,29.375,41.960616,-87.777189,9,50789.62025316456,77.0,0.735050196420777,12.0,88.5,64.5,12.0,12.7,17.28109995635094,0.22791575731121666,67.47490178961152,0,1,0,0,0,0,0
2291,44460,88.5,64.5,77.0,12.7,19.0,12.95,1756,535,0.0,12,53.45788043478261,65.0,12.0,0.0,29.375,41.960616,-87.777189,9,50786.858638743455,77.0,0.7347294938917975,12.0,88.5,64.5,12.0,12.7,17.281849912739965,0.2278163176265259,67.4738219895288,0,0,1,0,0,0,0
2292,44460,88.5,64.5,77.0,12.7,19.0,12.95,1756,535,0.0,12,53.45788043478261,65.0,12.0,0.0,29.375,42.010412,-87.66214000000002,9,50784.09943305714,77.0,0.7344090710859137,12.0,88.5,64.5,12.0,12.7,17.28259921500218,0.22771696467509694,67.47274313126907,0,1,0,0,0,0,0
2293,44460,88.5,64.5,77.0,12.7,19.0,12.95,1756,535,0.0,12,53.45788043478261,65.0,12.0,0.0,29.375,42.010412,-87.66214000000002,9,50781.34263295554,77.0,0.7340889276373147,12.0,88.5,64.5,12.0,12.7,17.283347863993026,0.22761769834350365,67.4716652136007,0,0,1,0,0,0,0
2294,44460,88.5,64.5,77.0,12.7,19.0,12.95,1756,535,0.0,12,53.45788043478261,65.0,12.0,0.0,29.375,41.94983,-87.69845699999998,9,50778.58823529412,77.0,0.7337690631808279,12.0,88.5,64.5,12.0,12.7,17.28409586056645,0.22751851851851734,67.47058823529412,0,1,0,0,0,0,0
2295,44460,88.5,64.5,77.0,12.7,19.0,12.95,1756,535,0.0,12,53.45788043478261,65.0,12.0,0.0,29.375,41.94983,-87.69845699999998,9,50775.8362369338,77.0,0.7334494773519163,12.0,88.5,64.5,12.0,12.7,17.284843205574912,0.2274194250871069,67.46951219512195,0,0,1,0,0,0,0
2296,44460,88.5,64.5,77.0,12.7,19.0,12.95,1756,535,0.0,12,53.45788043478261,65.0,12.0,0.0,29.375,41.979243,-87.750938,9,50773.08663474097,77.0,0.7331301697866782,12.0,88.5,64.5,12.0,12.7,17.285589899869393,0.2273204179364377,67.46843709185895,0,1,0,0,0,0,0
2297,44460,88.5,64.5,77.0,12.7,19.0,12.95,1756,535,0.0,12,53.45788043478261,65.0,12.0,0.0,29.375,41.98480900000001,-87.728492,9,50770.339425587474,77.0,0.7328111401218451,12.0,88.5,64.5,12.0,12.7,17.286335944299392,0.22722149695387175,67.46736292428199,0,1,0,0,0,0,0
2298,44460,88.5,64.5,77.0,12.7,19.0,12.95,1756,535,0.0,12,53.45788043478261,65.0,12.0,0.0,29.375,41.98480900000001,-87.728492,9,50767.59460635058,77.0,0.7324923879947803,12.0,88.5,64.5,12.0,12.7,17.28708133971292,0.2271226620269671,67.46628969117008,0,0,1,0,0,0,0
2299,44460,88.5,64.5,77.0,12.7,19.0,12.95,1756,535,0.0,12,53.45788043478261,65.0,12.0,0.0,29.375,41.986921,-87.689778,9,50764.852173913045,77.0,0.7321739130434782,12.0,88.5,64.5,12.0,12.7,17.28782608695652,0.2270239130434771,67.46521739130435,0,1,0,0,0,0,0
2300,44460,88.5,64.5,77.0,12.7,19.0,12.95,1756,535,0.0,12,53.45788043478261,65.0,12.0,0.0,29.375,41.986921,-87.689778,9,50762.11212516298,77.0,0.7318557149065623,12.0,88.5,64.5,12.0,12.7,17.288570186875273,0.22692524989135046,67.46414602346806,0,0,1,0,0,0,0
2301,44460,88.5,64.5,77.0,12.7,19.0,12.95,1756,535,0.0,12,53.45788043478261,65.0,12.0,0.0,29.375,41.986921,-87.689778,9,50759.374456993915,77.0,0.731537793223284,12.0,88.5,64.5,12.0,12.7,17.28931364031277,0.2268266724587304,67.46307558644656,0,0,0,1,0,0,0
2302,44460,88.5,64.5,77.0,12.7,19.0,12.95,1756,535,0.0,12,53.45788043478261,65.0,12.0,0.0,29.375,41.89923,-87.716788,9,50756.63916630481,77.0,0.7312201476335215,12.0,88.5,64.5,12.0,12.7,17.29005644811116,0.22672818063395456,67.46200607902736,0,0,1,0,0,0,0
2303,44460,88.5,64.5,77.0,12.7,19.0,12.95,1756,535,0.0,12,53.45788043478261,65.0,12.0,0.0,29.375,41.801498,-87.763416,9,50753.90625,77.0,0.7309027777777778,12.0,88.5,64.5,12.0,12.7,17.29079861111111,0.2266297743055544,67.4609375,0,1,0,0,0,0,0
2304,44460,88.5,64.5,77.0,12.7,19.0,12.95,1756,535,0.0,12,53.45788043478261,65.0,12.0,0.0,29.375,41.801498,-87.763416,9,50751.17570498915,77.0,0.7305856832971801,12.0,88.5,64.5,12.0,12.7,17.291540130151848,0.22653145336225486,67.45986984815619,0,0,1,0,0,0,0
2305,44460,88.5,64.5,77.0,12.7,19.0,12.95,1756,535,0.0,12,53.45788043478261,65.0,12.0,0.0,29.375,41.906638,-87.701431,9,50748.44752818733,77.0,0.7302688638334779,12.0,88.5,64.5,12.0,12.7,17.292281006071118,0.2264332176929737,67.45880312228968,0,1,0,0,0,0,0
2306,44460,88.5,64.5,77.0,12.7,19.0,12.95,1756,535,0.0,12,53.45788043478261,65.0,12.0,0.0,29.375,41.906638,-87.701431,9,50745.72171651496,77.0,0.729952319029042,12.0,88.5,64.5,12.0,12.7,17.293021239705244,0.2263350671868216,67.45773732119636,0,0,1,0,0,0,0
2307,44460,88.5,64.5,77.0,12.7,19.0,12.95,1756,535,0.0,12,53.45788043478261,65.0,12.0,0.0,29.375,41.836644,-87.677737,9,50742.99826689775,77.0,0.7296360485268628,12.0,88.5,64.5,12.0,12.7,17.29376083188908,0.2262370017331011,67.45667244367418,0,1,0,0,0,0,0
2308,44460,88.5,64.5,77.0,12.7,19.0,12.95,1756,535,0.0,12,53.45788043478261,65.0,12.0,0.0,29.375,41.763733,-87.742302,9,50740.277176266776,77.0,0.7293200519705502,12.0,88.5,64.5,12.0,12.7,17.294499783456043,0.2261390212213068,67.45560848852317,0,1,0,0,0,0,0
2309,44460,88.5,64.5,77.0,12.7,19.0,12.95,1756,535,0.0,12,53.45788043478261,65.0,12.0,0.0,29.375,41.836644,-87.677737,9,50737.55844155844,77.0,0.7290043290043291,12.0,88.5,64.5,12.0,12.7,17.295238095238098,0.2260411255411244,67.45454545454545,0,0,1,0,0,0,0
2310,44460,88.5,64.5,77.0,12.7,19.0,12.95,1756,535,0.0,12,53.45788043478261,65.0,12.0,0.0,29.375,41.763733,-87.742302,9,50734.842059714414,77.0,0.7286888792730419,12.0,88.5,64.5,12.0,12.7,17.295975768065773,0.2259433145824307,67.45348334054522,0,0,1,0,0,0,0
2311,44460,88.5,64.5,77.0,12.7,19.0,12.95,1756,535,0.0,12,53.45788043478261,65.0,12.0,0.0,29.375,41.836644,-87.677737,9,50732.12802768166,77.0,0.7283737024221453,12.0,88.5,64.5,12.0,12.7,17.296712802768162,0.22584558823529294,67.45242214532873,0,0,0,0,0,0,1
2312,44460,88.5,64.5,77.0,12.7,19.0,12.95,1756,535,0.0,12,53.45788043478261,65.0,12.0,0.0,29.375,41.763733,-87.742302,9,50729.41634241245,77.0,0.7280587980977086,12.0,88.5,64.5,12.0,12.7,17.297449200172935,0.2257479463899686,67.45136186770428,0,0,0,0,0,0,1
2313,44460,88.5,64.5,77.0,12.7,19.0,12.95,1756,535,0.0,12,53.45788043478261,65.0,12.0,0.0,29.375,41.921177,-87.79518,9,50726.70700086431,77.0,0.7277441659464131,12.0,88.5,64.5,12.0,12.7,17.29818496110631,0.22565038893690464,67.45030250648229,0,1,0,0,0,0,0
2314,44460,88.5,64.5,77.0,12.7,19.0,12.95,1756,535,0.0,12,53.45788043478261,65.0,12.0,0.0,29.375,41.911824,-87.726737,9,50724.0,77.0,0.7274298056155507,12.0,88.5,64.5,12.0,12.7,17.29892008639309,0.22555291576673756,67.44924406047517,0,0,1,0,0,0,0
2315,44460,88.5,64.5,77.0,12.7,19.0,12.95,1756,535,0.0,12,53.45788043478261,65.0,12.0,0.0,29.375,41.911824,-87.726737,9,50721.29533678757,77.0,0.7271157167530224,12.0,88.5,64.5,12.0,12.7,17.29965457685665,0.2254555267702925,67.44818652849742,0,0,0,0,1,0,0
2316,44460,88.5,64.5,77.0,12.7,19.0,12.95,1756,535,0.0,12,53.45788043478261,65.0,12.0,0.0,29.375,41.883284,-87.705085,9,50718.59300820027,77.0,0.726801899007337,12.0,88.5,64.5,12.0,12.7,17.300388433318947,0.22535822183858326,67.44712990936556,0,1,0,0,0,0,0
2317,44460,88.5,64.5,77.0,12.7,19.0,12.95,1756,535,0.0,12,53.45788043478261,65.0,12.0,0.0,29.375,41.883284,-87.705085,9,50715.89301121657,77.0,0.72648835202761,12.0,88.5,64.5,12.0,12.7,17.301121656600518,0.2252610008628116,67.44607420189818,0,0,1,0,0,0,0
2318,44460,88.5,64.5,77.0,12.7,19.0,12.95,1756,535,0.0,12,53.45788043478261,65.0,12.0,0.0,29.375,41.9216,-87.666455,9,50713.19534282019,77.0,0.7261750754635619,12.0,88.5,64.5,12.0,12.7,17.301854247520485,0.22516386373436711,67.44501940491591,0,1,0,0,0,0,0
2319,44460,88.5,64.5,77.0,12.7,19.0,12.95,1756,535,0.0,12,53.45788043478261,65.0,12.0,0.0,29.375,41.9216,-87.666455,9,50710.5,77.0,0.7258620689655172,12.0,88.5,64.5,12.0,12.7,17.302586206896553,0.22506681034482645,67.44396551724138,0,0,1,0,0,0,0
2320,44460,88.5,64.5,77.0,12.7,19.0,12.95,1756,535,0.0,12,53.45788043478261,65.0,12.0,0.0,29.375,41.891118,-87.65449100000002,9,50707.806979750116,77.0,0.7255493321844033,12.0,88.5,64.5,12.0,12.7,17.303317535545023,0.2249698405859532,67.44291253769927,0,0,1,0,0,0,0
2321,44460,88.5,64.5,77.0,12.7,19.0,12.95,1756,535,0.0,12,53.45788043478261,65.0,12.0,0.0,29.375,41.868142,-87.696269,9,50705.11627906976,77.0,0.7252368647717485,12.0,88.5,64.5,12.0,12.7,17.304048234280792,0.2248729543496974,67.44186046511628,0,1,0,0,0,0,0
2322,44460,88.5,64.5,77.0,12.7,19.0,12.95,1756,535,0.0,12,53.45788043478261,65.0,12.0,0.0,29.375,41.868142,-87.696269,9,50702.42789496341,77.0,0.7249246663796814,12.0,88.5,64.5,12.0,12.7,17.304778303917352,0.2247761515281952,67.44080929832114,0,0,1,0,0,0,0
2323,44460,88.5,64.5,77.0,12.7,19.0,12.95,1756,535,0.0,12,53.45788043478261,65.0,12.0,0.0,29.375,41.867108,-87.654224,9,50699.741824440614,77.0,0.7246127366609294,12.0,88.5,64.5,12.0,12.7,17.305507745266777,0.22467943201376825,67.43975903614458,0,1,0,0,0,0,0
2324,44460,88.5,64.5,77.0,12.7,19.0,12.95,1756,535,0.0,12,53.45788043478261,65.0,12.0,0.0,29.375,41.867108,-87.654224,9,50697.05806451613,77.0,0.7243010752688172,12.0,88.5,64.5,12.0,12.7,17.306236559139787,0.2245827956989236,67.43870967741935,0,0,1,0,0,0,0
2325,44460,88.5,64.5,77.0,12.7,19.0,12.95,1756,535,0.0,12,53.45788043478261,65.0,12.0,0.0,29.375,41.896282,-87.655232,9,50694.3766122098,77.0,0.7239896818572656,12.0,88.5,64.5,12.0,12.7,17.306964746345653,0.22448624247635315,67.43766122098022,0,1,0,0,0,0,0
2326,44460,88.5,64.5,77.0,12.7,19.0,12.95,1756,535,0.0,12,53.45788043478261,65.0,12.0,0.0,29.375,41.846283,-87.656913,9,50691.69746454663,77.0,0.7236785560807907,12.0,88.5,64.5,12.0,12.7,17.307692307692307,0.2243897722389331,67.43661366566394,0,0,1,0,0,0,0
2327,44460,88.5,64.5,77.0,12.7,19.0,12.95,1756,535,0.0,12,53.45788043478261,65.0,12.0,0.0,29.375,41.921965,-87.632085,9,50689.0206185567,77.0,0.7233676975945017,12.0,88.5,64.5,12.0,12.7,17.308419243986258,0.22429338487972394,67.43556701030927,0,1,0,0,0,0,0
2328,44460,88.5,64.5,77.0,12.7,19.0,12.95,1756,535,0.0,12,53.45788043478261,65.0,12.0,0.0,29.375,41.921965,-87.632085,9,50686.346071275235,77.0,0.7230571060541005,12.0,88.5,64.5,12.0,12.7,17.309145556032632,0.22419708029196966,67.43452125375698,0,0,1,0,0,0,0
2329,44460,88.5,64.5,77.0,12.7,19.0,12.95,1756,535,0.0,12,53.45788043478261,65.0,12.0,0.0,29.375,41.823065,-87.67837800000002,9,50683.67381974249,77.0,0.7227467811158799,12.0,88.5,64.5,12.0,12.7,17.309871244635193,0.2241008583690976,67.43347639484979,0,1,0,0,0,0,0
2330,44460,88.5,64.5,77.0,12.7,19.0,12.95,1756,535,0.0,12,53.45788043478261,65.0,12.0,0.0,29.375,41.823065,-87.67837800000002,9,50681.00386100387,77.0,0.7224367224367224,12.0,88.5,64.5,12.0,12.7,17.31059631059631,0.22400471900471788,67.43243243243244,0,0,1,0,0,0,0
2331,44460,88.5,64.5,77.0,12.7,19.0,12.95,1756,535,0.0,12,53.45788043478261,65.0,12.0,0.0,29.375,41.801179,-87.679447,9,50678.336192109775,77.0,0.7221269296740995,12.0,88.5,64.5,12.0,12.7,17.31132075471698,0.2239086620926232,67.43138936535163,0,1,0,0,0,0,0
2332,44460,88.5,64.5,77.0,12.7,19.0,12.95,1756,535,0.0,12,53.45788043478261,65.0,12.0,0.0,29.375,41.800737,-87.71188000000002,9,50675.670810115735,77.0,0.7218174024860694,12.0,88.5,64.5,12.0,12.7,17.312044577796833,0.2238126875267884,67.43034719245607,0,1,0,0,0,0,0
2333,44460,88.5,64.5,77.0,12.7,19.0,12.95,1756,535,0.0,12,53.45788043478261,65.0,12.0,0.0,29.375,41.800737,-87.71188000000002,9,50673.00771208227,77.0,0.7215081405312768,12.0,88.5,64.5,12.0,12.7,17.312767780634104,0.22371679520136992,67.42930591259639,0,0,1,0,0,0,0
2334,44460,88.5,64.5,77.0,12.7,19.0,12.95,1756,535,0.0,12,53.45788043478261,65.0,12.0,0.0,29.375,41.82561,-87.726549,9,50670.34689507495,77.0,0.7211991434689508,12.0,88.5,64.5,12.0,12.7,17.313490364025697,0.22362098501070551,67.42826552462527,0,1,0,0,0,0,0
2335,44460,88.5,64.5,77.0,12.7,19.0,12.95,1756,535,0.0,12,53.45788043478261,65.0,12.0,0.0,29.375,41.891126,-87.61156,9,50667.688356164384,77.0,0.7208904109589042,12.0,88.5,64.5,12.0,12.7,17.314212328767127,0.22352525684931396,67.42722602739725,0,1,0,0,0,0,0
2336,44460,88.5,64.5,77.0,12.7,19.0,12.95,1756,535,0.0,12,53.45788043478261,65.0,12.0,0.0,29.375,41.891126,-87.61156,9,50665.03209242619,77.0,0.7205819426615319,12.0,88.5,64.5,12.0,12.7,17.314933675652547,0.22342961061189445,67.42618741976894,0,0,1,0,0,0,0
2337,44460,88.5,64.5,77.0,12.7,19.0,12.95,1756,535,0.0,12,53.45788043478261,65.0,12.0,0.0,29.375,41.891126,-87.61156,9,50662.378100940965,77.0,0.7202737382378099,12.0,88.5,64.5,12.0,12.7,17.315654405474767,0.2233340461933265,67.42514970059881,0,0,0,0,0,0,1
2338,44460,88.5,64.5,77.0,12.7,19.0,12.95,1756,535,0.0,12,53.45788043478261,65.0,12.0,0.0,29.375,41.961743,-87.76007,9,50659.72637879437,77.0,0.7199657973492946,12.0,88.5,64.5,12.0,12.7,17.316374519025224,0.22323856348866924,67.42411286874733,0,0,0,0,0,0,1
2339,44460,88.5,64.5,77.0,12.7,19.0,12.95,1756,535,0.0,12,53.45788043478261,65.0,12.0,0.0,29.375,41.999129,-87.795585,9,50657.076923076915,77.0,0.7196581196581197,12.0,88.5,64.5,12.0,12.7,17.317094017094018,0.2231431623931613,67.42307692307692,0,1,0,0,0,0,0
2340,44460,88.5,64.5,77.0,12.7,19.0,12.95,1756,535,0.0,12,53.45788043478261,65.0,12.0,0.0,29.375,41.94016,-87.794896,9,50654.429730884236,77.0,0.719350704826997,12.0,88.5,64.5,12.0,12.7,17.317812900469885,0.22304784280222012,67.42204186245195,0,1,0,0,0,0,0
2341,44460,88.5,64.5,77.0,12.7,19.0,12.95,1756,535,0.0,12,53.45788043478261,65.0,12.0,0.0,29.375,41.878114,-87.629798,9,50651.784799316825,77.0,0.7190435525192144,12.0,88.5,64.5,12.0,12.7,17.318531169940222,0.2229526046114421,67.42100768573869,0,1,0,0,0,0,0
2342,44460,88.5,64.5,77.0,12.7,19.0,12.95,1756,535,0.0,12,53.45788043478261,65.0,12.0,0.0,29.375,41.878114,-87.629798,9,50649.142125480146,77.0,0.7187366623986342,12.0,88.5,64.5,12.0,12.7,17.31924882629108,0.22285744771660151,67.41997439180538,0,0,1,0,0,0,0
2343,44460,88.5,64.5,77.0,12.7,19.0,12.95,1756,535,0.0,12,53.45788043478261,65.0,12.0,0.0,29.375,41.958271,-87.702575,9,50646.50170648464,77.0,0.7184300341296929,12.0,88.5,64.5,12.0,12.7,17.31996587030717,0.2227623720136508,67.41894197952219,0,1,0,0,0,0,0
2344,44460,88.5,64.5,77.0,12.7,19.0,12.95,1756,535,0.0,12,53.45788043478261,65.0,12.0,0.0,29.375,42.01743,-87.68776899999996,9,50643.863539445636,77.0,0.7181236673773987,12.0,88.5,64.5,12.0,12.7,17.320682302771854,0.2226673773987196,67.41791044776119,0,1,0,0,0,0,0
2345,44460,88.5,64.5,77.0,12.7,19.0,12.95,1756,535,0.0,12,53.45788043478261,65.0,12.0,0.0,29.375,42.01743,-87.68776899999996,9,50641.22762148338,77.0,0.7178175618073316,12.0,88.5,64.5,12.0,12.7,17.321398124467176,0.2225724637681148,67.41687979539643,0,0,1,0,0,0,0
2346,44460,88.5,64.5,77.0,12.7,19.0,12.95,1756,535,0.0,12,53.45788043478261,65.0,12.0,0.0,29.375,41.994469,-87.667736,9,50638.59394972305,77.0,0.7175117170856412,12.0,88.5,64.5,12.0,12.7,17.32211333617384,0.22247763101832013,67.4158500213038,0,1,0,0,0,0,0
2347,44460,88.5,64.5,77.0,12.7,19.0,12.95,1756,535,0.0,12,53.45788043478261,65.0,12.0,0.0,29.375,41.994469,-87.667736,9,50635.962521294714,77.0,0.7172061328790459,12.0,88.5,64.5,12.0,12.7,17.32282793867121,0.22238287904599546,67.41482112436115,0,0,1,0,0,0,0
2348,44460,88.5,64.5,77.0,12.7,19.0,12.95,1756,535,0.0,12,53.45788043478261,65.0,12.0,0.0,29.375,41.994469,-87.667736,9,50633.33333333334,77.0,0.7169008088548319,12.0,88.5,64.5,12.0,12.7,17.323541932737335,0.22228820774797675,67.41379310344827,0,0,0,1,0,0,0
2349,44460,88.5,64.5,77.0,12.7,19.0,12.95,1756,535,0.0,12,53.45788043478261,65.0,12.0,0.0,29.375,42.006858,-87.675919,9,50630.70638297872,77.0,0.7165957446808511,12.0,88.5,64.5,12.0,12.7,17.324255319148936,0.22219361702127546,67.41276595744681,0,0,0,0,0,0,1
2350,44460,88.5,64.5,77.0,12.7,19.0,12.95,1756,535,0.0,12,53.45788043478261,65.0,12.0,0.0,29.375,41.916265,-87.800515,9,50628.08166737558,77.0,0.7162909400255211,12.0,88.5,64.5,12.0,12.7,17.324968098681413,0.2220991067630784,67.41173968524032,0,1,0,0,0,0,0
2351,44460,88.5,64.5,77.0,12.7,19.0,12.95,1756,535,0.0,12,53.45788043478261,65.0,12.0,0.0,29.375,41.916265,-87.800515,9,50625.45918367347,77.0,0.7159863945578231,12.0,88.5,64.5,12.0,12.7,17.325680272108844,0.2220046768707472,67.41071428571429,0,0,1,0,0,0,0
2352,44460,88.5,64.5,77.0,12.7,19.0,12.95,1756,535,0.0,12,53.45788043478261,65.0,12.0,0.0,29.375,41.846075,-87.716277,9,50622.838929026766,77.0,0.7156821079473014,12.0,88.5,64.5,12.0,12.7,17.326391840203993,0.22191032724181786,67.40968975775606,0,1,0,0,0,0,0
2353,44460,88.5,64.5,77.0,12.7,19.0,12.95,1756,535,0.0,12,53.45788043478261,65.0,12.0,0.0,29.375,41.846075,-87.716277,9,50620.22090059473,77.0,0.7153780798640612,12.0,88.5,64.5,12.0,12.7,17.327102803738317,0.22181605777400054,67.40866610025489,0,0,1,0,0,0,0
2354,44460,88.5,64.5,77.0,12.7,19.0,12.95,1756,535,0.0,12,53.45788043478261,65.0,12.0,0.0,29.375,41.846075,-87.716277,9,50617.605095541396,77.0,0.7150743099787685,12.0,88.5,64.5,12.0,12.7,17.327813163481952,0.22172186836517932,67.40764331210191,0,0,0,0,0,0,1
2355,44460,88.5,64.5,77.0,12.7,19.0,12.95,1756,535,0.0,12,53.45788043478261,65.0,12.0,0.0,29.375,41.907645,-87.760886,9,50614.99151103565,77.0,0.7147707979626485,12.0,88.5,64.5,12.0,12.7,17.328522920203735,0.22162775891341144,67.40662139219015,0,1,0,0,0,0,0
2356,44460,88.5,64.5,77.0,12.7,19.0,12.95,1756,535,0.0,12,53.45788043478261,65.0,12.0,0.0,29.375,41.918705,-87.752329,9,50612.38014425117,77.0,0.7144675434874841,12.0,88.5,64.5,12.0,12.7,17.329232074671193,0.2215337293169272,67.4056003394145,0,1,0,0,0,0,0
2357,44460,88.5,64.5,77.0,12.7,19.0,12.95,1756,535,0.0,12,53.45788043478261,65.0,12.0,0.0,29.375,41.918705,-87.752329,9,50609.770992366415,77.0,0.714164546225615,12.0,88.5,64.5,12.0,12.7,17.32994062765055,0.2214397794741295,67.40458015267176,0,0,0,0,1,0,0
2358,44460,88.5,64.5,77.0,12.7,19.0,12.95,1756,535,0.0,12,53.45788043478261,65.0,12.0,0.0,29.375,41.966987,-87.674677,9,50607.164052564636,77.0,0.7138618058499364,12.0,88.5,64.5,12.0,12.7,17.33064857990674,0.22134590928359366,67.40356083086053,0,0,1,0,0,0,0
2359,44340,84.0,66.5,75.5,4.25,25.5,9.35,1755,536,0.0,12,53.45788043478261,65.0,10.5,0.0,29.44,41.82561,-87.726549,9,50604.50847457627,77.0,0.7135593220338983,12.0,88.5,64.5,12.0,12.7,17.334110169491524,0.2212521186440667,67.40254237288136,0,0,1,0,0,0,0
2360,44340,84.0,66.5,75.5,4.25,25.5,9.35,1755,536,0.0,12,53.45788043478261,65.0,10.5,0.0,29.44,41.778297,-87.752411,9,50601.85514612452,77.0,0.7132570944515036,12.0,88.5,64.5,12.0,12.7,17.33756882676832,0.22115840745446733,67.40152477763661,0,1,0,0,0,0,0
2361,44340,84.0,66.5,75.5,4.25,25.5,9.35,1755,536,0.0,12,53.45788043478261,65.0,10.5,0.0,29.44,41.778297,-87.752411,9,50599.204064352234,77.0,0.7129551227773073,12.0,88.5,64.5,12.0,12.7,17.341024555461473,0.2210647756138854,67.40050804403049,0,0,1,0,0,0,0
2362,44340,84.0,66.5,75.5,4.25,25.5,9.35,1755,536,0.0,12,53.45788043478261,65.0,10.5,0.0,29.44,41.778297,-87.752411,9,50596.55522640711,77.0,0.7126534066864155,12.0,88.5,64.5,12.0,12.7,17.344477359289037,0.2209712230215816,67.39949217096911,0,0,0,1,0,0,0
2363,44340,84.0,66.5,75.5,4.25,25.5,9.35,1755,536,0.0,12,53.45788043478261,65.0,10.5,0.0,29.44,41.778297,-87.752411,9,50593.908629441634,77.0,0.7123519458544839,12.0,88.5,64.5,12.0,12.7,17.347927241962775,0.22087774957698705,67.3984771573604,0,0,0,0,0,0,1
2364,44340,84.0,66.5,75.5,4.25,25.5,9.35,1755,536,0.0,12,53.45788043478261,65.0,10.5,0.0,29.44,41.77166,-87.703047,9,50591.264270613116,77.0,0.7120507399577167,12.0,88.5,64.5,12.0,12.7,17.35137420718816,0.2207843551797029,67.39746300211415,0,1,0,0,0,0,0
2365,44340,84.0,66.5,75.5,4.25,25.5,9.35,1755,536,0.0,12,53.45788043478261,65.0,10.5,0.0,29.44,41.77166,-87.703047,9,50588.62214708368,77.0,0.7117497886728656,12.0,88.5,64.5,12.0,12.7,17.354818258664412,0.22069103972950016,67.39644970414201,0,0,1,0,0,0,0
2366,44340,84.0,66.5,75.5,4.25,25.5,9.35,1755,536,0.0,12,53.45788043478261,65.0,10.5,0.0,29.44,41.759346,-87.745602,9,50585.98225602028,75.5,0.7114490916772286,10.5,84.0,64.5,12.0,12.7,17.358259400084492,0.22059780312631916,67.39543726235742,0,1,0,0,0,0,0
2367,44340,84.0,66.5,75.5,4.25,25.5,9.35,1755,536,0.0,12,53.45788043478261,65.0,10.5,0.0,29.44,41.759346,-87.745602,9,50583.34459459459,75.5,0.7111486486486487,10.5,84.0,64.5,12.0,12.7,17.361697635135137,0.2205046452702692,67.39442567567568,0,0,1,0,0,0,0
2368,44340,84.0,66.5,75.5,4.25,25.5,9.35,1755,536,0.0,12,53.45788043478261,65.0,10.5,0.0,29.44,41.759346,-87.745602,9,50580.70915998312,75.5,0.7108484592655129,10.5,84.0,64.5,12.0,12.7,17.365132967496837,0.22041156606162826,67.39341494301392,0,0,0,0,0,0,1
2369,44340,84.0,66.5,75.5,4.25,25.5,9.35,1755,536,0.0,12,53.45788043478261,65.0,10.5,0.0,29.44,41.797616,-87.797894,9,50578.07594936709,75.5,0.7105485232067511,10.5,84.0,66.5,12.0,12.7,17.36856540084388,0.2203185654008428,67.39240506329114,0,1,0,0,0,0,0
2370,44340,84.0,66.5,75.5,4.25,25.5,9.35,1755,536,0.0,12,53.45788043478261,65.0,10.5,0.0,29.44,41.797616,-87.797894,9,50575.444959932516,75.5,0.7102488401518346,10.5,84.0,66.5,12.0,12.7,17.37199493884437,0.22022564318852692,67.3913960354281,0,0,1,0,0,0,0
2371,44340,84.0,66.5,75.5,4.25,25.5,9.35,1755,536,0.0,12,53.45788043478261,65.0,10.5,0.0,29.44,41.781416,-87.77653199999996,9,50572.81618887014,75.5,0.7099494097807757,10.5,84.0,66.5,12.0,12.7,17.375421585160204,0.22013279932546265,67.39038785834738,0,1,0,0,0,0,0
2372,44340,84.0,66.5,75.5,4.25,25.5,9.35,1755,536,0.0,12,53.45788043478261,65.0,10.5,0.0,29.44,41.781416,-87.77653199999996,9,50570.18963337548,75.5,0.7096502317741256,10.5,84.0,66.5,12.0,12.7,17.378845343447114,0.22004003371259895,67.38938053097345,0,0,1,0,0,0,0
2373,44340,84.0,66.5,75.5,4.25,25.5,9.35,1755,536,0.0,12,53.45788043478261,65.0,10.5,0.0,29.44,41.773215,-87.60088,9,50567.565290648694,75.5,0.7093513058129739,10.5,84.0,66.5,12.0,12.7,17.382266217354676,0.219947346251052,67.38837405223252,0,1,0,0,0,0,0
2374,44340,84.0,66.5,75.5,4.25,25.5,9.35,1755,536,0.0,12,53.45788043478261,65.0,10.5,0.0,29.44,41.773215,-87.60088,9,50564.943157894726,75.5,0.7090526315789474,10.5,84.0,66.5,12.0,12.7,17.385684210526314,0.21985473684210416,67.38736842105264,0,0,1,0,0,0,0
2375,44340,84.0,66.5,75.5,4.25,25.5,9.35,1755,536,0.0,12,53.45788043478261,65.0,10.5,0.0,29.44,41.822536,-87.66634300000004,9,50562.32323232323,75.5,0.7087542087542088,10.5,84.0,66.5,12.0,12.7,17.389099326599325,0.21976220538720428,67.38636363636364,0,1,0,0,0,0,0
2376,44340,84.0,66.5,75.5,4.25,25.5,9.35,1755,536,0.0,12,53.45788043478261,65.0,10.5,0.0,29.44,41.799282,-87.585487,9,50559.70551114852,75.5,0.7084560370214557,10.5,84.0,66.5,12.0,12.7,17.39251156920488,0.2196697517879669,67.38535969709719,0,1,0,0,0,0,0
2377,44340,84.0,66.5,75.5,4.25,25.5,9.35,1755,536,0.0,12,53.45788043478261,65.0,10.5,0.0,29.44,41.794781,-87.615989,9,50557.08999158957,75.5,0.7081581160639192,10.5,84.0,66.5,12.0,12.7,17.39592094196804,0.21957737594617213,67.38435660218671,0,0,1,0,0,0,0
2378,44340,84.0,66.5,75.5,4.25,25.5,9.35,1755,536,0.0,12,53.45788043478261,65.0,10.5,0.0,29.44,41.778748,-87.586427,9,50554.47667087011,75.5,0.7078604455653636,10.5,84.0,66.5,12.0,12.7,17.399327448507776,0.2194850777637652,67.38335435056746,0,1,0,0,0,0,0
2379,44340,84.0,66.5,75.5,4.25,25.5,9.35,1755,536,0.0,12,53.45788043478261,65.0,10.5,0.0,29.44,41.775051,-87.65535600000004,9,50551.86554621848,75.5,0.7075630252100841,10.5,84.0,66.5,12.0,12.7,17.402731092436973,0.21939285714285606,67.38235294117646,0,0,1,0,0,0,0
2380,44340,84.0,66.5,75.5,4.25,25.5,9.35,1755,536,0.0,12,53.45788043478261,65.0,10.5,0.0,29.44,41.766202,-87.562889,9,50549.25661486769,75.5,0.7072658546829064,10.5,84.0,66.5,12.0,12.7,17.406131877362448,0.2193007139857192,67.38135237295253,0,1,0,0,0,0,0
2381,44340,84.0,66.5,75.5,4.25,25.5,9.35,1755,536,0.0,12,53.45788043478261,65.0,10.5,0.0,29.44,41.766202,-87.562889,9,50546.64987405542,75.5,0.7069689336691856,10.5,84.0,66.5,12.0,12.7,17.409529806884972,0.2192086481947932,67.38035264483628,0,0,1,0,0,0,0
2382,44340,84.0,66.5,75.5,4.25,25.5,9.35,1755,536,0.0,12,53.45788043478261,65.0,10.5,0.0,29.44,41.766202,-87.562889,9,50544.045321023914,75.5,0.7066722618548049,10.5,84.0,66.5,12.0,12.7,17.412924884599246,0.2191166596726804,67.37935375577004,0,0,0,0,0,0,1
2383,44340,84.0,66.5,75.5,4.25,25.5,9.35,1755,536,0.0,12,53.45788043478261,65.0,10.5,0.0,29.44,41.754676,-87.612922,9,50541.44295302014,75.5,0.7063758389261745,10.5,84.0,66.5,12.0,12.7,17.41631711409396,0.21902474832214652,67.37835570469798,0,0,1,0,0,0,0
2384,44340,84.0,66.5,75.5,4.25,25.5,9.35,1755,536,0.0,12,53.45788043478261,65.0,10.5,0.0,29.44,41.821582,-87.62779599999998,9,50538.842767295595,75.5,0.7060796645702306,10.5,84.0,66.5,12.0,12.7,17.419706498951786,0.21893291404612047,67.37735849056604,0,0,1,0,0,0,0
2385,44340,84.0,66.5,75.5,4.25,25.5,9.35,1755,536,0.0,12,53.45788043478261,65.0,10.5,0.0,29.44,41.821582,-87.62779599999998,9,50536.244761106456,75.5,0.7057837384744342,10.5,84.0,66.5,12.0,12.7,17.423093042749368,0.21884115674769375,67.37636211232186,0,0,0,0,0,0,1
2386,44340,84.0,66.5,75.5,4.25,25.5,9.35,1755,536,0.0,12,53.45788043478261,65.0,10.5,0.0,29.44,41.803423,-87.642984,9,50533.64893171345,75.5,0.7054880603267699,10.5,84.0,66.5,12.0,12.7,17.426476749057393,0.2187494763301204,67.37536656891496,0,1,0,0,0,0,0
2387,44340,84.0,66.5,75.5,4.25,25.5,9.35,1755,536,0.0,12,53.45788043478261,65.0,10.5,0.0,29.44,41.754292,-87.590773,9,50531.055276381914,75.5,0.7051926298157454,10.5,84.0,66.5,12.0,4.25,17.429857621440533,0.2186578726968163,67.37437185929649,0,0,0,0,0,0,1
2388,44340,84.0,66.5,75.5,4.25,25.5,9.35,1755,536,0.0,12,53.45788043478261,65.0,10.5,0.0,29.44,41.692555,-87.598865,9,50528.46379238175,75.5,0.7048974466303893,10.5,84.0,66.5,12.0,4.25,17.433235663457513,0.2185663457513593,67.37337798241943,0,0,1,0,0,0,0
2389,44340,84.0,66.5,75.5,4.25,25.5,9.35,1755,536,0.0,12,53.45788043478261,65.0,10.5,0.0,29.44,41.721474,-87.648064,9,50525.874476987454,75.5,0.704602510460251,10.5,84.0,66.5,12.0,4.25,17.43661087866109,0.21847489539748846,67.37238493723851,0,1,0,0,0,0,0
2390,44340,84.0,66.5,75.5,4.25,25.5,9.35,1755,536,0.0,12,53.45788043478261,65.0,10.5,0.0,29.44,41.721474,-87.648064,9,50523.287327478036,75.5,0.7043078209953995,10.5,84.0,66.5,12.0,4.25,17.439983270598077,0.21838352153910387,67.37139272271017,0,0,1,0,0,0,0
2391,44340,84.0,66.5,75.5,4.25,25.5,9.35,1755,536,0.0,12,53.45788043478261,65.0,10.5,0.0,29.44,41.688324,-87.676709,9,50520.70234113713,75.5,0.7040133779264214,10.5,84.0,66.5,12.0,4.25,17.443352842809364,0.21829222408026647,67.37040133779264,0,1,0,0,0,0,0
2392,44340,84.0,66.5,75.5,4.25,25.5,9.35,1755,536,0.0,12,53.45788043478261,65.0,10.5,0.0,29.44,41.688324,-87.676709,9,50518.11951525282,75.5,0.7037191809444212,10.5,84.0,66.5,12.0,4.25,17.44671959882992,0.2182010029251974,67.36941078144588,0,0,1,0,0,0,0
2393,44340,84.0,66.5,75.5,4.25,25.5,9.35,1755,536,0.0,12,53.45788043478261,65.0,10.5,0.0,29.44,41.869107,-87.69629300000004,9,50515.538847117794,75.5,0.7034252297410192,10.5,84.0,66.5,12.0,4.25,17.450083542188807,0.21810985797827792,67.36842105263158,0,0,1,0,0,0,0
2394,44340,84.0,66.5,75.5,4.25,25.5,9.35,1755,536,0.0,12,53.45788043478261,65.0,10.5,0.0,29.44,41.723195,-87.64997,9,50512.96033402923,75.5,0.7031315240083508,10.5,84.0,66.5,12.0,4.25,17.453444676409188,0.21801878914404899,67.36743215031315,0,0,0,0,1,0,0
2395,44340,84.0,66.5,75.5,4.25,25.5,9.35,1755,536,0.0,12,53.45788043478261,65.0,10.5,0.0,29.44,41.868077,-87.666901,9,50510.383973288815,75.5,0.7028380634390651,10.5,84.0,66.5,12.0,4.25,17.456803005008343,0.2179277963272109,67.36644407345575,0,1,0,0,0,0,0
2396,44340,84.0,66.5,75.5,4.25,25.5,9.35,1755,536,0.0,12,53.45788043478261,65.0,10.5,0.0,29.44,41.868077,-87.666901,9,50507.80976220276,75.5,0.7025448477263245,10.5,84.0,66.5,12.0,4.25,17.460158531497704,0.217836879432623,67.36545682102629,0,0,1,0,0,0,0
2397,44340,84.0,66.5,75.5,4.25,25.5,9.35,1755,536,0.0,12,53.45788043478261,65.0,10.5,0.0,29.44,41.862292,-87.64886,9,50505.237698081735,75.5,0.7022518765638032,10.5,84.0,66.5,12.0,4.25,17.46351125938282,0.21774603836530326,67.36447039199332,0,1,0,0,0,0,0
2398,44340,84.0,66.5,75.5,4.25,25.5,9.35,1755,536,0.0,12,53.45788043478261,65.0,10.5,0.0,29.44,41.862292,-87.64886,9,50502.667778240924,75.5,0.7019591496456857,10.5,84.0,66.5,12.0,4.25,17.466861192163407,0.21765527303042825,67.36348478532722,0,0,1,0,0,0,0
2399,44340,84.0,66.5,75.5,4.25,25.5,9.35,1755,536,0.0,12,53.45788043478261,65.0,10.5,0.0,29.44,41.862292,-87.64886,9,50500.1,75.5,0.7016666666666667,10.5,84.0,66.5,12.0,4.25,17.470208333333332,0.21756458333333226,67.3625,0,0,0,0,0,0,1
2400,44340,84.0,66.5,75.5,4.25,25.5,9.35,1755,536,0.0,12,53.45788043478261,65.0,10.5,0.0,29.44,41.869216,-87.627561,9,50497.53436068305,75.5,0.7013744273219492,10.5,84.0,66.5,12.0,4.25,17.473552686380675,0.21747396917950745,67.36151603498543,0,1,0,0,0,0,0
2401,44340,84.0,66.5,75.5,4.25,25.5,9.35,1755,536,0.0,12,53.45788043478261,65.0,10.5,0.0,29.44,41.869216,-87.627561,9,50494.97085761865,75.5,0.701082431307244,10.5,84.0,66.5,12.0,4.25,17.476894254787677,0.2173834304746034,67.36053288925896,0,0,1,0,0,0,0
2402,44340,84.0,66.5,75.5,4.25,25.5,9.35,1755,536,0.0,12,53.45788043478261,65.0,10.5,0.0,29.44,41.720848,-87.666014,9,50492.409488139834,75.5,0.7007906783187682,10.5,84.0,66.5,12.0,4.25,17.480233042030793,0.2172929671244267,67.35955056179775,0,0,1,0,0,0,0
2403,44340,84.0,66.5,75.5,4.25,25.5,9.35,1755,536,0.0,12,53.45788043478261,65.0,10.5,0.0,29.44,41.720848,-87.666014,9,50489.85024958404,75.5,0.7004991680532446,10.5,84.0,66.5,12.0,4.25,17.483569051580695,0.21720257903494067,67.3585690515807,0,0,0,1,0,0,0
2404,44340,84.0,66.5,75.5,4.25,25.5,9.35,1755,536,0.0,12,53.45788043478261,65.0,10.5,0.0,29.44,41.704336,-87.70373599999998,9,50487.293139293135,75.5,0.7002079002079002,10.5,84.0,66.5,12.0,4.25,17.486902286902286,0.21711226611226503,67.35758835758836,0,1,0,0,0,0,0
2405,44340,84.0,66.5,75.5,4.25,25.5,9.35,1755,536,0.0,12,53.45788043478261,65.0,10.5,0.0,29.44,41.731922,-87.677512,9,50484.73815461346,75.5,0.6999168744804655,10.5,84.0,66.5,12.0,4.25,17.4902327514547,0.21702202826267555,67.356608478803,0,1,0,0,0,0,0
2406,44340,84.0,66.5,75.5,4.25,25.5,9.35,1755,536,0.0,12,53.45788043478261,65.0,10.5,0.0,29.44,41.731922,-87.677512,9,50482.18529289572,75.5,0.6996260905691732,10.5,84.0,66.5,12.0,4.25,17.493560448691312,0.2169318653926038,67.35562941420856,0,0,1,0,0,0,0
2407,44340,84.0,66.5,75.5,4.25,25.5,9.35,1755,536,0.0,12,53.45788043478261,65.0,10.5,0.0,29.44,41.733643,-87.55551,9,50479.63455149502,75.5,0.6993355481727574,10.5,84.0,66.5,12.0,4.25,17.4968853820598,0.2168417774086368,67.3546511627907,0,1,0,0,0,0,0
2408,44340,84.0,66.5,75.5,4.25,25.5,9.35,1755,536,0.0,12,53.45788043478261,65.0,10.5,0.0,29.44,41.733643,-87.55551,9,50477.08592777086,75.5,0.6990452469904525,10.5,84.0,66.5,12.0,4.25,17.500207555002074,0.21675176421751652,67.35367372353674,0,0,1,0,0,0,0
2409,44340,84.0,66.5,75.5,4.25,25.5,9.35,1755,536,0.0,12,53.45788043478261,65.0,10.5,0.0,29.44,41.717753,-87.531657,9,50474.53941908714,75.5,0.6987551867219917,10.5,84.0,66.5,12.0,4.25,17.503526970954358,0.21666182572614,67.35269709543569,0,1,0,0,0,0,0
2410,44340,84.0,66.5,75.5,4.25,25.5,9.35,1755,536,0.0,12,53.45788043478261,65.0,10.5,0.0,29.44,41.717753,-87.531657,9,50471.99502281211,75.5,0.6984653670676068,10.5,84.0,66.5,12.0,4.25,17.50684363334716,0.2165719618415584,67.35172127747822,0,0,1,0,0,0,0
2411,44340,84.0,66.5,75.5,4.25,25.5,9.35,1755,536,0.0,12,53.45788043478261,65.0,10.5,0.0,29.44,41.750498,-87.605294,9,50469.45273631841,75.5,0.6981757877280266,10.5,84.0,66.5,12.0,4.25,17.510157545605303,0.2164821724709773,67.35074626865672,0,0,1,0,0,0,0
2412,44340,84.0,66.5,75.5,4.25,25.5,9.35,1755,536,0.0,12,53.45788043478261,65.0,10.5,0.0,29.44,41.702724,-87.536497,9,50466.91255698301,75.5,0.6978864484044758,10.5,84.0,66.5,12.0,4.25,17.513468711147947,0.21639245752175607,67.34977206796518,0,1,0,0,0,0,0
2413,44340,84.0,66.5,75.5,4.25,25.5,9.35,1755,536,0.0,12,53.45788043478261,65.0,10.5,0.0,29.44,41.702724,-87.536497,9,50464.37448218724,75.5,0.6975973487986744,10.5,84.0,66.5,12.0,4.25,17.516777133388565,0.21630281690140732,67.34879867439933,0,0,1,0,0,0,0
2414,44340,84.0,66.5,75.5,4.25,25.5,9.35,1755,536,0.0,12,53.45788043478261,65.0,10.5,0.0,29.44,41.729669,-87.582699,9,50461.83850931677,75.5,0.6973084886128365,10.5,84.0,66.5,12.0,4.25,17.52008281573499,0.21621325051759724,67.34782608695652,0,1,0,0,0,0,0
2415,44340,84.0,66.5,75.5,4.25,25.5,9.35,1755,536,0.0,12,53.45788043478261,65.0,10.5,0.0,29.44,41.798697,-87.736812,9,50459.30463576159,75.5,0.6970198675496688,10.5,84.0,66.5,12.0,4.25,17.523385761589402,0.2161237582781446,67.34685430463576,0,1,0,0,0,0,0
2416,44340,84.0,66.5,75.5,4.25,25.5,9.35,1755,536,0.0,12,53.45788043478261,65.0,10.5,0.0,29.44,41.673408,-87.599862,9,50456.77285891602,75.5,0.6967314853123707,10.5,84.0,66.5,12.0,4.25,17.526685974348368,0.2160343400910208,67.34588332643773,0,1,0,0,0,0,0
2417,44340,84.0,66.5,75.5,4.25,25.5,9.35,1755,536,0.0,12,53.45788043478261,65.0,10.5,0.0,29.44,41.673408,-87.599862,9,50454.243176178665,75.5,0.6964433416046322,10.5,84.0,66.5,12.0,4.25,17.529983457402814,0.2159449958643496,67.34491315136475,0,0,1,0,0,0,0
2418,44340,84.0,66.5,75.5,4.25,25.5,9.35,1755,536,0.0,12,53.45788043478261,65.0,10.5,0.0,29.44,41.673408,-87.599862,9,50451.715584952464,75.5,0.6961554361306325,10.5,84.0,66.5,12.0,4.25,17.533278214138072,0.21585572550640653,67.34394377842084,0,0,0,1,0,0,0
2419,44340,84.0,66.5,75.5,4.25,25.5,9.35,1755,536,0.0,12,53.45788043478261,65.0,10.5,0.0,29.44,41.704572,-87.56566600000002,9,50449.19008264463,75.5,0.6958677685950413,10.5,84.0,66.5,12.0,4.25,17.536570247933884,0.21576652892561876,67.34297520661157,0,1,0,0,0,0,0
2420,44340,84.0,66.5,75.5,4.25,25.5,9.35,1755,536,0.0,12,53.45788043478261,65.0,10.5,0.0,29.44,41.704572,-87.56566600000002,9,50446.66666666666,75.5,0.6955803387030153,10.5,84.0,66.5,12.0,4.25,17.539859562164395,0.2156774060305648,67.34200743494424,0,0,1,0,0,0,0
2421,44340,84.0,66.5,75.5,4.25,25.5,9.35,1755,536,0.0,12,53.45788043478261,65.0,10.5,0.0,29.44,41.662014,-87.72460799999998,9,50444.145334434346,75.5,0.6952931461601982,10.5,84.0,66.5,12.0,4.25,17.543146160198184,0.21558835672997412,67.34104046242774,0,0,1,0,0,0,0
2422,44340,84.0,66.5,75.5,4.25,25.5,9.35,1755,536,0.0,12,53.45788043478261,65.0,10.5,0.0,29.44,41.72646500000001,-87.585413,9,50441.626083367715,75.5,0.6950061906727197,10.5,84.0,66.5,12.0,4.25,17.546430045398267,0.2154993809327269,67.34007428807264,0,1,0,0,0,0,0
2423,44340,84.0,66.5,75.5,4.25,25.5,9.35,1755,536,0.0,12,53.45788043478261,65.0,10.5,0.0,29.44,41.72646500000001,-87.585413,9,50439.10891089108,75.5,0.6947194719471947,10.5,84.0,66.5,12.0,4.25,17.549711221122113,0.2154104785478537,67.33910891089107,0,0,1,0,0,0,0
2424,44340,84.0,66.5,75.5,4.25,25.5,9.35,1755,536,0.0,12,53.45788043478261,65.0,10.5,0.0,29.44,41.72646500000001,-87.585413,9,50436.593814432985,75.5,0.6944329896907216,10.5,84.0,66.5,12.0,4.25,17.55298969072165,0.215321649484535,67.33814432989689,0,0,0,0,0,0,1
2425,44340,84.0,66.5,75.5,4.25,25.5,9.35,1755,536,0.0,12,53.45788043478261,65.0,10.5,0.0,29.44,41.878114,-87.629798,9,50434.08079142622,75.5,0.6941467436108821,10.5,84.0,66.5,12.0,4.25,17.55626545754328,0.21523289365210116,67.33718054410552,0,1,0,0,0,0,0
2426,44340,84.0,66.5,75.5,4.25,25.5,9.35,1755,536,0.0,12,53.45788043478261,65.0,10.5,0.0,29.44,41.958271,-87.702575,9,50431.569839307784,75.5,0.6938607334157396,10.5,84.0,66.5,12.0,4.25,17.559538524927895,0.21514421096003186,67.336217552534,0,0,1,0,0,0,0
2427,44340,84.0,66.5,75.5,4.25,25.5,9.35,1755,536,0.0,12,53.45788043478261,65.0,10.5,0.0,29.44,41.994469,-87.667736,9,50429.060955518944,75.5,0.6935749588138386,10.5,84.0,66.5,12.0,4.25,17.562808896210875,0.2150556013179561,67.33525535420097,0,0,0,0,0,0,1
2428,44340,84.0,66.5,75.5,4.25,25.5,9.35,1755,536,0.0,12,53.45788043478261,65.0,10.5,0.0,29.44,41.776156,-87.778927,9,50426.55413750515,75.5,0.6932894195142034,10.5,84.0,66.5,12.0,4.25,17.566076574722107,0.21496706463565146,67.3342939481268,0,1,0,0,0,0,0
2429,44340,84.0,66.5,75.5,4.25,25.5,9.35,1755,536,0.0,12,53.45788043478261,65.0,10.5,0.0,29.44,41.776156,-87.778927,9,50424.049382716046,75.5,0.6930041152263374,10.5,84.0,66.5,12.0,4.25,17.569341563786008,0.2148786008230442,67.33333333333333,0,0,1,0,0,0,0
2430,44340,84.0,66.5,75.5,4.25,25.5,9.35,1755,536,0.0,12,53.45788043478261,65.0,10.5,0.0,29.44,41.776156,-87.778927,9,50421.546688605515,75.5,0.6927190456602221,10.5,84.0,66.5,12.0,4.25,17.572603866721515,0.2147902097902087,67.3323735088441,0,0,0,0,0,0,1
2431,44340,84.0,66.5,75.5,4.25,25.5,9.35,1755,536,0.0,12,53.45788043478261,65.0,10.5,0.0,29.44,41.772846,-87.740029,9,50419.04605263158,75.5,0.6924342105263158,10.5,84.0,66.5,12.0,4.25,17.575863486842106,0.21470189144736732,67.3314144736842,0,1,0,0,0,0,0
2432,44340,84.0,66.5,75.5,4.25,25.5,9.35,1755,536,0.0,12,53.45788043478261,65.0,10.5,0.0,29.44,41.772846,-87.740029,9,50416.54747225648,75.5,0.6921496095355528,10.5,84.0,66.5,12.0,4.25,17.579120427455813,0.21461364570489,67.3304562268804,0,0,0,1,0,0,0
2433,44340,84.0,66.5,75.5,4.25,25.5,9.35,1755,536,0.0,12,53.45788043478261,65.0,10.5,0.0,29.44,41.772846,-87.740029,9,50414.05094494659,75.5,0.6918652423993427,10.5,84.0,66.5,12.0,4.25,17.582374691865244,0.2145254724732939,67.32949876746098,0,0,0,0,0,0,1
2434,44340,84.0,66.5,75.5,4.25,25.5,9.35,1755,536,0.0,12,53.45788043478261,65.0,10.5,0.0,29.44,41.825902,-87.667827,9,50411.55646817249,75.5,0.6915811088295688,10.5,84.0,66.5,12.0,4.25,17.585626283367557,0.21443737166324328,67.32854209445586,0,0,1,0,0,0,0
2435,44340,84.0,66.5,75.5,4.25,25.5,9.35,1755,536,0.0,12,53.45788043478261,65.0,10.5,0.0,29.44,41.682587,-87.707973,9,50409.06403940887,75.5,0.6912972085385879,10.5,84.0,66.5,12.0,4.25,17.588875205254517,0.21434934318554896,67.32758620689657,0,1,0,0,0,0,0
2436,44340,84.0,66.5,75.5,4.25,25.5,9.35,1755,536,0.0,12,53.45788043478261,65.0,10.5,0.0,29.44,41.682587,-87.707973,9,50406.57365613459,75.5,0.6910135412392285,10.5,84.0,66.5,12.0,4.25,17.592121460812475,0.2142613869511684,67.32663110381617,0,0,1,0,0,0,0
2437,44340,84.0,66.5,75.5,4.25,25.5,9.35,1755,536,0.0,12,53.45788043478261,65.0,10.5,0.0,29.44,41.682587,-87.707973,9,50404.08531583265,75.5,0.6907301066447908,10.5,84.0,66.5,12.0,4.25,17.595365053322393,0.2141735028712048,67.32567678424938,0,0,0,0,0,0,1
2438,44340,84.0,66.5,75.5,4.25,25.5,9.35,1755,536,0.0,12,53.45788043478261,65.0,10.5,0.0,29.44,41.903002,-87.68826700000002,9,50401.59901599016,75.5,0.6904469044690447,10.5,84.0,66.5,12.0,4.25,17.598605986059862,0.21408569085690748,67.32472324723247,0,1,0,0,0,0,0
2439,44340,84.0,66.5,75.5,4.25,25.5,9.35,1755,536,0.0,12,53.45788043478261,65.0,10.5,0.0,29.44,41.903002,-87.68826700000002,9,50399.11475409836,75.5,0.6901639344262295,10.5,84.0,66.5,12.0,4.25,17.601844262295078,0.21399795081967105,67.32377049180327,0,0,1,0,0,0,0
2440,44340,84.0,66.5,75.5,4.25,25.5,9.35,1755,536,0.0,12,53.45788043478261,65.0,10.5,0.0,29.44,41.719059,-87.675088,9,50396.632527652604,75.5,0.6898811962310528,10.5,84.0,66.5,12.0,4.25,17.605079885292913,0.21391028267103535,67.32281851700122,0,0,1,0,0,0,0
2441,44340,84.0,66.5,75.5,4.25,25.5,9.35,1755,536,0.0,12,53.45788043478261,65.0,10.5,0.0,29.44,41.678618,-87.559308,9,50394.152334152335,75.5,0.6895986895986896,10.5,84.0,66.5,12.0,4.25,17.608312858312853,0.21382268632268525,67.32186732186732,0,1,0,0,0,0,0
2442,44340,84.0,66.5,75.5,4.25,25.5,9.35,1755,536,0.0,12,53.45788043478261,65.0,10.5,0.0,29.44,41.678618,-87.559308,9,50391.67417110111,75.5,0.689316414244781,10.5,84.0,66.5,12.0,4.25,17.611543184609086,0.21373516168645,67.32091690544412,0,0,1,0,0,0,0
2443,44340,84.0,66.5,75.5,4.25,25.5,9.35,1755,536,0.0,12,53.45788043478261,65.0,10.5,0.0,29.44,41.737052,-87.54306700000002,9,50389.19803600655,75.5,0.6890343698854338,10.5,84.0,66.5,12.0,4.25,17.61477086743044,0.21364770867430333,67.31996726677578,0,0,1,0,0,0,0
2444,44340,84.0,66.5,75.5,4.25,25.5,9.35,1755,536,0.0,12,53.45788043478261,65.0,10.5,0.0,29.44,41.737052,-87.54306700000002,9,50386.72392638037,75.5,0.6887525562372188,10.5,84.0,66.5,12.0,4.25,17.61799591002045,0.21356032719836293,67.31901840490798,0,0,0,0,0,0,1
2445,44340,84.0,66.5,75.5,4.25,25.5,9.35,1755,536,0.0,12,53.45788043478261,65.0,10.5,0.0,29.44,41.740641,-87.546587,9,50384.25183973835,75.5,0.6884709730171709,10.5,84.0,66.5,12.0,4.25,17.621218315617334,0.21347301717089015,67.31807031888798,0,0,1,0,0,0,0
2446,44340,84.0,66.5,75.5,4.25,25.5,9.35,1755,536,0.0,12,53.45788043478261,65.0,10.5,0.0,29.44,41.740641,-87.546587,9,50381.781773600334,75.5,0.688189619942787,10.5,84.0,66.5,12.0,4.25,17.624438087454024,0.21338577850428989,67.31712300776461,0,0,0,0,0,0,1
2447,44340,84.0,66.5,75.5,4.25,25.5,9.35,1755,536,0.0,12,53.45788043478261,65.0,10.5,0.0,29.44,41.680946,-87.535198,9,50379.313725490196,75.5,0.6879084967320261,10.5,84.0,66.5,12.0,4.25,17.627655228758172,0.21329861111111004,67.31617647058823,0,1,0,0,0,0,0
2448,44340,84.0,66.5,75.5,4.25,25.5,9.35,1755,536,0.0,12,53.45788043478261,65.0,10.5,0.0,29.44,41.680946,-87.535198,9,50376.847692935895,75.5,0.6876276031033075,10.5,84.0,66.5,12.0,4.25,17.630869742752143,0.2132115149040414,67.31523070641077,0,0,1,0,0,0,0
2449,44340,84.0,66.5,75.5,4.25,25.5,9.35,1755,536,0.0,12,53.45788043478261,65.0,10.5,0.0,29.44,41.686398,-87.531635,9,50374.38367346938,75.5,0.6873469387755102,10.5,84.0,66.5,12.0,4.25,17.634081632653057,0.21312448979591728,67.31428571428572,0,0,1,0,0,0,0
2450,44340,84.0,66.5,75.5,4.25,25.5,9.35,1755,536,0.0,12,53.45788043478261,65.0,10.5,0.0,29.44,41.659112,-87.53869300000002,9,50371.92166462668,75.5,0.6870665034679723,10.5,84.0,66.5,12.0,4.25,17.63729090167279,0.2130375356997133,67.31334149326806,0,1,0,0,0,0,0
2451,43500,90.5,69.5,80.0,10.7,19.0,11.2,1746,541,0.0,18,53.45788043478261,68.5,15.0,0.0,29.305,41.95469,-87.800991,9,50369.119086460036,75.5,0.6867862969004894,10.5,84.0,66.5,12.0,4.25,17.637846655791193,0.21295065252854706,67.31382544861337,0,1,0,0,0,0,0
2452,43500,90.5,69.5,80.0,10.7,19.0,11.2,1746,541,0.0,18,53.45788043478261,68.5,15.0,0.0,29.305,41.95469,-87.800991,9,50366.31879331432,75.5,0.6865063187933144,10.5,84.0,66.5,12.0,4.25,17.63840195678761,0.2128638401956777,67.31430900937627,0,0,1,0,0,0,0
2453,43500,90.5,69.5,80.0,10.7,19.0,11.2,1746,541,0.0,18,53.45788043478261,68.5,15.0,0.0,29.305,41.964242,-87.757639,9,50363.52078239608,75.5,0.6862265688671557,10.5,84.0,66.5,12.0,4.25,17.638956805215972,0.21277709861450586,67.31479217603912,0,1,0,0,0,0,0
2454,43500,90.5,69.5,80.0,10.7,19.0,11.2,1746,541,0.0,18,53.45788043478261,68.5,15.0,0.0,29.305,41.964242,-87.757639,9,50360.725050916495,75.5,0.6859470468431772,10.5,84.0,66.5,12.0,4.25,17.63951120162933,0.21269042769857327,67.3152749490835,0,0,1,0,0,0,0
2455,43500,90.5,69.5,80.0,10.7,19.0,11.2,1746,541,0.0,18,53.45788043478261,68.5,15.0,0.0,29.305,41.96272800000001,-87.748367,9,50357.93159609121,75.5,0.6856677524429967,10.5,84.0,66.5,12.0,4.25,17.640065146579804,0.21260382736156244,67.31575732899023,0,1,0,0,0,0,0
2456,43500,90.5,69.5,80.0,10.7,19.0,11.2,1746,541,0.0,18,53.45788043478261,68.5,15.0,0.0,29.305,41.942114,-87.776385,9,50355.14041514041,75.5,0.6853886853886854,10.5,84.0,66.5,12.0,4.25,17.64061864061864,0.21251729751729645,67.31623931623932,0,0,1,0,0,0,0
2457,43500,90.5,69.5,80.0,10.7,19.0,11.2,1746,541,0.0,18,53.45788043478261,68.5,15.0,0.0,29.305,41.990284,-87.797127,9,50352.35150528885,75.5,0.6851098454027664,10.5,84.0,66.5,12.0,4.25,17.641171684296175,0.21243083807973856,67.31672091131,0,0,1,0,0,0,0
2458,43500,90.5,69.5,80.0,10.7,19.0,11.2,1746,541,0.0,18,53.45788043478261,68.5,15.0,0.0,29.305,41.994991,-87.769279,9,50349.564863765765,80.0,0.6848312322082147,15.0,90.5,66.5,18.0,4.25,17.641724278161856,0.212344448962992,67.31720211468078,0,1,0,0,0,0,0
2459,43500,90.5,69.5,80.0,10.7,19.0,11.2,1746,541,0.0,18,53.45788043478261,68.5,15.0,0.0,29.305,42.008314,-87.77792099999998,9,50346.780487804885,80.0,0.6845528455284553,15.0,90.5,66.5,18.0,4.25,17.642276422764226,0.21225813008129973,67.31768292682926,0,1,0,0,0,0,0
2460,43500,90.5,69.5,80.0,10.7,19.0,11.2,1746,541,0.0,18,53.45788043478261,68.5,15.0,0.0,29.305,41.98196400000001,-87.812827,9,50343.998374644456,80.0,0.6842746850873629,15.0,90.5,66.5,18.0,4.25,17.642828118650954,0.212171881349044,67.31816334823243,0,1,0,0,0,0,0
2461,43500,90.5,69.5,80.0,10.7,19.0,11.2,1746,541,0.0,18,53.45788043478261,68.5,15.0,0.0,29.305,41.99247800000001,-87.862995,9,50341.21852152722,80.0,0.6839967506092608,15.0,90.5,69.5,18.0,4.25,17.643379366368805,0.21208570268074628,67.31864337936636,0,1,0,0,0,0,0
2462,43500,90.5,69.5,80.0,10.7,19.0,11.2,1746,541,0.0,18,53.45788043478261,68.5,15.0,0.0,29.305,41.98196400000001,-87.812827,9,50338.44092570037,80.0,0.6837190418189201,15.0,90.5,69.5,18.0,4.25,17.64393016646366,0.21199959399106674,67.31912302070646,0,0,1,0,0,0,0
2463,43500,90.5,69.5,80.0,10.7,19.0,11.2,1746,541,0.0,18,53.45788043478261,68.5,15.0,0.0,29.305,41.99247800000001,-87.862995,9,50335.66558441558,80.0,0.6834415584415584,15.0,90.5,69.5,18.0,4.25,17.64448051948052,0.21191355519480407,67.31960227272727,0,0,1,0,0,0,0
2464,43500,90.5,69.5,80.0,10.7,19.0,11.2,1746,541,0.0,18,53.45788043478261,68.5,15.0,0.0,29.305,41.944869,-87.832763,9,50332.892494929016,80.0,0.6831643002028398,15.0,90.5,69.5,18.0,4.25,17.645030425963487,0.21182758620689549,67.32008113590264,0,1,0,0,0,0,0
2465,43500,90.5,69.5,80.0,10.7,19.0,11.2,1746,541,0.0,18,53.45788043478261,68.5,15.0,0.0,29.305,41.991429,-87.747113,9,50330.12165450122,80.0,0.6828872668288727,15.0,90.5,69.5,18.0,4.25,17.6455798864558,0.2117416869424158,67.3205596107056,0,1,0,0,0,0,0
2466,43500,90.5,69.5,80.0,10.7,19.0,11.2,1746,541,0.0,18,53.45788043478261,68.5,15.0,0.0,29.305,41.991429,-87.747113,9,50327.35306039725,80.0,0.68261045804621,15.0,90.5,69.5,18.0,4.25,17.646128901499797,0.21165585731657774,67.32103769760843,0,0,1,0,0,0,0
2467,43500,90.5,69.5,80.0,10.7,19.0,11.2,1746,541,0.0,18,53.45788043478261,68.5,15.0,0.0,29.305,41.991429,-87.747113,9,50324.58670988655,80.0,0.6823338735818476,15.0,90.5,69.5,18.0,4.25,17.646677471636952,0.2115700972447315,67.32151539708265,0,0,0,1,0,0,0
2468,43500,90.5,69.5,80.0,10.7,19.0,11.2,1746,541,0.0,18,53.45788043478261,68.5,15.0,0.0,29.305,41.923738,-87.785288,9,50321.82260024302,80.0,0.6820575131632239,15.0,90.5,69.5,18.0,4.25,17.647225597407857,0.21148440664236426,67.32199270959903,0,1,0,0,0,0,0
2469,43500,90.5,69.5,80.0,10.7,19.0,11.2,1746,541,0.0,18,53.45788043478261,68.5,15.0,0.0,29.305,41.923738,-87.785288,9,50319.06072874494,80.0,0.6817813765182186,15.0,90.5,69.5,18.0,4.25,17.647773279352226,0.21139878542510016,67.32246963562753,0,0,1,0,0,0,0
2470,43500,90.5,69.5,80.0,10.7,19.0,11.2,1746,541,0.0,18,53.45788043478261,68.5,15.0,0.0,29.305,41.970248,-87.787992,9,50316.30109267503,80.0,0.6815054633751517,15.0,90.5,69.5,18.0,4.25,17.648320518008898,0.21131323350869985,67.3229461756374,0,1,0,0,0,0,0
2471,43500,90.5,69.5,80.0,10.7,19.0,11.2,1746,541,0.0,18,53.45788043478261,68.5,15.0,0.0,29.305,41.970248,-87.787992,9,50313.54368932039,80.0,0.6812297734627831,15.0,90.5,69.5,18.0,4.25,17.648867313915858,0.2112277508090604,67.32342233009709,0,0,1,0,0,0,0
2472,43500,90.5,69.5,80.0,10.7,19.0,11.2,1746,541,0.0,18,53.45788043478261,68.5,15.0,0.0,29.305,41.974089,-87.824812,9,50310.7885159725,80.0,0.6809543065103114,15.0,90.5,69.5,18.0,4.25,17.649413667610194,0.21114233724221487,67.32389809947432,0,1,0,0,0,0,0
2473,43500,90.5,69.5,80.0,10.7,19.0,11.2,1746,541,0.0,18,53.45788043478261,68.5,15.0,0.0,29.305,42.011601,-87.81150600000002,9,50308.03556992723,80.0,0.6806790622473726,15.0,90.5,69.5,18.0,4.25,17.649959579628128,0.211056992724332,67.32437348423605,0,1,0,0,0,0,0
2474,43500,90.5,69.5,80.0,10.7,19.0,11.2,1746,541,0.0,18,53.45788043478261,68.5,15.0,0.0,29.305,42.011601,-87.81150600000002,9,50305.28484848485,80.0,0.6804040404040405,15.0,90.5,69.5,18.0,4.25,17.650505050505053,0.2109717171717161,67.32484848484849,0,0,1,0,0,0,0
2475,43500,90.5,69.5,80.0,10.7,19.0,11.2,1746,541,0.0,18,53.45788043478261,68.5,15.0,0.0,29.305,41.960616,-87.777189,9,50302.53634894992,80.0,0.6801292407108239,15.0,90.5,69.5,18.0,4.25,17.651050080775445,0.2108865105008067,67.32532310177707,0,0,1,0,0,0,0
2476,43500,90.5,69.5,80.0,10.7,19.0,11.2,1746,541,0.0,18,53.45788043478261,68.5,15.0,0.0,29.305,41.94983,-87.69845699999998,9,50299.79006863142,80.0,0.6798546628986677,15.0,90.5,69.5,18.0,4.25,17.651594670972948,0.2108013726281782,67.32579733548647,0,0,1,0,0,0,0
2477,43500,90.5,69.5,80.0,10.7,19.0,11.2,1746,541,0.0,18,53.45788043478261,68.5,15.0,0.0,29.305,41.979243,-87.750938,9,50297.04600484262,80.0,0.6795803066989508,15.0,90.5,69.5,18.0,4.25,17.652138821630352,0.21071630347053968,67.32627118644068,0,1,0,0,0,0,0
2478,43500,90.5,69.5,80.0,10.7,19.0,11.2,1746,541,0.0,18,53.45788043478261,68.5,15.0,0.0,29.305,41.979243,-87.750938,9,50294.30415490117,80.0,0.6793061718434853,15.0,90.5,69.5,18.0,4.25,17.65268253327955,0.21063130294473476,67.32674465510286,0,0,1,0,0,0,0
2479,43500,90.5,69.5,80.0,10.7,19.0,11.2,1746,541,0.0,18,53.45788043478261,68.5,15.0,0.0,29.305,41.98480900000001,-87.728492,9,50291.56451612903,80.0,0.6790322580645162,15.0,90.5,69.5,18.0,10.7,17.653225806451616,0.21054637096774087,67.32721774193547,0,1,0,0,0,0,0
2480,43500,90.5,69.5,80.0,10.7,19.0,11.2,1746,541,0.0,18,53.45788043478261,68.5,15.0,0.0,29.305,41.98480900000001,-87.728492,9,50288.82708585248,80.0,0.6787585650947199,15.0,90.5,69.5,18.0,10.7,17.653768641676745,0.21046150745666964,67.32769044740024,0,0,1,0,0,0,0
2481,43500,90.5,69.5,80.0,10.7,19.0,11.2,1746,541,0.0,18,53.45788043478261,68.5,15.0,0.0,29.305,41.98480900000001,-87.728492,9,50286.09186140209,80.0,0.6784850926672039,15.0,90.5,69.5,18.0,10.7,17.654311039484288,0.21037671232876606,67.3281627719581,0,0,0,0,0,0,1
2482,43500,90.5,69.5,80.0,10.7,19.0,11.2,1746,541,0.0,18,53.45788043478261,68.5,15.0,0.0,29.305,41.986921,-87.689778,9,50283.35884011276,80.0,0.6782118405155054,15.0,90.5,69.5,18.0,10.7,17.65485300040274,0.2102919855014085,67.32863471606927,0,1,0,0,0,0,0
2483,43500,90.5,69.5,80.0,10.7,19.0,11.2,1746,541,0.0,18,53.45788043478261,68.5,15.0,0.0,29.305,41.986921,-87.689778,9,50280.62801932368,80.0,0.677938808373591,15.0,90.5,69.5,18.0,10.7,17.655394524959746,0.21020732689210844,67.32910628019323,0,0,1,0,0,0,0
2484,43500,90.5,69.5,80.0,10.7,19.0,11.2,1746,541,0.0,18,53.45788043478261,68.5,15.0,0.0,29.305,41.986921,-87.689778,9,50277.89939637827,80.0,0.6776659959758551,15.0,90.5,69.5,18.0,10.7,17.655935613682093,0.21012273641851,67.32957746478873,0,0,0,1,0,0,0
2485,43500,90.5,69.5,80.0,10.7,19.0,11.2,1746,541,0.0,18,53.45788043478261,68.5,15.0,0.0,29.305,41.89923,-87.716788,9,50275.1729686243,80.0,0.6773934030571199,15.0,90.5,69.5,18.0,10.7,17.656476267095734,0.21003821399838996,67.33004827031375,0,1,0,0,0,0,0
2486,43500,90.5,69.5,80.0,10.7,19.0,11.2,1746,541,0.0,18,53.45788043478261,68.5,15.0,0.0,29.305,41.89923,-87.716788,9,50272.44873341375,80.0,0.6771210293526337,15.0,90.5,69.5,18.0,10.7,17.657016485725773,0.2099537595496572,67.33051869722557,0,0,1,0,0,0,0
2487,43500,90.5,69.5,80.0,10.7,19.0,11.2,1746,541,0.0,18,53.45788043478261,68.5,15.0,0.0,29.305,41.801498,-87.763416,9,50269.72668810289,80.0,0.6768488745980707,15.0,90.5,69.5,18.0,10.7,17.657556270096464,0.20986937299035266,67.3309887459807,0,1,0,0,0,0,0
2488,43500,90.5,69.5,80.0,10.7,19.0,11.2,1746,541,0.0,18,53.45788043478261,68.5,15.0,0.0,29.305,41.801498,-87.763416,9,50267.006830052225,80.0,0.6765769385295299,15.0,90.5,69.5,18.0,10.7,17.658095620731217,0.20978505423864896,67.33145841703495,0,0,1,0,0,0,0
2489,43500,90.5,69.5,80.0,10.7,19.0,11.2,1746,541,0.0,18,53.45788043478261,68.5,15.0,0.0,29.305,41.906638,-87.701431,9,50264.2891566265,80.0,0.6763052208835342,15.0,90.5,69.5,18.0,10.7,17.658634538152608,0.20970080321285034,67.33192771084336,0,1,0,0,0,0,0
2490,43500,90.5,69.5,80.0,10.7,19.0,11.2,1746,541,0.0,18,53.45788043478261,68.5,15.0,0.0,29.305,41.906638,-87.701431,9,50261.5736651947,80.0,0.6760337213970293,15.0,90.5,69.5,18.0,10.7,17.659173022882378,0.209616619831392,67.33239662786029,0,0,1,0,0,0,0
2491,43500,90.5,69.5,80.0,10.7,19.0,11.2,1746,541,0.0,18,53.45788043478261,68.5,15.0,0.0,29.305,41.843811,-87.686763,9,50258.86035313002,80.0,0.6757624398073836,15.0,90.5,69.5,18.0,10.7,17.65971107544141,0.20953250401284004,67.33286516853933,0,0,1,0,0,0,0
2492,43500,90.5,69.5,80.0,10.7,19.0,11.2,1746,541,0.0,18,53.45788043478261,68.5,15.0,0.0,29.305,41.836644,-87.677737,9,50256.14921780987,80.0,0.6754913758523867,15.0,90.5,69.5,18.0,10.7,17.66024869634978,0.20944845567589146,67.33333333333333,0,1,0,0,0,0,0
2493,43500,90.5,69.5,80.0,10.7,19.0,11.2,1746,541,0.0,18,53.45788043478261,68.5,15.0,0.0,29.305,41.763733,-87.742302,9,50253.44025661588,80.0,0.6752205292702486,15.0,90.5,69.5,18.0,10.7,17.660785886126703,0.20936447473937345,67.33380112269447,0,1,0,0,0,0,0
2494,43500,90.5,69.5,80.0,10.7,19.0,11.2,1746,541,0.0,18,53.45788043478261,68.5,15.0,0.0,29.305,41.836644,-87.677737,9,50250.73346693387,80.0,0.6749498997995992,15.0,90.5,69.5,18.0,10.7,17.661322645290582,0.20928056112224344,67.33426853707415,0,0,1,0,0,0,0
2495,43500,90.5,69.5,80.0,10.7,19.0,11.2,1746,541,0.0,18,53.45788043478261,68.5,15.0,0.0,29.305,41.763733,-87.742302,9,50248.02884615384,80.0,0.6746794871794872,15.0,90.5,69.5,18.0,10.7,17.661858974358974,0.2091967147435887,67.33473557692308,0,0,1,0,0,0,0
2496,43500,90.5,69.5,80.0,10.7,19.0,11.2,1746,541,0.0,18,53.45788043478261,68.5,15.0,0.0,29.305,41.836644,-87.677737,9,50245.32639167,80.0,0.6744092911493793,15.0,90.5,69.5,18.0,10.7,17.662394873848623,0.20911293552262608,67.33520224269122,0,0,0,0,0,0,1
2497,43500,90.5,69.5,80.0,10.7,19.0,11.2,1746,541,0.0,18,53.45788043478261,68.5,15.0,0.0,29.305,41.763733,-87.742302,9,50242.62610088071,80.0,0.6741393114491593,15.0,90.5,69.5,18.0,10.7,17.662930344275424,0.20902922337870192,67.33566853482786,0,0,0,0,0,0,1
2498,43500,90.5,69.5,80.0,10.7,19.0,11.2,1746,541,0.0,18,53.45788043478261,68.5,15.0,0.0,29.305,41.837085,-87.729384,9,50239.927971188474,80.0,0.6738695478191277,15.0,90.5,69.5,18.0,10.7,17.663465386154467,0.20894557823129145,67.33613445378151,0,1,0,0,0,0,0
2499,43500,90.5,69.5,80.0,10.7,19.0,11.2,1746,541,0.0,18,53.45788043478261,68.5,15.0,0.0,29.305,41.837085,-87.729384,9,50237.232,80.0,0.6736,15.0,90.5,69.5,18.0,10.7,17.664,0.20886199999999894,67.3366,0,0,1,0,0,0,0
2500,43500,90.5,69.5,80.0,10.7,19.0,11.2,1746,541,0.0,18,53.45788043478261,68.5,15.0,0.0,29.305,41.921177,-87.79518,9,50234.538184726116,80.0,0.6733306677329068,15.0,90.5,69.5,18.0,10.7,17.66453418632547,0.2087784886045571,67.33706517393043,0,1,0,0,0,0,0
2501,43500,90.5,69.5,80.0,10.7,19.0,11.2,1746,541,0.0,18,53.45788043478261,68.5,15.0,0.0,29.305,41.911824,-87.726737,9,50231.846522781765,80.0,0.6730615507593924,15.0,90.5,69.5,18.0,10.7,17.665067945643486,0.20869504396482708,67.33752997601918,0,1,0,0,0,0,0
2502,43500,90.5,69.5,80.0,10.7,19.0,11.2,1746,541,0.0,18,53.45788043478261,68.5,15.0,0.0,29.305,41.868142,-87.696269,9,50229.157011586096,80.0,0.6727926488214143,15.0,90.5,69.5,18.0,10.7,17.66560127846584,0.208611666000798,67.33799440671194,0,1,0,0,0,0,0
2503,43500,90.5,69.5,80.0,10.7,19.0,11.2,1746,541,0.0,18,53.45788043478261,68.5,15.0,0.0,29.305,41.867108,-87.654224,9,50226.469648562306,80.0,0.6725239616613419,15.0,90.5,69.5,18.0,10.7,17.666134185303516,0.2085283546325868,67.33845846645367,0,1,0,0,0,0,0
2504,43500,90.5,69.5,80.0,10.7,19.0,11.2,1746,541,0.0,18,53.45788043478261,68.5,15.0,0.0,29.305,41.867108,-87.654224,9,50223.784431137734,80.0,0.6722554890219561,15.0,90.5,69.5,18.0,10.7,17.666666666666668,0.20844510978043806,67.33892215568862,0,0,1,0,0,0,0
2505,43500,90.5,69.5,80.0,10.7,19.0,11.2,1746,541,0.0,18,53.45788043478261,68.5,15.0,0.0,29.305,41.896282,-87.655232,9,50221.101356743806,80.0,0.6719872306464485,15.0,90.5,69.5,18.0,10.7,17.667198723064644,0.2083619313647236,67.33938547486035,0,1,0,0,0,0,0
2506,43500,90.5,69.5,80.0,10.7,19.0,11.2,1746,541,0.0,18,53.45788043478261,68.5,15.0,0.0,29.305,41.896282,-87.655232,9,50218.420422816125,80.0,0.6717191862784204,15.0,90.5,69.5,18.0,10.7,17.667730355005983,0.2082788193059423,67.33984842441164,0,0,1,0,0,0,0
2507,43500,90.5,69.5,80.0,10.7,19.0,11.2,1746,541,0.0,18,53.45788043478261,68.5,15.0,0.0,29.305,41.846283,-87.656913,9,50215.74162679426,80.0,0.671451355661882,15.0,90.5,69.5,18.0,10.7,17.668261562998406,0.20819577352471985,67.3403110047847,0,1,0,0,0,0,0
2508,43500,90.5,69.5,80.0,10.7,19.0,11.2,1746,541,0.0,18,53.45788043478261,68.5,15.0,0.0,29.305,41.846283,-87.656913,9,50213.064966121965,80.0,0.6711837385412515,15.0,90.5,69.5,18.0,10.7,17.668792347548823,0.20811279394180845,67.34077321642089,0,0,1,0,0,0,0
2509,43500,90.5,69.5,80.0,10.7,19.0,11.2,1746,541,0.0,18,53.45788043478261,68.5,15.0,0.0,29.305,41.921965,-87.632085,9,50210.390438247014,80.0,0.6709163346613546,15.0,90.5,69.5,18.0,10.7,17.669322709163342,0.2080298804780866,67.34123505976096,0,1,0,0,0,0,0
2510,43500,90.5,69.5,80.0,10.7,19.0,11.2,1746,541,0.0,18,53.45788043478261,68.5,15.0,0.0,29.305,41.921965,-87.632085,9,50207.71804062127,80.0,0.6706491437674234,15.0,90.5,69.5,18.0,10.7,17.669852648347273,0.2079470330545589,67.34169653524492,0,0,1,0,0,0,0
2511,43500,90.5,69.5,80.0,10.7,19.0,11.2,1746,541,0.0,18,53.45788043478261,68.5,15.0,0.0,29.305,41.823065,-87.67837800000002,9,50205.04777070064,80.0,0.6703821656050956,15.0,90.5,69.5,18.0,10.7,17.670382165605094,0.20786425159235564,67.3421576433121,0,1,0,0,0,0,0
2512,43500,90.5,69.5,80.0,10.7,19.0,11.2,1746,541,0.0,18,53.45788043478261,68.5,15.0,0.0,29.305,41.801179,-87.679447,9,50202.379625945076,80.0,0.6701153999204138,15.0,90.5,69.5,18.0,10.7,17.670911261440512,0.20778153601273272,67.34261838440112,0,1,0,0,0,0,0
2513,43500,90.5,69.5,80.0,10.7,19.0,11.2,1746,541,0.0,18,53.45788043478261,68.5,15.0,0.0,29.305,41.801179,-87.679447,9,50199.713603818615,80.0,0.669848846459825,15.0,90.5,69.5,18.0,10.7,17.671439936356407,0.20769888623707133,67.34307875894989,0,0,1,0,0,0,0
2514,43500,90.5,69.5,80.0,10.7,19.0,11.2,1746,541,0.0,18,53.45788043478261,68.5,15.0,0.0,29.305,41.801179,-87.679447,9,50197.049701789256,80.0,0.6695825049701789,15.0,90.5,69.5,18.0,10.7,17.671968190854873,0.20761630218687768,67.34353876739563,0,0,0,0,0,0,1
2515,43500,90.5,69.5,80.0,10.7,19.0,11.2,1746,541,0.0,18,53.45788043478261,68.5,15.0,0.0,29.305,41.800737,-87.71188000000002,9,50194.38791732909,80.0,0.6693163751987281,15.0,90.5,69.5,18.0,10.7,17.6724960254372,0.20753378378378276,67.34399841017489,0,1,0,0,0,0,0
2516,43500,90.5,69.5,80.0,10.7,19.0,11.2,1746,541,0.0,18,53.45788043478261,68.5,15.0,0.0,29.305,41.82561,-87.726549,9,50191.72824791419,80.0,0.6690504568931267,15.0,90.5,69.5,18.0,10.7,17.673023440603895,0.20745133094954205,67.34445768772348,0,1,0,0,0,0,0
2517,43500,90.5,69.5,80.0,10.7,19.0,11.2,1746,541,0.0,18,53.45788043478261,68.5,15.0,0.0,29.305,41.82561,-87.726549,9,50189.07069102462,80.0,0.6687847498014297,15.0,90.5,69.5,18.0,10.7,17.673550436854647,0.2073689436060355,67.34491660047657,0,0,1,0,0,0,0
2518,43500,90.5,69.5,80.0,10.7,19.0,11.2,1746,541,0.0,18,53.45788043478261,68.5,15.0,0.0,29.305,41.778297,-87.752411,9,50186.41524414449,80.0,0.6685192536720921,15.0,90.5,69.5,18.0,10.7,17.674077014688372,0.2072866216752669,67.3453751488686,0,1,0,0,0,0,0
2519,43500,90.5,69.5,80.0,10.7,19.0,11.2,1746,541,0.0,18,53.45788043478261,68.5,15.0,0.0,29.305,41.778297,-87.752411,9,50183.761904761916,80.0,0.6682539682539682,15.0,90.5,69.5,18.0,10.7,17.674603174603178,0.20720436507936404,67.34583333333333,0,0,1,0,0,0,0
2520,43500,90.5,69.5,80.0,10.7,19.0,11.2,1746,541,0.0,18,53.45788043478261,68.5,15.0,0.0,29.305,41.77166,-87.703047,9,50181.11067036889,80.0,0.6679888932963111,15.0,90.5,69.5,18.0,10.7,17.67512891709639,0.2071221737405781,67.34629115430384,0,1,0,0,0,0,0
2521,43500,90.5,69.5,80.0,10.7,19.0,11.2,1746,541,0.0,18,53.45788043478261,68.5,15.0,0.0,29.305,41.77166,-87.703047,9,50178.46153846153,80.0,0.6677240285487708,15.0,90.5,69.5,18.0,10.7,17.675654242664553,0.20704004758128364,67.34674861221254,0,0,1,0,0,0,0
2522,43500,90.5,69.5,80.0,10.7,19.0,11.2,1746,541,0.0,18,53.45788043478261,68.5,15.0,0.0,29.305,41.77166,-87.703047,9,50175.81450653984,80.0,0.6674593737613952,15.0,90.5,69.5,18.0,10.7,17.67617915180341,0.20695798652397834,67.3472057074911,0,0,0,0,0,0,1
2523,43500,90.5,69.5,80.0,10.7,19.0,11.2,1746,541,0.0,18,53.45788043478261,68.5,15.0,0.0,29.305,41.759346,-87.745602,9,50173.16957210776,80.0,0.6671949286846276,15.0,90.5,69.5,18.0,10.7,17.676703645007922,0.20687599049128266,67.34766244057053,0,1,0,0,0,0,0
2524,43500,90.5,69.5,80.0,10.7,19.0,11.2,1746,541,0.0,18,53.45788043478261,68.5,15.0,0.0,29.305,41.773215,-87.60088,9,50170.52673267327,80.0,0.666930693069307,15.0,90.5,69.5,18.0,10.7,17.677227722772273,0.20679405940593956,67.34811881188119,0,1,0,0,0,0,0
2525,43500,90.5,69.5,80.0,10.7,19.0,11.2,1746,541,0.0,18,53.45788043478261,68.5,15.0,0.0,29.305,41.773215,-87.60088,9,50167.885985748224,80.0,0.6666666666666666,15.0,90.5,69.5,18.0,10.7,17.677751385589865,0.20671219319081446,67.34857482185274,0,0,1,0,0,0,0
2526,43500,90.5,69.5,80.0,10.7,19.0,11.2,1746,541,0.0,18,53.45788043478261,68.5,15.0,0.0,29.305,41.822536,-87.66634300000004,9,50165.24732884844,80.0,0.6664028492283339,15.0,90.5,69.5,18.0,10.7,17.678274633953304,0.2066303917688949,67.34903047091413,0,1,0,0,0,0,0
2527,43500,90.5,69.5,80.0,10.7,19.0,11.2,1746,541,0.0,18,53.45788043478261,68.5,15.0,0.0,29.305,41.799282,-87.585487,9,50162.61075949367,80.0,0.6661392405063291,15.0,90.5,69.5,18.0,10.7,17.678797468354432,0.2065486550632901,67.34948575949367,0,1,0,0,0,0,0
2528,43500,90.5,69.5,80.0,10.7,19.0,11.2,1746,541,0.0,18,53.45788043478261,68.5,15.0,0.0,29.305,41.775051,-87.65535600000004,9,50159.97627520759,80.0,0.6658758402530645,15.0,90.5,69.5,18.0,10.7,17.6793198892843,0.20646698299723107,67.34994068801898,0,1,0,0,0,0,0
2529,43500,90.5,69.5,80.0,10.7,19.0,11.2,1746,541,0.0,18,53.45788043478261,68.5,15.0,0.0,29.305,41.766202,-87.562889,9,50157.34387351778,80.0,0.6656126482213439,15.0,90.5,69.5,18.0,10.7,17.679841897233203,0.2063853754940701,67.350395256917,0,1,0,0,0,0,0
2530,43500,90.5,69.5,80.0,10.7,19.0,11.2,1746,541,0.0,18,53.45788043478261,68.5,15.0,0.0,29.305,41.766202,-87.562889,9,50154.71355195575,80.0,0.6653496641643619,15.0,90.5,69.5,18.0,10.7,17.68036349269064,0.20630383247728065,67.35084946661398,0,0,1,0,0,0,0
2531,43500,90.5,69.5,80.0,10.7,19.0,11.2,1746,541,0.0,18,53.45788043478261,68.5,15.0,0.0,29.305,41.754676,-87.612922,9,50152.08530805686,80.0,0.665086887835703,15.0,90.5,69.5,18.0,10.7,17.68088467614534,0.2062223538704571,67.35130331753554,0,1,0,0,0,0,0
2532,43500,90.5,69.5,80.0,10.7,19.0,11.2,1746,541,0.0,18,53.45788043478261,68.5,15.0,0.0,29.305,41.754676,-87.612922,9,50149.45913936044,80.0,0.6648243189893407,15.0,90.5,69.5,18.0,10.7,17.681405448085272,0.2061409395973144,67.35175681010661,0,0,1,0,0,0,0
2533,43500,90.5,69.5,80.0,10.7,19.0,11.2,1746,541,0.0,18,53.45788043478261,68.5,15.0,0.0,29.305,41.754292,-87.590773,9,50146.83504340963,80.0,0.6645619573796371,15.0,90.5,69.5,18.0,10.7,17.681925808997633,0.20605958958168802,67.35220994475138,0,1,0,0,0,0,0
2534,43500,90.5,69.5,80.0,10.7,19.0,11.2,1746,541,0.0,18,53.45788043478261,68.5,15.0,0.0,29.305,41.754292,-87.590773,9,50144.213017751485,80.0,0.6642998027613413,15.0,90.5,69.5,18.0,10.7,17.682445759368836,0.20597830374753348,67.3526627218935,0,0,1,0,0,0,0
2535,43500,90.5,69.5,80.0,10.7,19.0,11.2,1746,541,0.0,18,53.45788043478261,68.5,15.0,0.0,29.305,41.692555,-87.598865,9,50141.59305993692,80.0,0.6640378548895899,15.0,90.5,69.5,18.0,10.7,17.682965299684547,0.2058970820189264,67.35311514195584,0,0,1,0,0,0,0
2536,43500,90.5,69.5,80.0,10.7,19.0,11.2,1746,541,0.0,18,53.45788043478261,68.5,15.0,0.0,29.305,41.721474,-87.648064,9,50138.975167520686,80.0,0.6637761135199054,15.0,90.5,69.5,18.0,10.7,17.68348443042964,0.205815924320062,67.35356720536066,0,1,0,0,0,0,0
2537,43500,90.5,69.5,80.0,10.7,19.0,11.2,1746,541,0.0,18,53.45788043478261,68.5,15.0,0.0,29.305,41.721474,-87.648064,9,50136.35933806146,80.0,0.6635145784081954,15.0,90.5,69.5,18.0,10.7,17.68400315208826,0.20573483057525507,67.35401891252954,0,0,1,0,0,0,0
2538,43500,90.5,69.5,80.0,10.7,19.0,11.2,1746,541,0.0,18,53.45788043478261,68.5,15.0,0.0,29.305,41.721474,-87.648064,9,50133.7455691217,80.0,0.6632532493107522,15.0,90.5,69.5,18.0,10.7,17.684521465143753,0.2056538007089395,67.35447026388341,0,0,0,0,0,0,1
2539,43500,90.5,69.5,80.0,10.7,19.0,11.2,1746,541,0.0,18,53.45788043478261,68.5,15.0,0.0,29.305,41.688324,-87.676709,9,50131.13385826771,80.0,0.6629921259842521,15.0,90.5,69.5,18.0,10.7,17.685039370078737,0.20557283464566825,67.35492125984251,0,1,0,0,0,0,0
2540,43500,90.5,69.5,80.0,10.7,19.0,11.2,1746,541,0.0,18,53.45788043478261,68.5,15.0,0.0,29.305,41.688324,-87.676709,9,50128.52420306966,80.0,0.6627312081857536,15.0,90.5,69.5,18.0,10.7,17.68555686737505,0.2054919323101131,67.35537190082644,0,0,1,0,0,0,0
2541,43500,90.5,69.5,80.0,10.7,19.0,11.2,1746,541,0.0,18,53.45788043478261,68.5,15.0,0.0,29.305,41.869107,-87.69629300000004,9,50125.916601101504,80.0,0.6624704956726987,15.0,90.5,69.5,18.0,10.7,17.68607395751377,0.20541109362706425,67.35582218725413,0,1,0,0,0,0,0
2542,43500,90.5,69.5,80.0,10.7,19.0,11.2,1746,541,0.0,18,53.45788043478261,68.5,15.0,0.0,29.305,41.869107,-87.69629300000004,9,50123.31104994102,80.0,0.6622099882029101,15.0,90.5,69.5,18.0,10.7,17.686590640975226,0.2053303185214304,67.35627211954385,0,0,1,0,0,0,0
2543,43500,90.5,69.5,80.0,10.7,19.0,11.2,1746,541,0.0,18,53.45788043478261,68.5,15.0,0.0,29.305,41.723195,-87.64997,9,50120.70754716981,80.0,0.6619496855345912,15.0,90.5,69.5,18.0,10.7,17.687106918238992,0.205249606918238,67.3567216981132,0,1,0,0,0,0,0
2544,43500,90.5,69.5,80.0,10.7,19.0,11.2,1746,541,0.0,18,53.45788043478261,68.5,15.0,0.0,29.305,41.723195,-87.64997,9,50118.10609037328,80.0,0.6616895874263261,15.0,90.5,69.5,18.0,10.7,17.68762278978389,0.2051689587426316,67.35717092337917,0,0,1,0,0,0,0
2545,43500,90.5,69.5,80.0,10.7,19.0,11.2,1746,541,0.0,18,53.45788043478261,68.5,15.0,0.0,29.305,41.868077,-87.666901,9,50115.50667714061,80.0,0.6614296936370778,15.0,90.5,69.5,18.0,10.7,17.68813825608798,0.20508837391987328,67.35761979575804,0,1,0,0,0,0,0
2546,43500,90.5,69.5,80.0,10.7,19.0,11.2,1746,541,0.0,18,53.45788043478261,68.5,15.0,0.0,29.305,41.862292,-87.64886,9,50112.909305064786,80.0,0.6611700039261876,15.0,90.5,69.5,18.0,10.7,17.688653317628578,0.2050078523753425,67.35806831566549,0,0,1,0,0,0,0
2547,43500,90.5,69.5,80.0,10.7,19.0,11.2,1746,541,0.0,18,53.45788043478261,68.5,15.0,0.0,29.305,41.869216,-87.627561,9,50110.31397174255,80.0,0.6609105180533752,15.0,90.5,69.5,18.0,10.7,17.689167974882263,0.20492739403453586,67.35851648351647,0,1,0,0,0,0,0
2548,43500,90.5,69.5,80.0,10.7,19.0,11.2,1746,541,0.0,18,53.45788043478261,68.5,15.0,0.0,29.305,41.869216,-87.627561,9,50107.72067477441,80.0,0.6606512357787367,15.0,90.5,69.5,18.0,10.7,17.689682228324834,0.20484699882306684,67.35896429972539,0,0,1,0,0,0,0
2549,43500,90.5,69.5,80.0,10.7,19.0,11.2,1746,541,0.0,18,53.45788043478261,68.5,15.0,0.0,29.305,41.704336,-87.70373599999998,9,50105.12941176472,80.0,0.6603921568627451,15.0,90.5,69.5,18.0,10.7,17.690196078431374,0.20476666666666565,67.35941176470588,0,1,0,0,0,0,0
2550,43500,90.5,69.5,80.0,10.7,19.0,11.2,1746,541,0.0,18,53.45788043478261,68.5,15.0,0.0,29.305,41.704336,-87.70373599999998,9,50102.54018032143,80.0,0.6601332810662486,15.0,90.5,69.5,18.0,10.7,17.6907095256762,0.2046863974911789,67.35985887887104,0,0,1,0,0,0,0
2551,43500,90.5,69.5,80.0,10.7,19.0,11.2,1746,541,0.0,18,53.45788043478261,68.5,15.0,0.0,29.305,41.731922,-87.677512,9,50099.952978056426,80.0,0.6598746081504702,15.0,90.5,69.5,18.0,10.7,17.691222570532915,0.2046061912225695,67.36030564263324,0,1,0,0,0,0,0
2552,43500,90.5,69.5,80.0,10.7,19.0,11.2,1746,541,0.0,18,53.45788043478261,68.5,15.0,0.0,29.305,41.731922,-87.677512,9,50097.367802585184,80.0,0.6596161378770075,15.0,90.5,69.5,18.0,10.7,17.69173521347434,0.20452604778691635,67.36075205640422,0,0,1,0,0,0,0
2553,43500,90.5,69.5,80.0,10.7,19.0,11.2,1746,541,0.0,18,53.45788043478261,68.5,15.0,0.0,29.305,41.733643,-87.55551,9,50094.784651527014,80.0,0.6593578700078309,15.0,90.5,69.5,18.0,10.7,17.692247454972588,0.204445967110414,67.36119812059515,0,1,0,0,0,0,0
2554,43500,90.5,69.5,80.0,10.7,19.0,11.2,1746,541,0.0,18,53.45788043478261,68.5,15.0,0.0,29.305,41.733643,-87.55551,9,50092.20352250488,80.0,0.6590998043052838,15.0,90.5,69.5,18.0,10.7,17.692759295499023,0.20436594911937275,67.36164383561642,0,0,1,0,0,0,0
2555,43500,90.5,69.5,80.0,10.7,19.0,11.2,1746,541,0.0,18,53.45788043478261,68.5,15.0,0.0,29.305,41.717753,-87.531657,9,50089.62441314554,80.0,0.6588419405320813,15.0,90.5,69.5,18.0,10.7,17.693270735524255,0.20428599374021805,67.36208920187794,0,1,0,0,0,0,0
2556,43500,90.5,69.5,80.0,10.7,19.0,11.2,1746,541,0.0,18,53.45788043478261,68.5,15.0,0.0,29.305,41.717753,-87.531657,9,50087.047321079386,80.0,0.6585842784513102,15.0,90.5,69.5,18.0,10.7,17.693781775518183,0.20420610089949054,67.36253421978881,0,0,1,0,0,0,0
2557,43500,90.5,69.5,80.0,10.7,19.0,11.2,1746,541,0.0,18,53.45788043478261,68.5,15.0,0.0,29.305,41.750498,-87.605294,9,50084.47224394059,80.0,0.6583268178264269,15.0,90.5,69.5,18.0,10.7,17.69429241594996,0.2041262705238457,67.36297888975763,0,1,0,0,0,0,0
2558,43500,90.5,69.5,80.0,10.7,19.0,11.2,1746,541,0.0,18,53.45788043478261,68.5,15.0,0.0,29.305,41.750498,-87.605294,9,50081.899179366934,80.0,0.6580695584212582,15.0,90.5,69.5,18.0,10.7,17.694802657288005,0.2040465025400537,67.36342321219226,0,0,1,0,0,0,0
2559,43500,90.5,69.5,80.0,10.7,19.0,11.2,1746,541,0.0,18,53.45788043478261,68.5,15.0,0.0,29.305,41.702724,-87.536497,9,50079.328125,80.0,0.6578125,15.0,90.5,69.5,18.0,10.7,17.6953125,0.20396679687499894,67.3638671875,0,1,0,0,0,0,0
2560,43500,90.5,69.5,80.0,10.7,19.0,11.2,1746,541,0.0,18,53.45788043478261,68.5,15.0,0.0,29.305,41.702724,-87.536497,9,50076.75907848497,80.0,0.6575556423272161,15.0,90.5,69.5,18.0,10.7,17.695821944552904,0.20388715345568034,67.36431081608747,0,0,1,0,0,0,0
2561,43500,90.5,69.5,80.0,10.7,19.0,11.2,1746,541,0.0,18,53.45788043478261,68.5,15.0,0.0,29.305,41.702724,-87.536497,9,50074.19203747073,80.0,0.6572989851678376,15.0,90.5,69.5,18.0,10.7,17.69633099141296,0.20380757220921053,67.36475409836065,0,0,0,1,0,0,0
2562,43500,90.5,69.5,80.0,10.7,19.0,11.2,1746,541,0.0,18,53.45788043478261,68.5,15.0,0.0,29.305,41.729669,-87.582699,9,50071.62699960984,80.0,0.6570425282871635,15.0,90.5,69.5,18.0,10.7,17.69683964104565,0.203728053062816,67.36519703472493,0,1,0,0,0,0,0
2563,43500,90.5,69.5,80.0,10.7,19.0,11.2,1746,541,0.0,18,53.45788043478261,68.5,15.0,0.0,29.305,41.729669,-87.582699,9,50069.063962558495,80.0,0.6567862714508579,15.0,90.5,69.5,18.0,10.7,17.697347893915758,0.20364859594383672,67.36563962558502,0,0,1,0,0,0,0
2564,43500,90.5,69.5,80.0,10.7,19.0,11.2,1746,541,0.0,18,53.45788043478261,68.5,15.0,0.0,29.305,41.673408,-87.599862,9,50066.50292397661,80.0,0.6565302144249513,15.0,90.5,69.5,18.0,10.7,17.697855750487328,0.20356920077972607,67.36608187134503,0,1,0,0,0,0,0
2565,43500,90.5,69.5,80.0,10.7,19.0,11.2,1746,541,0.0,18,53.45788043478261,68.5,15.0,0.0,29.305,41.673408,-87.599862,9,50063.94388152767,80.0,0.6562743569758379,15.0,90.5,69.5,18.0,10.7,17.69836321122369,0.20348986749805045,67.36652377240841,0,0,1,0,0,0,0
2566,43500,90.5,69.5,80.0,10.7,19.0,11.2,1746,541,0.0,18,53.45788043478261,68.5,15.0,0.0,29.305,41.891126,-87.61156,9,50061.386832878845,80.0,0.6560186988702766,15.0,90.5,69.5,18.0,10.7,17.698870276587453,0.20341059602648906,67.36696532917803,0,0,1,0,0,0,0
2567,43500,90.5,69.5,80.0,10.7,19.0,11.2,1746,541,0.0,18,53.45788043478261,68.5,15.0,0.0,29.305,41.891126,-87.61156,9,50058.831775700935,80.0,0.6557632398753894,15.0,90.5,69.5,18.0,10.7,17.699376947040502,0.20333138629283387,67.36740654205607,0,0,0,0,0,0,1
2568,43500,90.5,69.5,80.0,10.7,19.0,11.2,1746,541,0.0,18,53.45788043478261,68.5,15.0,0.0,29.305,41.662014,-87.72460799999998,9,50056.27870766835,80.0,0.6555079797586609,15.0,90.5,69.5,18.0,10.7,17.699883223043987,0.20325223822498925,67.36784741144415,0,1,0,0,0,0,0
2569,43500,90.5,69.5,80.0,10.7,19.0,11.2,1746,541,0.0,18,53.45788043478261,68.5,15.0,0.0,29.305,41.662014,-87.72460799999998,9,50053.72762645914,80.0,0.6552529182879377,15.0,90.5,69.5,18.0,10.7,17.700389105058367,0.20317315175097173,67.36828793774319,0,0,1,0,0,0,0
2570,43500,90.5,69.5,80.0,10.7,19.0,11.2,1746,541,0.0,18,53.45788043478261,68.5,15.0,0.0,29.305,41.72646500000001,-87.585413,9,50051.17852975496,80.0,0.6549980552314275,15.0,90.5,69.5,18.0,10.7,17.700894593543367,0.2030941267989099,67.36872812135356,0,1,0,0,0,0,0
2571,43500,90.5,69.5,80.0,10.7,19.0,11.2,1746,541,0.0,18,53.45788043478261,68.5,15.0,0.0,29.305,41.72646500000001,-87.585413,9,50048.631415241056,80.0,0.6547433903576982,15.0,90.5,69.5,18.0,10.7,17.70139968895801,0.20301516329704408,67.36916796267496,0,0,1,0,0,0,0
2572,43500,90.5,69.5,80.0,10.7,19.0,11.2,1746,541,0.0,18,53.45788043478261,68.5,15.0,0.0,29.305,41.961743,-87.76007,9,50046.08628060629,80.0,0.6544889234356782,15.0,90.5,69.5,18.0,10.7,17.70190439176059,0.20293626117372612,67.3696074621065,0,0,1,0,0,0,0
2573,43500,90.5,69.5,80.0,10.7,19.0,11.2,1746,541,0.0,18,53.45788043478261,68.5,15.0,0.0,29.305,41.999129,-87.795585,9,50043.54312354312,80.0,0.6542346542346542,15.0,90.5,69.5,18.0,10.7,17.702408702408704,0.20285742035741933,67.37004662004662,0,1,0,0,0,0,0
2574,43500,90.5,69.5,80.0,10.7,19.0,11.2,1746,541,0.0,18,53.45788043478261,68.5,15.0,0.0,29.305,41.999129,-87.795585,9,50041.00194174757,80.0,0.6539805825242718,15.0,90.5,69.5,18.0,10.7,17.702912621359225,0.202778640776698,67.3704854368932,0,0,1,0,0,0,0
2575,43500,90.5,69.5,80.0,10.7,19.0,11.2,1746,541,0.0,18,53.45788043478261,68.5,15.0,0.0,29.305,41.94016,-87.794896,9,50038.462732919244,80.0,0.6537267080745341,15.0,90.5,69.5,18.0,10.7,17.703416149068325,0.20269992236024745,67.37092391304348,0,1,0,0,0,0,0
2576,43500,90.5,69.5,80.0,10.7,19.0,11.2,1746,541,0.0,18,53.45788043478261,68.5,15.0,0.0,29.305,41.94016,-87.794896,9,50035.925494761344,80.0,0.6534730306558013,15.0,90.5,69.5,18.0,10.7,17.703919285991464,0.20262126503686356,67.37136204889406,0,0,1,0,0,0,0
2577,43500,90.5,69.5,80.0,10.7,19.0,11.2,1746,541,0.0,18,53.45788043478261,68.5,15.0,0.0,29.305,41.94016,-87.794896,9,50033.390224980605,80.0,0.6532195500387897,15.0,90.5,69.5,18.0,10.7,17.7044220325834,0.2025426687354528,67.37179984484096,0,0,0,0,0,0,1
2578,43500,90.5,69.5,80.0,10.7,19.0,11.2,1746,541,0.0,18,53.45788043478261,68.5,15.0,0.0,29.305,41.878114,-87.629798,9,50030.85692128731,80.0,0.6529662659945715,15.0,90.5,69.5,18.0,10.7,17.704924389298178,0.20246413338503194,67.37223730127957,0,0,1,0,0,0,0
2579,43500,90.5,69.5,80.0,10.7,19.0,11.2,1746,541,0.0,18,53.45788043478261,68.5,15.0,0.0,29.305,41.958271,-87.702575,9,50028.32558139535,80.0,0.6527131782945736,15.0,90.5,69.5,18.0,10.7,17.705426356589147,0.20238565891472765,67.37267441860465,0,1,0,0,0,0,0
2580,43500,90.5,69.5,80.0,10.7,19.0,11.2,1746,541,0.0,18,53.45788043478261,68.5,15.0,0.0,29.305,41.958271,-87.702575,9,50025.79620302209,80.0,0.6524602867105773,15.0,90.5,69.5,18.0,10.7,17.70592793490895,0.20230724525377655,67.37311119721038,0,0,1,0,0,0,0
2581,43500,90.5,69.5,80.0,10.7,19.0,11.2,1746,541,0.0,18,53.45788043478261,68.5,15.0,0.0,29.305,41.932094,-87.700117,9,50023.26878388847,80.0,0.6522075910147173,15.0,90.5,69.5,18.0,10.7,17.706429124709523,0.2022288923315249,67.37354763749032,0,0,1,0,0,0,0
2582,43500,90.5,69.5,80.0,10.7,19.0,11.2,1746,541,0.0,18,53.45788043478261,68.5,15.0,0.0,29.305,42.01743,-87.68776899999996,9,50020.74332171894,80.0,0.6519550909794812,15.0,90.5,69.5,18.0,10.7,17.706929926442122,0.20215060007742836,67.3739837398374,0,1,0,0,0,0,0
2583,43500,90.5,69.5,80.0,10.7,19.0,11.2,1746,541,0.0,18,53.45788043478261,68.5,15.0,0.0,29.305,42.01743,-87.68776899999996,9,50018.219814241485,80.0,0.651702786377709,15.0,90.5,69.5,18.0,10.7,17.707430340557273,0.2020723684210516,67.37441950464397,0,0,1,0,0,0,0
2584,43500,90.5,69.5,80.0,10.7,19.0,11.2,1746,541,0.0,18,53.45788043478261,68.5,15.0,0.0,29.305,42.006858,-87.675919,9,50015.698259187615,80.0,0.6514506769825918,15.0,90.5,69.5,18.0,10.7,17.707930367504837,0.2019941972920686,67.37485493230174,0,1,0,0,0,0,0
2585,43500,90.5,69.5,80.0,10.7,19.0,11.2,1746,541,0.0,18,53.45788043478261,68.5,15.0,0.0,29.305,42.006858,-87.675919,9,50013.17865429234,80.0,0.6511987625676721,15.0,90.5,69.5,18.0,10.7,17.708430007733952,0.20191608662026192,67.37529002320186,0,0,1,0,0,0,0
2586,43500,90.5,69.5,80.0,10.7,19.0,11.2,1746,541,0.0,18,53.45788043478261,68.5,15.0,0.0,29.305,42.006858,-87.675919,9,50010.66099729417,80.0,0.6509470429068419,15.0,90.5,69.5,18.0,10.7,17.708929261693076,0.20183803633552275,67.37572477773483,0,0,0,0,0,0,1
2587,43500,90.5,69.5,80.0,10.7,19.0,11.2,1746,541,0.0,18,53.45788043478261,68.5,15.0,0.0,29.305,41.916265,-87.800515,9,50008.145285935076,80.0,0.6506955177743431,15.0,90.5,69.5,18.0,10.7,17.709428129829984,0.2017600463678506,67.37615919629057,0,1,0,0,0,0,0
2588,43500,90.5,69.5,80.0,10.7,19.0,11.2,1746,541,0.0,18,53.45788043478261,68.5,15.0,0.0,29.305,41.916265,-87.800515,9,50005.631517960595,80.0,0.6504441869447664,15.0,90.5,69.5,18.0,10.7,17.709926612591733,0.2016821166473532,67.3765932792584,0,0,1,0,0,0,0
2589,43500,90.5,69.5,80.0,10.7,19.0,11.2,1746,541,0.0,18,53.45788043478261,68.5,15.0,0.0,29.305,41.846075,-87.716277,9,50003.11969111969,80.0,0.6501930501930502,15.0,90.5,69.5,18.0,10.7,17.71042471042471,0.20160424710424607,67.37702702702704,0,1,0,0,0,0,0
2590,43500,90.5,69.5,80.0,10.7,19.0,11.2,1746,541,0.0,18,53.45788043478261,68.5,15.0,0.0,29.305,41.907645,-87.760886,9,50000.60980316481,80.0,0.6499421072944809,15.0,90.5,69.5,18.0,10.7,17.710922423774605,0.2015264376688527,67.37746043998456,0,0,1,0,0,0,0
2591,43500,90.5,69.5,80.0,10.7,19.0,11.2,1746,541,0.0,18,53.45788043478261,68.5,15.0,0.0,29.305,41.918705,-87.752329,9,49998.101851851854,80.0,0.6496913580246914,15.0,90.5,69.5,18.0,10.7,17.71141975308642,0.20144868827160392,67.37789351851852,0,1,0,0,0,0,0
2592,43500,90.5,69.5,80.0,10.7,19.0,11.2,1746,541,0.0,18,53.45788043478261,68.5,15.0,0.0,29.305,41.918705,-87.752329,9,49995.59583494021,80.0,0.6494408021596606,15.0,90.5,69.5,18.0,10.7,17.711916698804473,0.20137099884303794,67.37832626301581,0,0,1,0,0,0,0
2593,43500,90.5,69.5,80.0,10.7,19.0,11.2,1746,541,0.0,18,53.45788043478261,68.5,15.0,0.0,29.305,41.772846,-87.740029,9,49993.091750192754,80.0,0.6491904394757132,15.0,90.5,69.5,18.0,10.7,17.712413261372394,0.20129336931380007,67.37875867386276,0,0,1,0,0,0,0
2594,43500,90.5,69.5,80.0,10.7,19.0,11.2,1746,541,0.0,18,53.45788043478261,68.5,15.0,0.0,29.305,41.825902,-87.667827,9,49990.58959537572,80.0,0.6489402697495184,15.0,90.5,69.5,18.0,10.7,17.71290944123314,0.20121579961464253,67.37919075144508,0,1,0,0,0,0,0
2595,43500,90.5,69.5,80.0,10.7,19.0,11.2,1746,541,0.0,18,53.45788043478261,68.5,15.0,0.0,29.305,41.682587,-87.707973,9,49988.089368258865,80.0,0.6486902927580893,15.0,90.5,69.5,18.0,10.7,17.71340523882897,0.20113828967642425,67.37962249614792,0,1,0,0,0,0,0
2596,43500,90.5,69.5,80.0,10.7,19.0,11.2,1746,541,0.0,18,53.45788043478261,68.5,15.0,0.0,29.305,41.682587,-87.707973,9,49985.59106661533,80.0,0.6484405082787832,15.0,90.5,69.5,18.0,10.7,17.713900654601463,0.20106083943011066,67.38005390835579,0,0,1,0,0,0,0
2597,43500,90.5,69.5,80.0,10.7,19.0,11.2,1746,541,0.0,18,53.45788043478261,68.5,15.0,0.0,29.305,41.732984,-87.649642,9,49983.09468822171,80.0,0.6481909160892995,15.0,90.5,69.5,18.0,10.7,17.714395688991534,0.20098344880677346,67.38048498845265,0,1,0,0,0,0,0
2598,43500,90.5,69.5,80.0,10.7,19.0,11.2,1746,541,0.0,18,53.45788043478261,68.5,15.0,0.0,29.305,41.732984,-87.649642,9,49980.60023085802,80.0,0.6479415159676799,15.0,90.5,69.5,18.0,10.7,17.7148903424394,0.2009061177375904,67.38091573682185,0,0,1,0,0,0,0
2599,43500,90.5,69.5,80.0,10.7,19.0,11.2,1746,541,0.0,18,53.45788043478261,68.5,15.0,0.0,29.305,41.903002,-87.68826700000002,9,49978.10769230768,80.0,0.6476923076923077,15.0,90.5,69.5,18.0,10.7,17.715384615384615,0.20082884615384514,67.38134615384615,0,1,0,0,0,0,0
2600,43500,90.5,69.5,80.0,10.7,19.0,11.2,1746,541,0.0,18,53.45788043478261,68.5,15.0,0.0,29.305,41.903002,-87.68826700000002,9,49975.617070357555,80.0,0.647443291041907,15.0,90.5,69.5,18.0,10.7,17.71587850826605,0.20075163398692708,67.38177623990772,0,0,1,0,0,0,0
2601,43500,90.5,69.5,80.0,10.7,19.0,11.2,1746,541,0.0,18,53.45788043478261,68.5,15.0,0.0,29.305,41.725517,-87.61425799999998,9,49973.12836279785,80.0,0.6471944657955419,15.0,90.5,69.5,18.0,10.7,17.716372021521906,0.20067448116833106,67.38220599538816,0,1,0,0,0,0,0
2602,43500,90.5,69.5,80.0,10.7,19.0,11.2,1746,541,0.0,18,53.45788043478261,68.5,15.0,0.0,29.305,41.725517,-87.61425799999998,9,49970.641567422215,80.0,0.6469458317326162,15.0,90.5,69.5,18.0,10.7,17.7168651555897,0.20059738762965704,67.38263542066846,0,0,1,0,0,0,0
2603,43500,90.5,69.5,80.0,10.7,19.0,11.2,1746,541,0.0,18,53.45788043478261,68.5,15.0,0.0,29.305,41.948167,-87.730698,9,49968.15668202765,80.0,0.6466973886328725,15.0,90.5,69.5,18.0,10.7,17.717357910906294,0.2005203533026104,67.38306451612904,0,1,0,0,0,0,0
2604,43500,90.5,69.5,80.0,10.7,19.0,11.2,1746,541,0.0,18,53.45788043478261,68.5,15.0,0.0,29.305,41.948167,-87.730698,9,49965.67370441458,80.0,0.6464491362763916,15.0,90.5,69.5,18.0,10.7,17.717850287907872,0.2004433781190009,67.38349328214971,0,0,1,0,0,0,0
2605,43500,90.5,69.5,80.0,10.7,19.0,11.2,1746,541,0.0,18,53.45788043478261,68.5,15.0,0.0,29.305,41.966987,-87.674677,9,49963.192632386796,80.0,0.6462010744435918,15.0,90.5,69.5,18.0,10.7,17.71834228702993,0.20036646201074346,67.38392171910975,0,1,0,0,0,0,0
2606,43500,90.5,69.5,80.0,10.7,19.0,11.2,1746,541,0.0,18,53.45788043478261,68.5,15.0,0.0,29.305,41.966987,-87.674677,9,49960.71346375144,80.0,0.6459532029152283,15.0,90.5,69.5,18.0,10.7,17.718833908707328,0.20028960490985706,67.38434982738781,0,0,1,0,0,0,0
2607,43500,90.5,69.5,80.0,10.7,19.0,11.2,1746,541,0.0,18,53.45788043478261,68.5,15.0,0.0,29.305,41.963976,-87.69181,9,49958.23619631903,80.0,0.6457055214723927,15.0,90.5,69.5,18.0,10.7,17.719325153374232,0.20021280674846528,67.38477760736197,0,0,1,0,0,0,0
2608,43320,84.0,65.0,74.5,7.6,23.0,9.95,1744,542,0.0,13,53.45788043478261,69.0,9.5,0.14,29.26,41.673408,-87.599862,9,49955.69183595247,80.0,0.6454580298965121,15.0,90.5,69.5,18.0,10.7,17.721349175929475,0.20018972786508135,67.3853967037179,0,0,1,0,0,0,0
2609,43320,84.0,65.0,74.5,7.6,23.0,9.95,1744,542,0.0,13,53.45788043478261,69.0,9.5,0.14,29.26,41.72646500000001,-87.585413,9,49953.14942528736,80.0,0.6452107279693486,15.0,90.5,69.5,18.0,10.7,17.723371647509573,0.20016666666666566,67.3860153256705,0,1,0,0,0,0,0
2610,43320,84.0,65.0,74.5,7.6,23.0,9.95,1744,542,0.0,13,53.45788043478261,69.0,9.5,0.14,29.26,41.72646500000001,-87.585413,9,49950.60896208348,80.0,0.6449636154729989,15.0,90.5,69.5,18.0,10.7,17.72539256989659,0.20014362313289824,67.38663347376485,0,0,1,0,0,0,0
2611,43320,84.0,65.0,74.5,7.6,23.0,9.95,1744,542,0.0,13,53.45788043478261,69.0,9.5,0.14,29.26,41.72646500000001,-87.585413,9,49948.07044410414,80.0,0.6447166921898928,15.0,90.5,69.5,18.0,10.7,17.727411944869832,0.20012059724349052,67.38725114854518,0,0,0,1,0,0,0
2612,43320,84.0,65.0,74.5,7.6,23.0,9.95,1744,542,0.0,13,53.45788043478261,69.0,9.5,0.14,29.26,41.678618,-87.559308,9,49945.533869115956,80.0,0.6444699579027937,15.0,90.5,69.5,18.0,10.7,17.729429774205894,0.20009758897818491,67.38786835055492,0,1,0,0,0,0,0
2613,43320,84.0,65.0,74.5,7.6,23.0,9.95,1744,542,0.0,13,53.45788043478261,69.0,9.5,0.14,29.26,41.678618,-87.559308,9,49942.99923488906,80.0,0.6442234123947972,15.0,90.5,69.5,18.0,10.7,17.731446059678653,0.2000745983167549,67.38848508033665,0,0,1,0,0,0,0
2614,43320,84.0,65.0,74.5,7.6,23.0,9.95,1744,542,0.0,13,53.45788043478261,69.0,9.5,0.14,29.26,41.678618,-87.559308,9,49940.46653919693,80.0,0.6439770554493308,15.0,90.5,69.5,18.0,10.7,17.733460803059273,0.2000516252390047,67.38910133843213,0,0,0,0,0,0,1
2615,43320,84.0,65.0,74.5,7.6,23.0,9.95,1744,542,0.0,13,53.45788043478261,69.0,9.5,0.14,29.26,41.737052,-87.54306700000002,9,49937.93577981652,74.5,0.6437308868501529,9.5,84.0,69.5,13.0,10.7,17.73547400611621,0.2000286697247696,67.38971712538226,0,1,0,0,0,0,0
2616,43320,84.0,65.0,74.5,7.6,23.0,9.95,1744,542,0.0,13,53.45788043478261,69.0,9.5,0.14,29.26,41.737052,-87.54306700000002,9,49935.40695452809,74.5,0.6434849063813527,9.5,84.0,69.5,13.0,10.7,17.737485670615207,0.20000573175391564,67.39033244172717,0,0,1,0,0,0,0
2617,43320,84.0,65.0,74.5,7.6,23.0,9.95,1744,542,0.0,13,53.45788043478261,69.0,9.5,0.14,29.26,41.740641,-87.546587,9,49932.880061115364,74.5,0.6432391138273491,9.5,84.0,69.5,13.0,10.7,17.73949579831933,0.1999828113063397,67.39094728800612,0,1,0,0,0,0,0
2618,43320,84.0,65.0,74.5,7.6,23.0,9.95,1744,542,0.0,13,53.45788043478261,69.0,9.5,0.14,29.26,41.740641,-87.546587,9,49930.35509736541,74.5,0.6429935089728904,9.5,84.0,65.0,13.0,10.7,17.741504390988926,0.19995990836196914,67.39156166475755,0,0,1,0,0,0,0
2619,43320,84.0,65.0,74.5,7.6,23.0,9.95,1744,542,0.0,13,53.45788043478261,69.0,9.5,0.14,29.26,41.740641,-87.546587,9,49927.8320610687,74.5,0.6427480916030535,9.5,84.0,65.0,13.0,10.7,17.74351145038168,0.1999370229007623,67.39217557251908,0,0,0,0,0,0,1
2620,43320,84.0,65.0,74.5,7.6,23.0,9.95,1744,542,0.0,13,53.45788043478261,69.0,9.5,0.14,29.26,41.680946,-87.535198,9,49925.310950019084,74.5,0.6425028615032429,9.5,84.0,65.0,13.0,10.7,17.745516978252574,0.1999141549027078,67.39278901182755,0,1,0,0,0,0,0
2621,43320,84.0,65.0,74.5,7.6,23.0,9.95,1744,542,0.0,13,53.45788043478261,69.0,9.5,0.14,29.26,41.680946,-87.535198,9,49922.79176201373,74.5,0.6422578184591915,9.5,84.0,65.0,13.0,10.7,17.74752097635393,0.199891304347825,67.39340198321892,0,0,1,0,0,0,0
2622,43320,84.0,65.0,74.5,7.6,23.0,9.95,1744,542,0.0,13,53.45788043478261,69.0,9.5,0.14,29.26,41.686398,-87.531635,9,49920.27449485322,74.5,0.6420129622569577,9.5,84.0,65.0,13.0,10.7,17.74952344643538,0.1998684712161636,67.39401448722836,0,1,0,0,0,0,0
2623,43320,84.0,65.0,74.5,7.6,23.0,9.95,1744,542,0.0,13,53.45788043478261,69.0,9.5,0.14,29.26,41.686398,-87.531635,9,49917.759146341465,74.5,0.6417682926829268,9.5,84.0,65.0,13.0,10.7,17.751524390243897,0.19984565548780375,67.39462652439025,0,0,1,0,0,0,0
2624,43320,84.0,65.0,74.5,7.6,23.0,9.95,1744,542,0.0,13,53.45788043478261,69.0,9.5,0.14,29.26,41.659112,-87.53869300000002,9,49915.245714285724,74.5,0.6415238095238095,9.5,84.0,65.0,13.0,10.7,17.75352380952381,0.19982285714285605,67.3952380952381,0,1,0,0,0,0,0
2625,43320,84.0,65.0,74.5,7.6,23.0,9.95,1744,542,0.0,13,53.45788043478261,69.0,9.5,0.14,29.26,41.659112,-87.53869300000002,9,49912.734196496574,74.5,0.6412795125666413,9.5,84.0,65.0,13.0,10.7,17.755521706016754,0.1998000761614612,67.39584920030464,0,0,1,0,0,0,0
2626,41820,82.5,53.5,68.5,4.25,17.0,5.25,1729,552,0.0,10,53.45788043478261,61.5,3.5,0.0,29.365,41.953705,-87.733974,10,49909.65359725923,74.5,0.6410354015987819,9.5,84.0,65.0,13.0,10.7,17.755234107346784,0.19972401979444124,67.39360487247811,0,1,0,0,0,0,0
2627,41820,82.5,53.5,68.5,4.25,17.0,5.25,1729,552,0.0,10,53.45788043478261,61.5,3.5,0.0,29.365,41.953705,-87.733974,10,49906.57534246575,74.5,0.6407914764079148,9.5,84.0,65.0,13.0,10.7,17.754946727549466,0.1996480213089791,67.39136225266363,0,0,0,0,0,0,1
2628,41820,82.5,53.5,68.5,4.25,17.0,5.25,1729,552,0.0,10,53.45788043478261,61.5,3.5,0.0,29.365,41.95469,-87.800991,10,49903.499429440846,74.5,0.6405477367820464,9.5,84.0,65.0,13.0,10.7,17.754659566375047,0.19957208063902515,67.38912133891213,0,1,0,0,0,0,0
2629,41820,82.5,53.5,68.5,4.25,17.0,5.25,1729,552,0.0,10,53.45788043478261,61.5,3.5,0.0,29.365,41.95469,-87.800991,10,49900.4258555133,74.5,0.6403041825095057,9.5,84.0,65.0,13.0,10.7,17.754372623574145,0.19949619771863009,67.38688212927757,0,0,1,0,0,0,0
2630,41820,82.5,53.5,68.5,4.25,17.0,5.25,1729,552,0.0,10,53.45788043478261,61.5,3.5,0.0,29.365,41.964242,-87.757639,10,49897.35461801597,74.5,0.6400608133789434,9.5,84.0,65.0,13.0,10.7,17.754085898897753,0.1994203724819449,67.3846446218168,0,1,0,0,0,0,0
2631,41820,82.5,53.5,68.5,4.25,17.0,5.25,1729,552,0.0,10,53.45788043478261,61.5,3.5,0.0,29.365,41.964242,-87.757639,10,49894.285714285725,74.5,0.6398176291793313,9.5,84.0,65.0,13.0,10.7,17.753799392097267,0.1993446048632208,67.38240881458967,0,0,1,0,0,0,0
2632,41820,82.5,53.5,68.5,4.25,17.0,5.25,1729,552,0.0,10,53.45788043478261,61.5,3.5,0.0,29.365,41.96272800000001,-87.748367,10,49891.219141663496,74.5,0.639574629699962,9.5,84.0,65.0,13.0,10.7,17.75351310292442,0.19926889479680865,67.38017470565894,0,1,0,0,0,0,0
2633,41820,82.5,53.5,68.5,4.25,17.0,5.25,1729,552,0.0,10,53.45788043478261,61.5,3.5,0.0,29.365,41.942114,-87.776385,10,49888.154897494314,68.5,0.639331814730448,3.5,82.5,65.0,10.0,10.7,17.75322703113136,0.19919324221715912,67.37794229309036,0,0,1,0,0,0,0
2634,41820,82.5,53.5,68.5,4.25,17.0,5.25,1729,552,0.0,10,53.45788043478261,61.5,3.5,0.0,29.365,41.990284,-87.797127,10,49885.09297912714,68.5,0.6390891840607211,3.5,82.5,65.0,10.0,10.7,17.75294117647059,0.19911764705882246,67.37571157495256,0,1,0,0,0,0,0
2635,41820,82.5,53.5,68.5,4.25,17.0,5.25,1729,552,0.0,10,53.45788043478261,61.5,3.5,0.0,29.365,41.990284,-87.797127,10,49882.033383915026,68.5,0.6388467374810318,3.5,82.5,65.0,10.0,10.7,17.752655538694988,0.19904210925644808,67.37348254931715,0,0,1,0,0,0,0
2636,41820,82.5,53.5,68.5,4.25,17.0,5.25,1729,552,0.0,10,53.45788043478261,61.5,3.5,0.0,29.365,41.994991,-87.769279,10,49878.97610921502,68.5,0.6386044747819491,3.5,82.5,53.5,10.0,7.599999999999998,17.752370117557827,0.19896662874478466,67.37125521425861,0,1,0,0,0,0,0
2637,41820,82.5,53.5,68.5,4.25,17.0,5.25,1729,552,0.0,10,53.45788043478261,61.5,3.5,0.0,29.365,41.994991,-87.769279,10,49875.921152388175,68.5,0.6383623957543594,3.5,82.5,53.5,10.0,7.599999999999998,17.752084912812734,0.19889120545867967,67.36902956785443,0,0,1,0,0,0,0
2638,41820,82.5,53.5,68.5,4.25,17.0,5.25,1729,552,0.0,10,53.45788043478261,61.5,3.5,0.0,29.365,42.008314,-87.77792099999998,10,49872.86851079955,68.5,0.6381205001894658,3.5,82.5,53.5,10.0,7.599999999999998,17.751799924213714,0.1988158393330796,67.36680560818492,0,1,0,0,0,0,0
2639,41820,82.5,53.5,68.5,4.25,17.0,5.25,1729,552,0.0,10,53.45788043478261,61.5,3.5,0.0,29.365,42.008314,-87.77792099999998,10,49869.81818181818,68.5,0.6378787878787879,3.5,82.5,53.5,10.0,7.599999999999998,17.751515151515147,0.1987405303030292,67.36458333333333,0,0,1,0,0,0,0
2640,41820,82.5,53.5,68.5,4.25,17.0,5.25,1729,552,0.0,10,53.45788043478261,61.5,3.5,0.0,29.365,41.944869,-87.832763,10,49866.77016281711,68.5,0.6376372586141613,3.5,82.5,53.5,10.0,7.599999999999998,17.751230594471792,0.19866527830367176,67.36236274138584,0,1,0,0,0,0,0
2641,41820,82.5,53.5,68.5,4.25,17.0,5.25,1729,552,0.0,10,53.45788043478261,61.5,3.5,0.0,29.365,41.944869,-87.832763,10,49863.72445117335,68.5,0.6373959121877366,3.5,82.5,53.5,10.0,7.599999999999998,17.750946252838762,0.1985900832702487,67.3601438304315,0,0,1,0,0,0,0
2642,41820,82.5,53.5,68.5,4.25,17.0,5.25,1729,552,0.0,10,53.45788043478261,61.5,3.5,0.0,29.365,41.991429,-87.747113,10,49860.68104426788,68.5,0.6371547483919788,3.5,82.5,53.5,10.0,7.599999999999998,17.750662126371545,0.1985149451380996,67.35792659856224,0,1,0,0,0,0,0
2643,41820,82.5,53.5,68.5,4.25,17.0,5.25,1729,552,0.0,10,53.45788043478261,61.5,3.5,0.0,29.365,41.991429,-87.747113,10,49857.639939485634,68.5,0.6369137670196672,3.5,82.5,53.5,10.0,7.599999999999998,17.750378214826018,0.19843986384266155,67.35571104387292,0,0,1,0,0,0,0
2644,41820,82.5,53.5,68.5,4.25,17.0,5.25,1729,552,0.0,10,53.45788043478261,61.5,3.5,0.0,29.365,41.923738,-87.785288,10,49854.601134215496,68.5,0.6366729678638942,3.5,82.5,53.5,10.0,7.599999999999998,17.750094517958413,0.1983648393194696,67.35349716446125,0,1,0,0,0,0,0
2645,41820,82.5,53.5,68.5,4.25,17.0,5.25,1729,552,0.0,10,53.45788043478261,61.5,3.5,0.0,29.365,41.923738,-87.785288,10,49851.56462585034,68.5,0.6364323507180649,3.5,82.5,53.5,10.0,7.599999999999998,17.749811035525326,0.1982898715041561,67.35128495842781,0,0,1,0,0,0,0
2646,41820,82.5,53.5,68.5,4.25,17.0,5.25,1729,552,0.0,10,53.45788043478261,61.5,3.5,0.0,29.365,41.970248,-87.787992,10,49848.53041178693,68.5,0.6361919153758973,3.5,82.5,53.5,10.0,7.599999999999998,17.749527767283713,0.19821496033245076,67.34907442387609,0,1,0,0,0,0,0
2647,41820,82.5,53.5,68.5,4.25,17.0,5.25,1729,552,0.0,10,53.45788043478261,61.5,3.5,0.0,29.365,41.970248,-87.787992,10,49845.498489425976,68.5,0.6359516616314199,3.5,82.5,53.5,10.0,7.599999999999998,17.749244712990933,0.19814010574018015,67.34686555891238,0,0,1,0,0,0,0
2648,41820,82.5,53.5,68.5,4.25,17.0,5.25,1729,552,0.0,10,53.45788043478261,61.5,3.5,0.0,29.365,41.974089,-87.824812,10,49842.46885617214,68.5,0.6357115892789732,3.5,82.5,53.5,10.0,7.599999999999998,17.74896187240468,0.19806530766326808,67.3446583616459,0,1,0,0,0,0,0
2649,41820,82.5,53.5,68.5,4.25,17.0,5.25,1729,552,0.0,10,53.45788043478261,61.5,3.5,0.0,29.365,41.974089,-87.824812,10,49839.441509433964,68.5,0.6354716981132076,3.5,82.5,53.5,10.0,7.599999999999998,17.748679245283014,0.1979905660377348,67.34245283018868,0,0,1,0,0,0,0
2650,41820,82.5,53.5,68.5,4.25,17.0,5.25,1729,552,0.0,10,53.45788043478261,61.5,3.5,0.0,29.365,42.011601,-87.81150600000002,10,49836.416446623916,68.5,0.6352319879290834,3.5,82.5,53.5,10.0,7.599999999999998,17.748396831384387,0.19791588079969716,67.34024896265561,0,1,0,0,0,0,0
2651,41820,82.5,53.5,68.5,4.25,17.0,5.25,1729,552,0.0,10,53.45788043478261,61.5,3.5,0.0,29.365,42.011601,-87.81150600000002,10,49833.39366515837,68.5,0.6349924585218703,3.5,82.5,53.5,10.0,7.599999999999998,17.748114630467576,0.19784125188536844,67.3380467571644,0,0,1,0,0,0,0
2652,41820,82.5,53.5,68.5,4.25,17.0,5.25,1729,552,0.0,10,53.45788043478261,61.5,3.5,0.0,29.365,42.011601,-87.81150600000002,10,49830.373162457596,68.5,0.6347531096871466,3.5,82.5,53.5,10.0,7.599999999999998,17.747832642291748,0.1977666792310581,67.33584621183566,0,0,0,0,0,0,1
2653,41820,82.5,53.5,68.5,4.25,17.0,5.25,1729,552,0.0,10,53.45788043478261,61.5,3.5,0.0,29.365,41.960616,-87.777189,10,49827.35493594574,68.5,0.6345139412207988,3.5,82.5,53.5,10.0,7.599999999999998,17.74755086661643,0.19769216277317148,67.33364732479275,0,0,1,0,0,0,0
2654,41820,82.5,53.5,68.5,4.25,17.0,5.25,1729,552,0.0,10,53.45788043478261,61.5,3.5,0.0,29.365,41.94983,-87.69845699999998,10,49824.33898305085,68.5,0.6342749529190207,3.5,82.5,53.5,10.0,4.249999999999998,17.747269303201502,0.19761770244820984,67.33145009416197,0,1,0,0,0,0,0
2655,41820,82.5,53.5,68.5,4.25,17.0,5.25,1729,552,0.0,10,53.45788043478261,61.5,3.5,0.0,29.365,41.94983,-87.69845699999998,10,49821.325301204815,68.5,0.6340361445783133,3.5,82.5,53.5,10.0,4.249999999999998,17.746987951807228,0.19754329819277,67.32925451807229,0,0,1,0,0,0,0
2656,41820,82.5,53.5,68.5,4.25,17.0,5.25,1729,552,0.0,10,53.45788043478261,61.5,3.5,0.0,29.365,41.979243,-87.750938,10,49818.313887843426,68.5,0.6337975159954836,3.5,82.5,53.5,10.0,4.249999999999998,17.7467068121942,0.19746894994354428,67.32706059465562,0,1,0,0,0,0,0
2657,41820,82.5,53.5,68.5,4.25,17.0,5.25,1729,552,0.0,10,53.45788043478261,61.5,3.5,0.0,29.365,41.979243,-87.750938,10,49815.30474040632,68.5,0.6335590669676449,3.5,82.5,53.5,10.0,4.249999999999998,17.7464258841234,0.1973946576373202,67.32486832204665,0,0,1,0,0,0,0
2658,41820,82.5,53.5,68.5,4.25,17.0,5.25,1729,552,0.0,10,53.45788043478261,61.5,3.5,0.0,29.365,41.986921,-87.689778,10,49812.297856336976,68.5,0.6333207972922151,3.5,82.5,53.5,10.0,4.249999999999998,17.746145167356147,0.19732042121098048,67.32267769838286,0,1,0,0,0,0,0
2659,41820,82.5,53.5,68.5,4.25,17.0,5.25,1729,552,0.0,10,53.45788043478261,61.5,3.5,0.0,29.365,41.986921,-87.689778,10,49809.29323308272,68.5,0.6330827067669172,3.5,82.5,53.5,10.0,4.249999999999998,17.745864661654135,0.19724624060150267,67.32048872180451,0,0,1,0,0,0,0
2660,41820,82.5,53.5,68.5,4.25,17.0,5.25,1729,552,0.0,10,53.45788043478261,61.5,3.5,0.0,29.365,41.89923,-87.716788,10,49806.2908680947,68.5,0.6328447951897783,3.5,82.5,53.5,10.0,4.249999999999998,17.745584366779408,0.19717211574595908,67.31830139045472,0,1,0,0,0,0,0
2661,41820,82.5,53.5,68.5,4.25,17.0,5.25,1729,552,0.0,10,53.45788043478261,61.5,3.5,0.0,29.365,41.89923,-87.716788,10,49803.29075882795,68.5,0.6326070623591284,3.5,82.5,53.5,10.0,4.249999999999998,17.745304282494367,0.19709804658151656,67.31611570247934,0,0,1,0,0,0,0
2662,41820,82.5,53.5,68.5,4.25,17.0,5.25,1729,552,0.0,10,53.45788043478261,61.5,3.5,0.0,29.365,41.801498,-87.763416,10,49800.29290274127,68.5,0.6323695080736011,3.5,82.5,53.5,10.0,4.249999999999998,17.745024408561772,0.1970240330454364,67.31393165602704,0,1,0,0,0,0,0
2663,41820,82.5,53.5,68.5,4.25,17.0,5.25,1729,552,0.0,10,53.45788043478261,61.5,3.5,0.0,29.365,41.801498,-87.763416,10,49797.29729729731,68.5,0.6321321321321322,3.5,82.5,53.5,10.0,4.249999999999998,17.744744744744747,0.19695007507507398,67.31174924924925,0,0,1,0,0,0,0
2664,41820,82.5,53.5,68.5,4.25,17.0,5.25,1729,552,0.0,10,53.45788043478261,61.5,3.5,0.0,29.365,41.801498,-87.763416,10,49794.30393996248,68.5,0.6318949343339587,3.5,82.5,53.5,10.0,4.249999999999998,17.744465290806755,0.19687617260787885,67.30956848030019,0,0,0,0,0,0,1
2665,41820,82.5,53.5,68.5,4.25,17.0,5.25,1729,552,0.0,10,53.45788043478261,61.5,3.5,0.0,29.365,41.906638,-87.701431,10,49791.31282820706,68.5,0.6316579144786196,3.5,82.5,53.5,10.0,4.249999999999998,17.74418604651163,0.19680232558139427,67.30738934733685,0,1,0,0,0,0,0
2666,41820,82.5,53.5,68.5,4.25,17.0,5.25,1729,552,0.0,10,53.45788043478261,61.5,3.5,0.0,29.365,41.906638,-87.701431,10,49788.32395950506,68.5,0.6314210723659542,3.5,82.5,53.5,10.0,4.249999999999998,17.743907011623552,0.1967285339332573,67.30521184851894,0,0,1,0,0,0,0
2667,41820,82.5,53.5,68.5,4.25,17.0,5.25,1729,552,0.0,10,53.45788043478261,61.5,3.5,0.0,29.365,41.843811,-87.686763,10,49785.33733133433,68.5,0.631184407796102,3.5,82.5,53.5,10.0,4.249999999999998,17.743628185907045,0.1966547976011983,67.30303598200899,0,1,0,0,0,0,0
2668,41820,82.5,53.5,68.5,4.25,17.0,5.25,1729,552,0.0,10,53.45788043478261,61.5,3.5,0.0,29.365,41.843811,-87.686763,10,49782.35294117647,68.5,0.6309479205695017,3.5,82.5,53.5,10.0,4.249999999999998,17.743349569127012,0.19658111652304125,67.30086174597227,0,0,1,0,0,0,0
2669,41820,82.5,53.5,68.5,4.25,17.0,5.25,1729,552,0.0,10,53.45788043478261,61.5,3.5,0.0,29.365,41.836644,-87.677737,10,49779.37078651685,68.5,0.6307116104868914,3.5,82.5,53.5,10.0,4.249999999999998,17.74307116104869,0.19650749063670306,67.29868913857679,0,1,0,0,0,0,0
2670,41820,82.5,53.5,68.5,4.25,17.0,5.25,1729,552,0.0,10,53.45788043478261,61.5,3.5,0.0,29.365,41.763733,-87.742302,10,49776.39086484463,68.5,0.6304754773493074,3.5,82.5,53.5,10.0,4.249999999999998,17.742792961437665,0.1964339198801936,67.29651815799326,0,1,0,0,0,0,0
2671,41820,82.5,53.5,68.5,4.25,17.0,5.25,1729,552,0.0,10,53.45788043478261,61.5,3.5,0.0,29.365,41.836644,-87.677737,10,49773.4131736527,68.5,0.6302395209580839,3.5,82.5,53.5,10.0,4.249999999999998,17.74251497005988,0.19636040419161568,67.2943488023952,0,0,1,0,0,0,0
2672,41820,82.5,53.5,68.5,4.25,17.0,5.25,1729,552,0.0,10,53.45788043478261,61.5,3.5,0.0,29.365,41.763733,-87.742302,10,49770.43771043771,68.5,0.6300037411148522,3.5,82.5,53.5,10.0,4.249999999999998,17.742237186681628,0.19628694350916465,67.29218106995884,0,0,1,0,0,0,0
2673,41820,82.5,53.5,68.5,4.25,17.0,5.25,1729,552,0.0,10,53.45788043478261,61.5,3.5,0.0,29.365,41.837085,-87.729384,10,49767.46447270008,68.5,0.6297681376215407,3.5,82.5,53.5,10.0,4.249999999999998,17.741959611069554,0.19621353777112832,67.29001495886314,0,1,0,0,0,0,0
2674,41820,82.5,53.5,68.5,4.25,17.0,5.25,1729,552,0.0,10,53.45788043478261,61.5,3.5,0.0,29.365,41.837085,-87.729384,10,49764.493457943936,68.5,0.6295327102803738,3.5,82.5,53.5,10.0,4.249999999999998,17.741682242990652,0.1961401869158868,67.28785046728972,0,0,1,0,0,0,0
2675,41820,82.5,53.5,68.5,4.25,17.0,5.25,1729,552,0.0,10,53.45788043478261,61.5,3.5,0.0,29.365,41.921177,-87.79518,10,49761.524663677126,68.5,0.6292974588938715,3.5,82.5,53.5,10.0,4.249999999999998,17.741405082212253,0.19606689088191226,67.28568759342302,0,1,0,0,0,0,0
2676,41820,82.5,53.5,68.5,4.25,17.0,5.25,1729,552,0.0,10,53.45788043478261,61.5,3.5,0.0,29.365,41.921177,-87.79518,10,49758.55808741128,68.5,0.6290623832648488,3.5,82.5,53.5,10.0,4.249999999999998,17.741128128502055,0.1959936496077688,67.28352633545013,0,0,1,0,0,0,0
2677,41820,82.5,53.5,68.5,4.25,17.0,5.25,1729,552,0.0,10,53.45788043478261,61.5,3.5,0.0,29.365,41.911824,-87.726737,10,49755.59372666169,68.5,0.6288274831964152,3.5,82.5,53.5,10.0,4.249999999999998,17.740851381628076,0.19592046303211244,67.28136669156086,0,1,0,0,0,0,0
2678,41820,82.5,53.5,68.5,4.25,17.0,5.25,1729,552,0.0,10,53.45788043478261,61.5,3.5,0.0,29.365,41.911824,-87.726737,10,49752.631578947374,68.5,0.6285927584919746,3.5,82.5,53.5,10.0,4.249999999999998,17.740574841358715,0.1958473310936906,67.27920865994774,0,0,1,0,0,0,0
2679,41820,82.5,53.5,68.5,4.25,17.0,5.25,1729,552,0.0,10,53.45788043478261,61.5,3.5,0.0,29.365,41.857402,-87.694991,10,49749.671641791036,68.5,0.6283582089552239,3.5,82.5,53.5,10.0,4.249999999999998,17.740298507462683,0.19577425373134225,67.27705223880596,0,1,0,0,0,0,0
2680,41820,82.5,53.5,68.5,4.25,17.0,5.25,1729,552,0.0,10,53.45788043478261,61.5,3.5,0.0,29.365,41.883284,-87.705085,10,49746.71391271913,68.5,0.628123834390153,3.5,82.5,53.5,10.0,4.249999999999998,17.740022379709067,0.19570123088399746,67.27489742633345,0,1,0,0,0,0,0
2681,41820,82.5,53.5,68.5,4.25,17.0,5.25,1729,552,0.0,10,53.45788043478261,61.5,3.5,0.0,29.365,41.9216,-87.666455,10,49743.75838926175,68.5,0.6278896346010439,3.5,82.5,53.5,10.0,4.249999999999998,17.739746457867266,0.19562826249067752,67.2727442207308,0,0,1,0,0,0,0
2682,41820,82.5,53.5,68.5,4.25,17.0,5.25,1729,552,0.0,10,53.45788043478261,61.5,3.5,0.0,29.365,41.891118,-87.65449100000002,10,49740.80506895266,68.5,0.6276556093924711,3.5,82.5,53.5,10.0,4.249999999999998,17.739470741707045,0.19555534849049466,67.27059262020127,0,1,0,0,0,0,0
2683,41820,82.5,53.5,68.5,4.25,17.0,5.25,1729,552,0.0,10,53.45788043478261,61.5,3.5,0.0,29.365,41.891118,-87.65449100000002,10,49737.853949329365,68.5,0.6274217585692996,3.5,82.5,53.5,10.0,4.249999999999998,17.739195230998508,0.19548248882265168,67.26844262295081,0,0,1,0,0,0,0
2684,41820,82.5,53.5,68.5,4.25,17.0,5.25,1729,552,0.0,10,53.45788043478261,61.5,3.5,0.0,29.365,41.868142,-87.696269,10,49734.90502793296,68.5,0.6271880819366853,3.5,82.5,53.5,10.0,4.249999999999998,17.738919925512107,0.19540968342644213,67.26629422718808,0,1,0,0,0,0,0
2685,41820,82.5,53.5,68.5,4.25,17.0,5.25,1729,552,0.0,10,53.45788043478261,61.5,3.5,0.0,29.365,41.868142,-87.696269,10,49731.958302308274,68.5,0.6269545793000745,3.5,82.5,53.5,10.0,4.249999999999998,17.738644825018614,0.19533693224124984,67.26414743112434,0,0,1,0,0,0,0
2686,41820,82.5,53.5,68.5,4.25,17.0,5.25,1729,552,0.0,10,53.45788043478261,61.5,3.5,0.0,29.365,41.867108,-87.654224,10,49729.01377000372,68.5,0.6267212504652029,3.5,82.5,53.5,10.0,4.249999999999998,17.73836992928917,0.19526423520654895,67.26200223297357,0,1,0,0,0,0,0
2687,41820,82.5,53.5,68.5,4.25,17.0,5.25,1729,552,0.0,10,53.45788043478261,61.5,3.5,0.0,29.365,41.867108,-87.654224,10,49726.071428571435,68.5,0.6264880952380952,3.5,82.5,53.5,10.0,4.249999999999998,17.738095238095234,0.1951915922619037,67.2598586309524,0,0,1,0,0,0,0
2688,41820,82.5,53.5,68.5,4.25,17.0,5.25,1729,552,0.0,10,53.45788043478261,61.5,3.5,0.0,29.365,41.896282,-87.655232,10,49723.13127556712,68.5,0.6262551134250651,3.5,82.5,53.5,10.0,4.249999999999998,17.73782075120863,0.19511900334696805,67.25771662328003,0,1,0,0,0,0,0
2689,41820,82.5,53.5,68.5,4.25,17.0,5.25,1729,552,0.0,10,53.45788043478261,61.5,3.5,0.0,29.365,41.896282,-87.655232,10,49720.19330855019,68.5,0.6260223048327137,3.5,82.5,53.5,10.0,4.249999999999998,17.73754646840149,0.19504646840148596,67.25557620817844,0,0,1,0,0,0,0
2690,41820,82.5,53.5,68.5,4.25,17.0,5.25,1729,552,0.0,10,53.45788043478261,61.5,3.5,0.0,29.365,41.919343,-87.694259,10,49717.257525083616,68.5,0.6257896692679301,3.5,82.5,53.5,10.0,4.249999999999998,17.737272389446304,0.19497398736529065,67.25343738387218,0,0,1,0,0,0,0
2691,41820,82.5,53.5,68.5,4.25,17.0,5.25,1729,552,0.0,10,53.45788043478261,61.5,3.5,0.0,29.365,41.846283,-87.656913,10,49714.32392273402,68.5,0.62555720653789,3.5,82.5,53.5,10.0,4.249999999999998,17.7369985141159,0.19490156017830498,67.25130014858841,0,1,0,0,0,0,0
2692,41820,82.5,53.5,68.5,4.25,17.0,5.25,1729,552,0.0,10,53.45788043478261,61.5,3.5,0.0,29.365,41.846283,-87.656913,10,49711.39249907167,68.5,0.6253249164500557,3.5,82.5,53.5,10.0,4.249999999999998,17.736724842183442,0.19482918678054106,67.249164500557,0,0,1,0,0,0,0
2693,41820,82.5,53.5,68.5,4.25,17.0,5.25,1729,552,0.0,10,53.45788043478261,61.5,3.5,0.0,29.365,41.921965,-87.632085,10,49708.46325167038,68.5,0.6250927988121752,3.5,82.5,53.5,10.0,4.249999999999998,17.736451373422423,0.19475686711209989,67.2470304380104,0,0,1,0,0,0,0
2694,41820,82.5,53.5,68.5,4.25,17.0,5.25,1729,552,0.0,10,53.45788043478261,61.5,3.5,0.0,29.365,41.921965,-87.632085,10,49705.536178107606,68.5,0.624860853432282,3.5,82.5,53.5,10.0,4.249999999999998,17.73617810760668,0.19468460111317146,67.24489795918367,0,0,0,0,0,0,1
2695,41820,82.5,53.5,68.5,4.25,17.0,5.25,1729,552,0.0,10,53.45788043478261,61.5,3.5,0.0,29.365,41.823065,-87.67837800000002,10,49702.6112759644,68.5,0.6246290801186943,3.5,82.5,53.5,10.0,4.249999999999998,17.735905044510385,0.19461238872403447,67.24276706231454,0,1,0,0,0,0,0
2696,41820,82.5,53.5,68.5,4.25,17.0,5.25,1729,552,0.0,10,53.45788043478261,61.5,3.5,0.0,29.365,41.801179,-87.679447,10,49699.68854282536,68.5,0.6243974786800148,3.5,82.5,53.5,10.0,4.249999999999998,17.73563218390805,0.1945402298850564,67.24063774564331,0,1,0,0,0,0,0
2697,41820,82.5,53.5,68.5,4.25,17.0,5.25,1729,552,0.0,10,53.45788043478261,61.5,3.5,0.0,29.365,41.801179,-87.679447,10,49696.76797627872,68.5,0.6241660489251297,3.5,82.5,53.5,10.0,4.249999999999998,17.735359525574502,0.1944681245366928,67.2385100074129,0,0,1,0,0,0,0
2698,41820,82.5,53.5,68.5,4.25,17.0,5.25,1729,552,0.0,10,53.45788043478261,61.5,3.5,0.0,29.365,41.800737,-87.71188000000002,10,49693.84957391627,68.5,0.6239347906632086,3.5,82.5,53.5,10.0,4.249999999999998,17.73508706928492,0.19439607261948766,67.23638384586884,0,1,0,0,0,0,0
2699,41820,82.5,53.5,68.5,4.25,17.0,5.25,1729,552,0.0,10,53.45788043478261,61.5,3.5,0.0,29.365,41.800737,-87.71188000000002,10,49690.93333333333,68.5,0.6237037037037036,3.5,82.5,53.5,10.0,4.249999999999998,17.734814814814815,0.19432407407407298,67.23425925925926,0,0,1,0,0,0,0
2700,41820,82.5,53.5,68.5,4.25,17.0,5.25,1729,552,0.0,10,53.45788043478261,61.5,3.5,0.0,29.365,41.800737,-87.71188000000002,10,49688.01925212884,68.5,0.6234727878563495,3.5,82.5,53.5,10.0,4.249999999999998,17.734542761940023,0.19425212884116888,67.23213624583488,0,0,0,0,1,0,0
2701,41820,82.5,53.5,68.5,4.25,17.0,5.25,1729,552,0.0,10,53.45788043478261,61.5,3.5,0.0,29.365,41.800737,-87.71188000000002,10,49685.107327905265,68.5,0.6232420429311621,3.5,82.5,53.5,10.0,4.249999999999998,17.73427091043671,0.19418023686158292,67.230014803849,0,0,0,0,0,0,1
2702,41820,82.5,53.5,68.5,4.25,17.0,5.25,1729,552,0.0,10,53.45788043478261,61.5,3.5,0.0,29.365,41.82561,-87.726549,10,49682.197558268585,68.5,0.6230114687384388,3.5,82.5,53.5,10.0,4.249999999999998,17.73399926008139,0.19410839807621053,67.22789493155753,0,1,0,0,0,0,0
2703,41820,82.5,53.5,68.5,4.25,17.0,5.25,1729,552,0.0,10,53.45788043478261,61.5,3.5,0.0,29.365,41.82561,-87.726549,10,49679.2899408284,68.5,0.6227810650887574,3.5,82.5,53.5,10.0,4.249999999999998,17.733727810650887,0.19403661242603445,67.22577662721893,0,0,1,0,0,0,0
2704,41820,82.5,53.5,68.5,4.25,17.0,5.25,1729,552,0.0,10,53.45788043478261,61.5,3.5,0.0,29.365,41.778297,-87.752411,10,49676.38447319778,68.5,0.6225508317929761,3.5,82.5,53.5,10.0,4.249999999999998,17.733456561922367,0.19396487985212466,67.22365988909425,0,1,0,0,0,0,0
2705,41820,82.5,53.5,68.5,4.25,17.0,5.25,1729,552,0.0,10,53.45788043478261,61.5,3.5,0.0,29.365,41.778297,-87.752411,10,49673.48115299335,68.5,0.6223207686622321,3.5,82.5,53.5,10.0,4.249999999999998,17.73318551367332,0.19389320029563825,67.22154471544715,0,0,1,0,0,0,0
2706,41820,82.5,53.5,68.5,4.25,17.0,5.25,1729,552,0.0,10,53.45788043478261,61.5,3.5,0.0,29.365,41.778297,-87.752411,10,49670.579977835245,68.5,0.6220908755079424,3.5,82.5,53.5,10.0,4.249999999999998,17.732914665681566,0.1938215736978194,67.21943110454377,0,0,0,0,0,0,1
2707,41820,82.5,53.5,68.5,4.25,17.0,5.25,1729,552,0.0,10,53.45788043478261,61.5,3.5,0.0,29.365,41.77166,-87.703047,10,49667.68094534712,68.5,0.621861152141802,3.5,82.5,53.5,10.0,4.249999999999998,17.732644017725264,0.19374999999999887,67.21731905465288,0,1,0,0,0,0,0
2708,41820,82.5,53.5,68.5,4.25,17.0,5.25,1729,552,0.0,10,53.45788043478261,61.5,3.5,0.0,29.365,41.77166,-87.703047,10,49664.78405315615,68.5,0.6216315983757844,3.5,82.5,53.5,10.0,4.249999999999998,17.73237356958287,0.19367847914359435,67.21520856404577,0,0,1,0,0,0,0
2709,41820,82.5,53.5,68.5,4.25,17.0,5.25,1729,552,0.0,10,53.45788043478261,61.5,3.5,0.0,29.365,41.77166,-87.703047,10,49661.88929889299,68.5,0.6214022140221402,3.5,82.5,53.5,10.0,4.249999999999998,17.73210332103321,0.19360701107010966,67.21309963099631,0,0,0,1,0,0,0
2710,41820,82.5,53.5,68.5,4.25,17.0,5.25,1729,552,0.0,10,53.45788043478261,61.5,3.5,0.0,29.365,41.77166,-87.703047,10,49658.99668019182,68.5,0.6211729988933973,3.5,82.5,53.5,10.0,4.249999999999998,17.731833271855407,0.19353559572113505,67.21099225378089,0,0,0,0,0,0,1
2711,41820,82.5,53.5,68.5,4.25,17.0,5.25,1729,552,0.0,10,53.45788043478261,61.5,3.5,0.0,29.365,41.759346,-87.745602,10,49656.10619469026,68.5,0.6209439528023599,3.5,82.5,53.5,10.0,4.249999999999998,17.731563421828913,0.19346423303834698,67.20888643067846,0,1,0,0,0,0,0
2712,41820,82.5,53.5,68.5,4.25,17.0,5.25,1729,552,0.0,10,53.45788043478261,61.5,3.5,0.0,29.365,41.759346,-87.745602,10,49653.217840029494,68.5,0.6207150755621084,3.5,82.5,53.5,10.0,4.249999999999998,17.731293770733505,0.193392922963508,67.20678215997052,0,0,1,0,0,0,0
2713,41820,82.5,53.5,68.5,4.25,17.0,5.25,1729,552,0.0,10,53.45788043478261,61.5,3.5,0.0,29.365,41.768388,-87.678649,10,49650.33161385409,68.5,0.6204863669859986,3.5,82.5,53.5,10.0,4.249999999999998,17.731024318349302,0.19332166543846616,67.20467943994105,0,1,0,0,0,0,0
2714,41820,82.5,53.5,68.5,4.25,17.0,5.25,1729,552,0.0,10,53.45788043478261,61.5,3.5,0.0,29.365,41.768388,-87.678649,10,49647.447513812156,68.5,0.6202578268876612,3.5,82.5,53.5,10.0,4.249999999999998,17.730755064456726,0.19325046040515548,67.20257826887661,0,0,1,0,0,0,0
2715,41820,82.5,53.5,68.5,4.25,17.0,5.25,1729,552,0.0,10,53.45788043478261,61.5,3.5,0.0,29.365,41.797616,-87.797894,10,49644.56553755524,68.5,0.6200294550810015,3.5,82.5,53.5,10.0,4.249999999999998,17.730486008836525,0.1931793078055954,67.20047864506627,0,1,0,0,0,0,0
2716,41820,82.5,53.5,68.5,4.25,17.0,5.25,1729,552,0.0,10,53.45788043478261,61.5,3.5,0.0,29.365,41.797616,-87.797894,10,49641.68568273832,68.5,0.6198012513801987,3.5,82.5,53.5,10.0,4.249999999999998,17.730217151269784,0.19310820758189076,67.19838056680162,0,0,1,0,0,0,0
2717,41820,82.5,53.5,68.5,4.25,17.0,5.25,1729,552,0.0,10,53.45788043478261,61.5,3.5,0.0,29.365,41.781416,-87.77653199999996,10,49638.807947019865,68.5,0.6195732155997057,3.5,82.5,53.5,10.0,4.249999999999998,17.729948491537897,0.19303715967623147,67.19628403237675,0,1,0,0,0,0,0
2718,41820,82.5,53.5,68.5,4.25,17.0,5.25,1729,552,0.0,10,53.45788043478261,61.5,3.5,0.0,29.365,41.781416,-87.77653199999996,10,49635.93232806179,68.5,0.6193453475542479,3.5,82.5,53.5,10.0,4.249999999999998,17.729680029422582,0.19296616403089265,67.19418904008826,0,0,1,0,0,0,0
2719,41820,82.5,53.5,68.5,4.25,17.0,5.25,1729,552,0.0,10,53.45788043478261,61.5,3.5,0.0,29.365,41.773215,-87.60088,10,49633.05882352941,68.5,0.6191176470588236,3.5,82.5,53.5,10.0,4.249999999999998,17.729411764705887,0.19289522058823425,67.19209558823529,0,1,0,0,0,0,0
2720,41820,82.5,53.5,68.5,4.25,17.0,5.25,1729,552,0.0,10,53.45788043478261,61.5,3.5,0.0,29.365,41.773215,-87.60088,10,49630.187431091515,68.5,0.6188901139287026,3.5,82.5,53.5,10.0,4.249999999999998,17.72914369717016,0.1928243292907009,67.19000367511944,0,0,1,0,0,0,0
2721,41820,82.5,53.5,68.5,4.25,17.0,5.25,1729,552,0.0,10,53.45788043478261,61.5,3.5,0.0,29.365,41.822536,-87.66634300000004,10,49627.31814842028,68.5,0.6186627479794269,3.5,82.5,53.5,10.0,4.249999999999998,17.728875826598085,0.19275349008082188,67.18791329904482,0,1,0,0,0,0,0
2722,41820,82.5,53.5,68.5,4.25,17.0,5.25,1729,552,0.0,10,53.45788043478261,61.5,3.5,0.0,29.365,41.822536,-87.66634300000004,10,49624.450973191335,68.5,0.6184355490268086,3.5,82.5,53.5,10.0,4.249999999999998,17.728608152772676,0.19268270290121084,67.18582445831804,0,0,1,0,0,0,0
2723,41820,82.5,53.5,68.5,4.25,17.0,5.25,1729,552,0.0,10,53.45788043478261,61.5,3.5,0.0,29.365,41.799282,-87.585487,10,49621.5859030837,68.5,0.618208516886931,3.5,82.5,53.5,10.0,4.249999999999998,17.728340675477238,0.19261196769456576,67.18373715124817,0,1,0,0,0,0,0
2724,41820,82.5,53.5,68.5,4.25,17.0,5.25,1729,552,0.0,10,53.45788043478261,61.5,3.5,0.0,29.365,41.799282,-87.585487,10,49618.72293577981,68.5,0.6179816513761468,3.5,82.5,53.5,10.0,4.249999999999998,17.728073394495414,0.19254128440366866,67.18165137614679,0,0,1,0,0,0,0
2725,41820,82.5,53.5,68.5,4.25,17.0,5.25,1729,552,0.0,10,53.45788043478261,61.5,3.5,0.0,29.365,41.799282,-87.585487,10,49615.862068965514,68.5,0.6177549523110785,3.5,82.5,53.5,10.0,4.249999999999998,17.72780630961115,0.1924706529713856,67.17956713132796,0,0,0,1,0,0,0
2726,41820,82.5,53.5,68.5,4.25,17.0,5.25,1729,552,0.0,10,53.45788043478261,61.5,3.5,0.0,29.365,41.778748,-87.586427,10,49613.00330033003,68.5,0.6175284195086175,3.5,82.5,53.5,10.0,4.249999999999998,17.727539420608732,0.19240007334066636,67.17748441510818,0,1,0,0,0,0,0
2727,41820,82.5,53.5,68.5,4.25,17.0,5.25,1729,552,0.0,10,53.45788043478261,61.5,3.5,0.0,29.365,41.766202,-87.562889,10,49610.146627565984,68.5,0.6173020527859238,3.5,82.5,53.5,10.0,4.249999999999998,17.727272727272727,0.1923295454545444,67.17540322580646,0,1,0,0,0,0,0
2728,41820,82.5,53.5,68.5,4.25,17.0,5.25,1729,552,0.0,10,53.45788043478261,61.5,3.5,0.0,29.365,41.766202,-87.562889,10,49607.29204836937,68.5,0.617075851960425,3.5,82.5,53.5,10.0,4.249999999999998,17.72700622938805,0.19225906925613676,67.17332356174423,0,0,1,0,0,0,0
2729,41820,82.5,53.5,68.5,4.25,17.0,5.25,1729,552,0.0,10,53.45788043478261,61.5,3.5,0.0,29.365,41.766202,-87.562889,10,49604.43956043956,68.5,0.6168498168498169,3.5,82.5,53.5,10.0,4.249999999999998,17.726739926739928,0.19218864468864366,67.17124542124542,0,0,0,1,0,0,0
2730,41820,82.5,53.5,68.5,4.25,17.0,5.25,1729,552,0.0,10,53.45788043478261,61.5,3.5,0.0,29.365,41.754676,-87.612922,10,49601.589161479314,68.5,0.6166239472720615,3.5,82.5,53.5,10.0,4.249999999999998,17.726473819113878,0.19211827169534865,67.16916880263639,0,0,1,0,0,0,0
2731,41820,82.5,53.5,68.5,4.25,17.0,5.25,1729,552,0.0,10,53.45788043478261,61.5,3.5,0.0,29.365,41.821582,-87.62779599999998,10,49598.74084919473,68.5,0.6163982430453879,3.5,82.5,53.5,10.0,4.249999999999998,17.726207906295755,0.19204795021961826,67.16709370424597,0,1,0,0,0,0,0
2732,41820,82.5,53.5,68.5,4.25,17.0,5.25,1729,552,0.0,10,53.45788043478261,61.5,3.5,0.0,29.365,41.821582,-87.62779599999998,10,49595.89462129528,68.5,0.6161727039882913,3.5,82.5,53.5,10.0,4.249999999999998,17.725942188071716,0.191977680204902,67.16502012440542,0,0,1,0,0,0,0
2733,41820,82.5,53.5,68.5,4.25,17.0,5.25,1729,552,0.0,10,53.45788043478261,61.5,3.5,0.0,29.365,41.803423,-87.642984,10,49593.05047549378,68.5,0.6159473299195318,3.5,82.5,53.5,10.0,4.249999999999998,17.72567666422824,0.19190746159473196,67.16294806144843,0,1,0,0,0,0,0
2734,41820,82.5,53.5,68.5,4.25,17.0,5.25,1729,552,0.0,10,53.45788043478261,61.5,3.5,0.0,29.365,41.803423,-87.642984,10,49590.2084095064,68.5,0.6157221206581353,3.5,82.5,53.5,10.0,4.249999999999998,17.725411334552103,0.1918372943327229,67.16087751371116,0,0,1,0,0,0,0
2735,41820,82.5,53.5,68.5,4.25,17.0,5.25,1729,552,0.0,10,53.45788043478261,61.5,3.5,0.0,29.365,41.692555,-87.598865,10,49587.368421052626,68.5,0.6154970760233918,3.5,82.5,53.5,10.0,4.249999999999998,17.72514619883041,0.19176717836257204,67.15880847953217,0,1,0,0,0,0,0
2736,41820,82.5,53.5,68.5,4.25,17.0,5.25,1729,552,0.0,10,53.45788043478261,61.5,3.5,0.0,29.365,41.692555,-87.598865,10,49584.530507855314,68.5,0.6152721958348557,3.5,82.5,53.5,10.0,4.249999999999998,17.724881256850566,0.19169711362805888,67.15674095725247,0,0,1,0,0,0,0
2737,41820,82.5,53.5,68.5,4.25,17.0,5.25,1729,552,0.0,10,53.45788043478261,61.5,3.5,0.0,29.365,41.721474,-87.648064,10,49581.694667640615,68.5,0.6150474799123448,3.5,82.5,53.5,10.0,4.249999999999998,17.724616508400292,0.19162710007304493,67.15467494521549,0,1,0,0,0,0,0
2738,41820,82.5,53.5,68.5,4.25,17.0,5.25,1729,552,0.0,10,53.45788043478261,61.5,3.5,0.0,29.365,41.721474,-87.648064,10,49578.86089813801,68.5,0.6148229280759401,3.5,82.5,53.5,10.0,4.249999999999998,17.72435195326761,0.19155713764147395,67.15261044176707,0,0,1,0,0,0,0
2739,41820,82.5,53.5,68.5,4.25,17.0,5.25,1729,552,0.0,10,53.45788043478261,61.5,3.5,0.0,29.365,41.688324,-87.676709,10,49576.02919708029,68.5,0.6145985401459854,3.5,82.5,53.5,10.0,4.249999999999998,17.724087591240878,0.1914872262773712,67.15054744525547,0,1,0,0,0,0,0
2740,41820,82.5,53.5,68.5,4.25,17.0,5.25,1729,552,0.0,10,53.45788043478261,61.5,3.5,0.0,29.365,41.688324,-87.676709,10,49573.199562203576,68.5,0.6143743159430864,3.5,82.5,53.5,10.0,4.249999999999998,17.72382342210872,0.1914173659248439,67.14848595403136,0,0,1,0,0,0,0
2741,41820,82.5,53.5,68.5,4.25,17.0,5.25,1729,552,0.0,10,53.45788043478261,61.5,3.5,0.0,29.365,41.869107,-87.69629300000004,10,49570.37199124727,68.5,0.6141502552881108,3.5,82.5,53.5,10.0,4.249999999999998,17.7235594456601,0.19134755652808064,67.14642596644785,0,1,0,0,0,0,0
2742,41820,82.5,53.5,68.5,4.25,17.0,5.25,1729,552,0.0,10,53.45788043478261,61.5,3.5,0.0,29.365,41.869107,-87.69629300000004,10,49567.54648195407,68.5,0.6139263580021874,3.5,82.5,53.5,10.0,4.249999999999998,17.723295661684283,0.19127779803135148,67.14436748086037,0,0,1,0,0,0,0
2743,41820,82.5,53.5,68.5,4.25,17.0,5.25,1729,552,0.0,10,53.45788043478261,61.5,3.5,0.0,29.365,41.723195,-87.64997,10,49564.72303206997,68.5,0.6137026239067055,3.5,82.5,53.5,10.0,4.249999999999998,17.723032069970845,0.19120809037900768,67.14231049562682,0,1,0,0,0,0,0
2744,41820,82.5,53.5,68.5,4.25,17.0,5.25,1729,552,0.0,10,53.45788043478261,61.5,3.5,0.0,29.365,41.868077,-87.666901,10,49561.901639344265,68.5,0.6134790528233152,3.5,82.5,53.5,10.0,4.249999999999998,17.722768670309655,0.19113843351548165,67.14025500910746,0,1,0,0,0,0,0
2745,41820,82.5,53.5,68.5,4.25,17.0,5.25,1729,552,0.0,10,53.45788043478261,61.5,3.5,0.0,29.365,41.868077,-87.666901,10,49559.082301529495,68.5,0.6132556445739257,3.5,82.5,53.5,10.0,4.249999999999998,17.722505462490894,0.19106882738528666,67.13820101966496,0,0,1,0,0,0,0
2746,41820,82.5,53.5,68.5,4.25,17.0,5.25,1729,552,0.0,10,53.45788043478261,61.5,3.5,0.0,29.365,41.862292,-87.64886,10,49556.26501638151,68.5,0.6130323989807063,3.5,82.5,53.5,10.0,4.249999999999998,17.722242446305057,0.1909992719330168,67.13614852566437,0,1,0,0,0,0,0
2747,41820,82.5,53.5,68.5,4.25,17.0,5.25,1729,552,0.0,10,53.45788043478261,61.5,3.5,0.0,29.365,41.862292,-87.64886,10,49553.44978165939,68.5,0.6128093158660844,3.5,82.5,53.5,10.0,4.249999999999998,17.721979621542943,0.19092976710334686,67.13409752547307,0,0,1,0,0,0,0
2748,41820,82.5,53.5,68.5,4.25,17.0,5.25,1729,552,0.0,10,53.45788043478261,61.5,3.5,0.0,29.365,41.869216,-87.627561,10,49550.6365951255,68.5,0.6125863950527465,3.5,82.5,53.5,10.0,4.249999999999998,17.721716987995638,0.19086031284103205,67.13204801746089,0,1,0,0,0,0,0
2749,41820,82.5,53.5,68.5,4.25,17.0,5.25,1729,552,0.0,10,53.45788043478261,61.5,3.5,0.0,29.365,41.869216,-87.627561,10,49547.82545454546,68.5,0.6123636363636363,3.5,82.5,53.5,10.0,4.249999999999998,17.72145454545455,0.19079090909090804,67.13,0,0,1,0,0,0,0
2750,41820,82.5,53.5,68.5,4.25,17.0,5.25,1729,552,0.0,10,53.45788043478261,61.5,3.5,0.0,29.365,41.720848,-87.666014,10,49545.01635768812,68.5,0.6121410396219557,3.5,82.5,53.5,10.0,4.249999999999998,17.72119229371138,0.19072155579789066,67.12795347146492,0,0,1,0,0,0,0
2751,41820,82.5,53.5,68.5,4.25,17.0,5.25,1729,552,0.0,10,53.45788043478261,61.5,3.5,0.0,29.365,41.704336,-87.70373599999998,10,49542.20930232559,68.5,0.6119186046511628,3.5,82.5,53.5,10.0,4.249999999999998,17.72093023255814,0.19065225290697568,67.12590843023256,0,1,0,0,0,0,0
2752,41820,82.5,53.5,68.5,4.25,17.0,5.25,1729,552,0.0,10,53.45788043478261,61.5,3.5,0.0,29.365,41.731922,-87.677512,10,49539.404286233206,68.5,0.6116963312749728,3.5,82.5,53.5,10.0,4.249999999999998,17.72066836178714,0.19058300036323905,67.12386487468217,0,1,0,0,0,0,0
2753,41820,82.5,53.5,68.5,4.25,17.0,5.25,1729,552,0.0,10,53.45788043478261,61.5,3.5,0.0,29.365,41.731922,-87.677512,10,49536.60130718954,68.5,0.6114742193173566,3.5,82.5,53.5,10.0,4.249999999999998,17.720406681190997,0.19051379811183627,67.12182280319536,0,0,1,0,0,0,0
2754,41820,82.5,53.5,68.5,4.25,17.0,5.25,1729,552,0.0,10,53.45788043478261,61.5,3.5,0.0,29.365,41.644612,-87.60449799999998,10,49533.800362976406,68.5,0.6112522686025408,3.5,82.5,53.5,10.0,4.249999999999998,17.72014519056261,0.19044464609800255,67.11978221415607,0,1,0,0,0,0,0
2755,41820,82.5,53.5,68.5,4.25,17.0,5.25,1729,552,0.0,10,53.45788043478261,61.5,3.5,0.0,29.365,41.644612,-87.60449799999998,10,49531.00145137881,68.5,0.6110304789550073,3.5,82.5,53.5,10.0,4.249999999999998,17.71988388969521,0.19037554426705267,67.11774310595065,0,0,0,1,0,0,0
2756,41820,82.5,53.5,68.5,4.25,17.0,5.25,1729,552,0.0,10,53.45788043478261,61.5,3.5,0.0,29.365,41.717753,-87.531657,10,49528.20457018498,68.5,0.6108088501994922,3.5,82.5,53.5,10.0,4.249999999999998,17.719622778382302,0.19030649256438054,67.11570547696772,0,1,0,0,0,0,0
2757,41820,82.5,53.5,68.5,4.25,17.0,5.25,1729,552,0.0,10,53.45788043478261,61.5,3.5,0.0,29.365,41.717753,-87.531657,10,49525.40971718637,68.5,0.6105873821609862,3.5,82.5,53.5,10.0,4.249999999999998,17.719361856417695,0.19023749093545944,67.11366932559828,0,0,1,0,0,0,0
2758,41820,82.5,53.5,68.5,4.25,17.0,5.25,1729,552,0.0,10,53.45788043478261,61.5,3.5,0.0,29.365,41.750498,-87.605294,10,49522.616890177596,68.5,0.6103660746647336,3.5,82.5,53.5,10.0,4.249999999999998,17.719101123595507,0.19016853932584168,67.1116346502356,0,1,0,0,0,0,0
2759,41820,82.5,53.5,68.5,4.25,17.0,5.25,1729,552,0.0,10,53.45788043478261,61.5,3.5,0.0,29.365,41.750498,-87.605294,10,49519.82608695652,68.5,0.6101449275362318,3.5,82.5,53.5,10.0,4.249999999999998,17.718840579710147,0.1900996376811584,67.10960144927536,0,0,1,0,0,0,0
2760,41820,82.5,53.5,68.5,4.25,17.0,5.25,1729,552,0.0,10,53.45788043478261,61.5,3.5,0.0,29.365,41.702724,-87.536497,10,49517.037305324164,68.5,0.6099239406012315,3.5,82.5,53.5,10.0,4.249999999999998,17.71858022455632,0.1900307859471196,67.10756972111554,0,1,0,0,0,0,0
2761,41820,82.5,53.5,68.5,4.25,17.0,5.25,1729,552,0.0,10,53.45788043478261,61.5,3.5,0.0,29.365,41.702724,-87.536497,10,49514.250543084716,68.5,0.6097031136857349,3.5,82.5,53.5,10.0,4.249999999999998,17.718320057929038,0.1899619840695138,67.10553946415641,0,0,1,0,0,0,0
2762,41820,82.5,53.5,68.5,4.25,17.0,5.25,1729,552,0.0,10,53.45788043478261,61.5,3.5,0.0,29.365,41.798697,-87.736812,10,49511.465798045596,68.5,0.6094824466159972,3.5,82.5,53.5,10.0,4.249999999999998,17.718060079623598,0.18989323199420816,67.10351067680058,0,1,0,0,0,0,0
2763,41820,82.5,53.5,68.5,4.25,17.0,5.25,1729,552,0.0,10,53.45788043478261,61.5,3.5,0.0,29.365,41.798697,-87.736812,10,49508.683068017366,68.5,0.6092619392185239,3.5,82.5,53.5,10.0,4.249999999999998,17.7178002894356,0.189824529667148,67.10148335745296,0,0,1,0,0,0,0
2764,41820,82.5,53.5,68.5,4.25,17.0,5.25,1729,552,0.0,10,53.45788043478261,61.5,3.5,0.0,29.365,41.798697,-87.736812,10,49505.90235081374,68.5,0.6090415913200723,3.5,82.5,53.5,10.0,4.249999999999998,17.71754068716094,0.189755877034357,67.0994575045208,0,0,0,0,0,0,1
2765,41820,82.5,53.5,68.5,4.25,17.0,5.25,1729,552,0.0,10,53.45788043478261,61.5,3.5,0.0,29.365,41.891126,-87.61156,10,49503.12364425161,68.5,0.6088214027476501,3.5,82.5,53.5,10.0,4.249999999999998,17.717281272595805,0.1896872740419368,67.0974331164136,0,1,0,0,0,0,0
2766,41820,82.5,53.5,68.5,4.25,17.0,5.25,1729,552,0.0,10,53.45788043478261,61.5,3.5,0.0,29.365,41.891126,-87.61156,10,49500.34694615106,68.5,0.6086013733285146,3.5,82.5,53.5,10.0,4.249999999999998,17.717022045536684,0.1896187206360669,67.09541019154318,0,0,1,0,0,0,0
2767,41820,82.5,53.5,68.5,4.25,17.0,5.25,1729,552,0.0,10,53.45788043478261,61.5,3.5,0.0,29.365,41.891126,-87.61156,10,49497.57225433526,68.5,0.6083815028901735,3.5,82.5,53.5,10.0,4.249999999999998,17.716763005780347,0.18955021676300474,67.0933887283237,0,0,0,1,0,0,0
2768,41820,82.5,53.5,68.5,4.25,17.0,5.25,1729,552,0.0,10,53.45788043478261,61.5,3.5,0.0,29.365,41.891126,-87.61156,10,49494.79956663054,68.5,0.6081617912603828,3.5,82.5,53.5,10.0,4.249999999999998,17.71650415312387,0.1894817623690853,67.09136872517155,0,0,0,0,0,0,1
2769,41820,82.5,53.5,68.5,4.25,17.0,5.25,1729,552,0.0,10,53.45788043478261,61.5,3.5,0.0,29.365,41.662014,-87.72460799999998,10,49492.028880866426,68.5,0.6079422382671479,3.5,82.5,53.5,10.0,4.249999999999998,17.71624548736462,0.18941335740072102,67.08935018050542,0,1,0,0,0,0,0
2770,41820,82.5,53.5,68.5,4.25,17.0,5.25,1729,552,0.0,10,53.45788043478261,61.5,3.5,0.0,29.365,41.662014,-87.72460799999998,10,49489.2601948755,68.5,0.6077228437387224,3.5,82.5,53.5,10.0,4.249999999999998,17.715987008300253,0.1893450018044017,67.08733309274629,0,0,1,0,0,0,0
2771,41820,82.5,53.5,68.5,4.25,17.0,5.25,1729,552,0.0,10,53.45788043478261,61.5,3.5,0.0,29.365,41.961743,-87.76007,10,49486.49350649351,68.5,0.6075036075036075,3.5,82.5,53.5,10.0,4.249999999999998,17.715728715728716,0.1892766955266945,67.08531746031746,0,1,0,0,0,0,0
2772,41820,82.5,53.5,68.5,4.25,17.0,5.25,1729,552,0.0,10,53.45788043478261,61.5,3.5,0.0,29.365,41.961743,-87.76007,10,49483.72881355932,68.5,0.6072845293905518,3.5,82.5,53.5,10.0,4.249999999999998,17.71547060944825,0.18920843851424346,67.08330328164443,0,0,1,0,0,0,0
2773,41820,82.5,53.5,68.5,4.25,17.0,5.25,1729,552,0.0,10,53.45788043478261,61.5,3.5,0.0,29.365,41.999129,-87.795585,10,49480.96611391493,68.5,0.6070656092285508,3.5,82.5,53.5,10.0,4.249999999999998,17.715212689257392,0.18914023071376967,67.08129055515501,0,1,0,0,0,0,0
2774,41820,82.5,53.5,68.5,4.25,17.0,5.25,1729,552,0.0,10,53.45788043478261,61.5,3.5,0.0,29.365,41.999129,-87.795585,10,49478.2054054054,68.5,0.6068468468468469,3.5,82.5,53.5,10.0,4.249999999999998,17.714954954954955,0.18907207207207105,67.07927927927928,0,0,1,0,0,0,0
2775,41820,82.5,53.5,68.5,4.25,17.0,5.25,1729,552,0.0,10,53.45788043478261,61.5,3.5,0.0,29.365,41.94016,-87.794896,10,49475.44668587897,68.5,0.6066282420749279,3.5,82.5,53.5,10.0,4.249999999999998,17.714697406340058,0.189003962536022,67.07726945244957,0,1,0,0,0,0,0
2776,41820,82.5,53.5,68.5,4.25,17.0,5.25,1729,552,0.0,10,53.45788043478261,61.5,3.5,0.0,29.365,41.94016,-87.794896,10,49472.689953186884,68.5,0.6064097947425279,3.5,82.5,53.5,10.0,4.249999999999998,17.7144400432121,0.18893590205257368,67.07526107310046,0,0,1,0,0,0,0
2777,41820,82.5,53.5,68.5,4.25,17.0,5.25,1729,552,0.0,10,53.45788043478261,61.5,3.5,0.0,29.365,41.878114,-87.629798,10,49469.93520518358,68.5,0.6061915046796257,3.5,82.5,53.5,10.0,4.249999999999998,17.71418286537077,0.18886789056875347,67.07325413966883,0,1,0,0,0,0,0
2778,41820,82.5,53.5,68.5,4.25,17.0,5.25,1729,552,0.0,10,53.45788043478261,61.5,3.5,0.0,29.365,41.958271,-87.702575,10,49467.18243972652,68.5,0.6059733717164447,3.5,82.5,53.5,10.0,4.249999999999998,17.713925872616052,0.18879992803166504,67.07124865059374,0,1,0,0,0,0,0
2779,41820,82.5,53.5,68.5,4.25,17.0,5.25,1729,552,0.0,10,53.45788043478261,61.5,3.5,0.0,29.365,41.958271,-87.702575,10,49464.43165467626,68.5,0.6057553956834533,3.5,82.5,53.5,10.0,4.249999999999998,17.713669064748203,0.18873201438848816,67.06924460431655,0,0,1,0,0,0,0
2780,41820,82.5,53.5,68.5,4.25,17.0,5.25,1729,552,0.0,10,53.45788043478261,61.5,3.5,0.0,29.365,41.932094,-87.700117,10,49461.68284789644,68.5,0.6055375764113629,3.5,82.5,53.5,10.0,4.249999999999998,17.71341244156778,0.18866414958647865,67.06724199928084,0,1,0,0,0,0,0
2781,41820,82.5,53.5,68.5,4.25,17.0,5.25,1729,552,0.0,10,53.45788043478261,61.5,3.5,0.0,29.365,41.932094,-87.700117,10,49458.93601725377,68.5,0.6053199137311287,3.5,82.5,53.5,10.0,4.249999999999998,17.71315600287563,0.18859633357296804,67.06524083393242,0,0,1,0,0,0,0
2782,41820,82.5,53.5,68.5,4.25,17.0,5.25,1729,552,0.0,10,53.45788043478261,61.5,3.5,0.0,29.365,41.994469,-87.667736,10,49456.19116061804,68.5,0.6051024074739489,3.5,82.5,53.5,10.0,4.249999999999998,17.71289974847287,0.1885285662953637,67.06324110671937,0,0,1,0,0,0,0
2783,41820,82.5,53.5,68.5,4.25,17.0,5.25,1729,552,0.0,10,53.45788043478261,61.5,3.5,0.0,29.365,42.006858,-87.675919,10,49453.44827586207,68.5,0.6048850574712644,3.5,82.5,53.5,10.0,4.249999999999998,17.712643678160923,0.1884608477011484,67.06124281609196,0,0,1,0,0,0,0
2784,41820,82.5,53.5,68.5,4.25,17.0,5.25,1729,552,0.0,10,53.45788043478261,61.5,3.5,0.0,29.365,41.916265,-87.800515,10,49450.70736086176,68.5,0.6046678635547577,3.5,82.5,53.5,10.0,4.249999999999998,17.712387791741477,0.18839317773788047,67.05924596050271,0,1,0,0,0,0,0
2785,41820,82.5,53.5,68.5,4.25,17.0,5.25,1729,552,0.0,10,53.45788043478261,61.5,3.5,0.0,29.365,41.916265,-87.800515,10,49447.968413496055,68.5,0.6044508255563532,3.5,82.5,53.5,10.0,4.249999999999998,17.71213208901651,0.1883255563531935,67.05725053840632,0,0,1,0,0,0,0
2786,41820,82.5,53.5,68.5,4.25,17.0,5.25,1729,552,0.0,10,53.45788043478261,61.5,3.5,0.0,29.365,41.846075,-87.716277,10,49445.231431646935,68.5,0.6042339433082167,3.5,82.5,53.5,10.0,4.249999999999998,17.711876569788302,0.18825798349479625,67.05525654825978,0,0,1,0,0,0,0
2787,41820,82.5,53.5,68.5,4.25,17.0,5.25,1729,552,0.0,10,53.45788043478261,61.5,3.5,0.0,29.365,41.907645,-87.760886,10,49442.496413199435,68.5,0.6040172166427547,3.5,82.5,53.5,10.0,4.249999999999998,17.711621233859393,0.1881904591104724,67.05326398852222,0,0,1,0,0,0,0
2788,41820,82.5,53.5,68.5,4.25,17.0,5.25,1729,552,0.0,10,53.45788043478261,61.5,3.5,0.0,29.365,41.907645,-87.760886,10,49439.76335604159,68.5,0.6038006453926138,3.5,82.5,53.5,10.0,4.249999999999998,17.71136608103263,0.1881229831480807,67.05127285765508,0,0,0,1,0,0,0
2789,41820,82.5,53.5,68.5,4.25,17.0,5.25,1729,552,0.0,10,53.45788043478261,61.5,3.5,0.0,29.365,41.918705,-87.752329,10,49437.03225806452,68.5,0.603584229390681,3.5,82.5,53.5,10.0,4.249999999999998,17.711111111111116,0.18805555555555453,67.04928315412187,0,1,0,0,0,0,0
2790,41820,82.5,53.5,68.5,4.25,17.0,5.25,1729,552,0.0,10,53.45788043478261,61.5,3.5,0.0,29.365,41.918705,-87.752329,10,49434.303117162315,68.5,0.6033679684700824,3.5,82.5,53.5,10.0,4.249999999999998,17.710856323898245,0.18798817628090184,67.04729487638839,0,0,1,0,0,0,0
2791,41820,82.5,53.5,68.5,4.25,17.0,5.25,1729,552,0.0,10,53.45788043478261,61.5,3.5,0.0,29.365,41.776156,-87.778927,10,49431.5759312321,68.5,0.6031518624641834,3.5,82.5,53.5,10.0,4.249999999999998,17.710601719197708,0.18792084527220526,67.04530802292264,0,1,0,0,0,0,0
2792,41820,82.5,53.5,68.5,4.25,17.0,5.25,1729,552,0.0,10,53.45788043478261,61.5,3.5,0.0,29.365,41.776156,-87.778927,10,49428.850698174014,68.5,0.6029359112065878,3.5,82.5,53.5,10.0,4.249999999999998,17.710347296813463,0.1878535624776216,67.04332259219477,0,0,1,0,0,0,0
2793,41820,82.5,53.5,68.5,4.25,17.0,5.25,1729,552,0.0,10,53.45788043478261,61.5,3.5,0.0,29.365,41.772846,-87.740029,10,49426.1274158912,68.5,0.6027201145311382,3.5,82.5,53.5,10.0,4.249999999999998,17.71009305654975,0.18778632784538196,67.04133858267717,0,1,0,0,0,0,0
2794,41820,82.5,53.5,68.5,4.25,17.0,5.25,1729,552,0.0,10,53.45788043478261,61.5,3.5,0.0,29.365,41.772846,-87.740029,10,49423.4060822898,68.5,0.6025044722719142,3.5,82.5,53.5,10.0,4.249999999999998,17.70983899821109,0.18771914132379144,67.03935599284436,0,0,1,0,0,0,0
2795,41820,82.5,53.5,68.5,4.25,17.0,5.25,1729,552,0.0,10,53.45788043478261,61.5,3.5,0.0,29.365,41.825902,-87.667827,10,49420.686695278964,68.5,0.6022889842632332,3.5,82.5,53.5,10.0,4.249999999999998,17.709585121602288,0.1876520028612293,67.0373748211731,0,1,0,0,0,0,0
2796,41820,82.5,53.5,68.5,4.25,17.0,5.25,1729,552,0.0,10,53.45788043478261,61.5,3.5,0.0,29.365,41.682587,-87.707973,10,49417.96925277082,68.5,0.6020736503396497,3.5,82.5,53.5,10.0,4.249999999999998,17.709331426528422,0.1875849124061484,67.0353950661423,0,1,0,0,0,0,0
2797,41820,82.5,53.5,68.5,4.25,17.0,5.25,1729,552,0.0,10,53.45788043478261,61.5,3.5,0.0,29.365,41.682587,-87.707973,10,49415.25375268049,68.5,0.6018584703359543,3.5,82.5,53.5,10.0,4.249999999999998,17.709077912794854,0.18751786990707545,67.03341672623303,0,0,1,0,0,0,0
2798,41820,82.5,53.5,68.5,4.25,17.0,5.25,1729,552,0.0,10,53.45788043478261,61.5,3.5,0.0,29.365,41.903002,-87.68826700000002,10,49412.540192926055,68.5,0.601643444087174,3.5,82.5,53.5,10.0,4.249999999999998,17.708824580207214,0.18745087531261065,67.03143979992855,0,1,0,0,0,0,0
2799,41820,82.5,53.5,68.5,4.25,17.0,5.25,1729,552,0.0,10,53.45788043478261,61.5,3.5,0.0,29.365,41.903002,-87.68826700000002,10,49409.828571428574,68.5,0.6014285714285714,3.5,82.5,53.5,10.0,4.249999999999998,17.708571428571428,0.18738392857142755,67.02946428571428,0,0,1,0,0,0,0
2800,41820,82.5,53.5,68.5,4.25,17.0,5.25,1729,552,0.0,10,53.45788043478261,61.5,3.5,0.0,29.365,41.719059,-87.675088,10,49407.1188861121,68.5,0.6012138521956444,3.5,82.5,53.5,10.0,4.249999999999998,17.708318457693686,0.18731702963227315,67.02749018207783,0,1,0,0,0,0,0
2801,41820,82.5,53.5,68.5,4.25,17.0,5.25,1729,552,0.0,10,53.45788043478261,61.5,3.5,0.0,29.365,41.719059,-87.675088,10,49404.41113490363,68.5,0.6009992862241256,3.5,82.5,53.5,10.0,4.249999999999998,17.708065667380442,0.1872501784439676,67.02551748750892,0,0,1,0,0,0,0
2802,41820,82.5,53.5,68.5,4.25,17.0,5.25,1729,552,0.0,10,53.45788043478261,61.5,3.5,0.0,29.365,41.725517,-87.61425799999998,10,49401.705315733154,68.5,0.6007848733499822,3.5,82.5,53.5,10.0,4.249999999999998,17.707813057438454,0.18718337495540388,67.02354620049947,0,1,0,0,0,0,0
2803,41820,82.5,53.5,68.5,4.25,17.0,5.25,1729,552,0.0,10,53.45788043478261,61.5,3.5,0.0,29.365,41.725517,-87.61425799999998,10,49399.001426533534,68.5,0.6005706134094151,3.5,82.5,53.5,10.0,4.249999999999998,17.70756062767475,0.1871166191155482,67.0215763195435,0,0,1,0,0,0,0
2804,41820,82.5,53.5,68.5,4.25,17.0,5.25,1729,552,0.0,10,53.45788043478261,61.5,3.5,0.0,29.365,41.948167,-87.730698,10,49396.299465240634,68.5,0.6003565062388592,3.5,82.5,53.5,10.0,4.249999999999998,17.707308377896613,0.18704991087343925,67.01960784313725,0,1,0,0,0,0,0
2805,41820,82.5,53.5,68.5,4.25,17.0,5.25,1729,552,0.0,10,53.45788043478261,61.5,3.5,0.0,29.365,41.966987,-87.674677,10,49393.5994297933,68.5,0.6001425516749822,3.5,82.5,53.5,10.0,4.249999999999998,17.707056307911618,0.18698325017818854,67.01764076977905,0,1,0,0,0,0,0
2806,41820,82.5,53.5,68.5,4.25,17.0,5.25,1729,552,0.0,10,53.45788043478261,61.5,3.5,0.0,29.365,41.966987,-87.674677,10,49390.90131813324,68.5,0.5999287495546847,3.5,82.5,53.5,10.0,4.249999999999998,17.706804417527607,0.1869166369789801,67.01567509796936,0,0,1,0,0,0,0
2807,41820,82.5,53.5,68.5,4.25,17.0,5.25,1729,552,0.0,10,53.45788043478261,61.5,3.5,0.0,29.365,41.966987,-87.674677,10,49388.205128205125,68.5,0.5997150997150997,3.5,82.5,53.5,10.0,4.249999999999998,17.706552706552703,0.1868500712250702,67.01371082621083,0,0,0,1,0,0,0
2808,41820,82.5,53.5,68.5,4.25,17.0,5.25,1729,552,0.0,10,53.45788043478261,61.5,3.5,0.0,29.365,41.963976,-87.69181,10,49385.51085795657,68.5,0.599501601993592,3.5,82.5,53.5,10.0,4.249999999999998,17.7063011747953,0.18678355286578752,67.01174795300818,0,0,1,0,0,0,0
2809,40980,76.5,49.5,63.5,11.8,28.0,13.05,1720,557,1.5,8,53.45788043478261,53.0,0.0,0.0,29.24,41.98480900000001,-87.728492,10,49382.51957295374,68.5,0.5998220640569395,3.5,82.5,53.5,10.0,4.249999999999998,17.709964412811388,0.1867170818505328,67.0067615658363,0,0,1,0,0,0,0
2810,40980,76.5,49.5,63.5,11.8,28.0,13.05,1720,557,1.5,8,53.45788043478261,53.0,0.0,0.0,29.24,41.729669,-87.582699,10,49379.53041622198,68.5,0.60014229811455,3.5,82.5,53.5,10.0,4.249999999999998,17.71362504446816,0.1866506581287788,67.00177872643188,0,1,0,0,0,0,0
2811,40980,76.5,49.5,63.5,11.8,28.0,13.05,1720,557,1.5,8,53.45788043478261,53.0,0.0,0.0,29.24,41.729669,-87.582699,10,49376.54338549075,68.5,0.6004623044096729,3.5,82.5,53.5,10.0,4.249999999999998,17.71728307254623,0.1865842816500701,66.99679943100996,0,0,1,0,0,0,0
2812,40980,76.5,49.5,63.5,11.8,28.0,13.05,1720,557,1.5,8,53.45788043478261,53.0,0.0,0.0,29.24,41.673408,-87.599862,10,49373.55847849271,68.5,0.6007820831852115,3.5,82.5,53.5,10.0,4.249999999999998,17.720938499822253,0.1865179523640232,66.99182367579097,0,1,0,0,0,0,0
2813,40980,76.5,49.5,63.5,11.8,28.0,13.05,1720,557,1.5,8,53.45788043478261,53.0,0.0,0.0,29.24,41.673408,-87.599862,10,49370.57569296375,68.5,0.6011016346837242,3.5,82.5,53.5,10.0,4.249999999999998,17.724591329068943,0.1864516702203259,66.98685145700071,0,0,1,0,0,0,0
2814,40980,76.5,49.5,63.5,11.8,28.0,13.05,1720,557,1.5,8,53.45788043478261,53.0,0.0,0.0,29.24,41.704572,-87.56566600000002,10,49367.595026642986,68.5,0.6014209591474245,3.5,82.5,53.5,10.0,4.249999999999998,17.728241563055057,0.18638543516873787,66.98188277087034,0,1,0,0,0,0,0
2815,40980,76.5,49.5,63.5,11.8,28.0,13.05,1720,557,1.5,8,53.45788043478261,53.0,0.0,0.0,29.24,41.704572,-87.56566600000002,10,49364.616477272735,68.5,0.6017400568181818,3.5,82.5,53.5,10.0,4.249999999999998,17.731889204545453,0.18631924715908987,66.97691761363636,0,0,1,0,0,0,0
2816,40980,76.5,49.5,63.5,11.8,28.0,13.05,1720,557,1.5,8,53.45788043478261,53.0,0.0,0.0,29.24,41.72646500000001,-87.585413,10,49361.64004259851,63.5,0.6020589279375221,0.0,76.5,53.5,8.0,4.249999999999998,17.73553425630103,0.18625310614128404,66.97195598154065,0,1,0,0,0,0,0
2817,40980,76.5,49.5,63.5,11.8,28.0,13.05,1720,557,1.5,8,53.45788043478261,53.0,0.0,0.0,29.24,41.72646500000001,-87.585413,10,49358.665720369056,63.5,0.6023775727466288,0.0,76.5,53.5,8.0,4.249999999999998,17.739176721078778,0.1861870120652935,66.96699787083038,0,0,1,0,0,0,0
2818,40980,76.5,49.5,63.5,11.8,28.0,13.05,1720,557,1.5,8,53.45788043478261,53.0,0.0,0.0,29.24,41.678618,-87.559308,10,49355.69350833629,63.5,0.6026959914863427,0.0,76.5,53.5,8.0,4.249999999999998,17.742816601631784,0.1861209648811625,66.96204327775807,0,1,0,0,0,0,0
2819,40980,76.5,49.5,63.5,11.8,28.0,13.05,1720,557,1.5,8,53.45788043478261,53.0,0.0,0.0,29.24,41.678618,-87.559308,10,49352.723404255325,63.5,0.6030141843971631,0.0,76.5,49.5,8.0,4.249999999999998,17.74645390070922,0.18605496453900608,66.95709219858156,0,0,1,0,0,0,0
2820,40980,76.5,49.5,63.5,11.8,28.0,13.05,1720,557,1.5,8,53.45788043478261,53.0,0.0,0.0,29.24,41.737052,-87.54306700000002,10,49349.75540588443,63.5,0.6033321517192485,0.0,76.5,49.5,8.0,4.249999999999998,17.750088621056364,0.18598901098901,66.95214462956399,0,1,0,0,0,0,0
2821,40980,76.5,49.5,63.5,11.8,28.0,13.05,1720,557,1.5,8,53.45788043478261,53.0,0.0,0.0,29.24,41.740641,-87.546587,10,49346.789510985116,63.5,0.6036498936924167,0.0,76.5,49.5,8.0,4.249999999999998,17.7537207654146,0.1859231041814306,66.94720056697378,0,1,0,0,0,0,0
2822,40980,76.5,49.5,63.5,11.8,28.0,13.05,1720,557,1.5,8,53.45788043478261,53.0,0.0,0.0,29.24,41.740641,-87.546587,10,49343.825717322004,63.5,0.6039674105561459,0.0,76.5,49.5,8.0,4.249999999999998,17.75735033652143,0.1858572440665948,66.94226000708466,0,0,1,0,0,0,0
2823,40980,76.5,49.5,63.5,11.8,28.0,13.05,1720,557,1.5,8,53.45788043478261,53.0,0.0,0.0,29.24,41.740641,-87.546587,10,49340.86402266289,63.5,0.6042847025495751,0.0,76.5,49.5,8.0,4.249999999999998,17.760977337110482,0.18579143059489986,66.93732294617564,0,0,0,0,0,0,1
2824,40980,76.5,49.5,63.5,11.8,28.0,13.05,1720,557,1.5,8,53.45788043478261,53.0,0.0,0.0,29.24,41.680946,-87.535198,10,49337.90442477876,63.5,0.6046017699115044,0.0,76.5,49.5,8.0,4.249999999999998,17.764601769911504,0.18572566371681315,66.93238938053098,0,1,0,0,0,0,0
2825,40980,76.5,49.5,63.5,11.8,28.0,13.05,1720,557,1.5,8,53.45788043478261,53.0,0.0,0.0,29.24,41.680946,-87.535198,10,49334.946921443734,63.5,0.6049186128803963,0.0,76.5,49.5,8.0,4.249999999999998,17.76822363765039,0.1856599433828723,66.9274593064402,0,0,1,0,0,0,0
2826,40980,76.5,49.5,63.5,11.8,28.0,13.05,1720,557,1.5,8,53.45788043478261,53.0,0.0,0.0,29.24,41.686398,-87.531635,10,49331.99151043509,63.5,0.6052352316943757,0.0,76.5,49.5,8.0,4.249999999999998,17.771842943049172,0.18559426954368485,66.92253272019809,0,0,1,0,0,0,0
2827,40980,76.5,49.5,63.5,11.8,28.0,13.05,1720,557,1.5,8,53.45788043478261,53.0,0.0,0.0,29.24,41.659112,-87.53869300000002,10,49329.03818953324,63.5,0.6055516265912305,0.0,76.5,49.5,8.0,4.249999999999998,17.775459688826025,0.18552864214992826,66.91760961810466,0,1,0,0,0,0,0
2828,40980,76.5,49.5,63.5,11.8,28.0,13.05,1720,557,1.5,8,53.45788043478261,53.0,0.0,0.0,29.24,41.659112,-87.53869300000002,10,49326.086956521736,63.5,0.6058677978084128,0.0,76.5,49.5,8.0,4.249999999999998,17.7790738776953,0.18546306115234965,66.91268999646518,0,0,1,0,0,0,0
2829,53700,63.0,54.5,59.0,6.8,29.5,8.2,1916,421,6.0,-5,53.45788043478261,54.0,0.0,0.0,29.085,41.95469,-87.800991,5,49327.632508833914,63.5,0.607773851590106,0.0,76.5,49.5,8.0,4.249999999999998,17.78321554770318,0.18539752650176575,66.90812720848056,0,0,1,0,0,0,0
2830,53700,63.0,54.5,59.0,6.8,29.5,8.2,1916,421,6.0,-5,53.45788043478261,54.0,0.0,0.0,29.085,41.964242,-87.757639,5,49329.17696926881,63.5,0.6096785588131403,0.0,76.5,49.5,8.0,4.249999999999998,17.78735429176969,0.1853320381490629,66.90356764394207,0,0,1,0,0,0,0
2831,53700,63.0,54.5,59.0,6.8,29.5,8.2,1916,421,6.0,-5,53.45788043478261,54.0,0.0,0.0,29.085,42.008314,-87.77792099999998,5,49330.720338983054,63.5,0.6115819209039548,0.0,76.5,49.5,8.0,4.249999999999998,17.791490112994353,0.1852665960451967,66.89901129943503,0,0,1,0,0,0,0
2832,53700,63.0,54.5,59.0,6.8,29.5,8.2,1916,421,6.0,-5,53.45788043478261,54.0,0.0,0.0,29.085,41.98196400000001,-87.812827,5,49332.26261913166,63.5,0.613483939286975,0.0,76.5,49.5,8.0,4.249999999999998,17.795623014472287,0.18520120014119207,66.8944581715496,0,0,0,1,0,0,0
2833,53700,63.0,54.5,59.0,6.8,29.5,8.2,1916,421,6.0,-5,53.45788043478261,54.0,0.0,0.0,29.085,41.99247800000001,-87.862995,5,49333.80381086803,63.5,0.6153846153846154,0.0,76.5,49.5,8.0,4.249999999999998,17.799752999294284,0.18513585038814293,66.88990825688072,0,0,0,1,0,0,0
2834,53700,63.0,54.5,59.0,6.8,29.5,8.2,1916,421,6.0,-5,53.45788043478261,54.0,0.0,0.0,29.085,41.944869,-87.832763,5,49335.34391534392,63.5,0.6172839506172839,0.0,76.5,49.5,8.0,4.249999999999998,17.803880070546736,0.1850705467372124,66.88536155202821,0,0,1,0,0,0,0
2835,53700,63.0,54.5,59.0,6.8,29.5,8.2,1916,421,6.0,-5,53.45788043478261,54.0,0.0,0.0,29.085,41.991429,-87.747113,5,49336.88293370945,63.5,0.6191819464033851,0.0,76.5,49.5,8.0,4.249999999999998,17.808004231311703,0.18500528913963227,66.88081805359661,0,0,1,0,0,0,0
2836,53700,63.0,54.5,59.0,6.8,29.5,8.2,1916,421,6.0,-5,53.45788043478261,54.0,0.0,0.0,29.085,41.991429,-87.747113,5,49338.42086711316,59.0,0.6210786041593233,0.0,63.0,49.5,-5.0,4.249999999999998,17.812125484666897,0.18494007754670325,66.87627775819527,0,0,0,1,0,0,0
2837,53700,63.0,54.5,59.0,6.8,29.5,8.2,1916,421,6.0,-5,53.45788043478261,54.0,0.0,0.0,29.085,41.960616,-87.777189,5,49339.9577167019,59.0,0.6229739252995067,0.0,63.0,49.5,-5.0,11.799999999999995,17.816243833685693,0.1848749119097946,66.87174066243834,0,0,0,1,0,0,0
2838,53700,63.0,54.5,59.0,6.8,29.5,8.2,1916,421,6.0,-5,53.45788043478261,54.0,0.0,0.0,29.085,41.986921,-87.689778,5,49341.493483620994,59.0,0.6248679112363509,0.0,63.0,49.5,-5.0,11.799999999999995,17.820359281437124,0.18480979218034416,66.8672067629447,0,0,1,0,0,0,0
2839,53700,63.0,54.5,59.0,6.8,29.5,8.2,1916,421,6.0,-5,53.45788043478261,54.0,0.0,0.0,29.085,41.89923,-87.716788,5,49343.028169014084,59.0,0.6267605633802817,0.0,63.0,54.5,-5.0,11.799999999999995,17.824471830985914,0.1847447183098581,66.86267605633803,0,0,1,0,0,0,0
2840,53700,63.0,54.5,59.0,6.8,29.5,8.2,1916,421,6.0,-5,53.45788043478261,54.0,0.0,0.0,29.085,41.801498,-87.763416,5,49344.561774023234,59.0,0.6286518831397395,0.0,63.0,54.5,-5.0,11.799999999999995,17.82858148539247,0.18467969024991102,66.85814853924674,0,0,1,0,0,0,0
2841,53700,63.0,54.5,59.0,6.8,29.5,8.2,1916,421,6.0,-5,53.45788043478261,54.0,0.0,0.0,29.085,41.801498,-87.763416,5,49346.09429978888,59.0,0.6305418719211823,0.0,63.0,54.5,-5.0,11.799999999999995,17.832688247712873,0.18461470795214532,66.853624208304,0,0,0,1,0,0,0
2842,53700,63.0,54.5,59.0,6.8,29.5,8.2,1916,421,6.0,-5,53.45788043478261,54.0,0.0,0.0,29.085,41.911824,-87.726737,5,49347.625747449885,59.0,0.632430531129089,0.0,63.0,54.5,-5.0,11.799999999999995,17.836792120998947,0.18454977136827194,66.84910306014773,0,0,0,1,0,0,0
2843,53700,63.0,54.5,59.0,6.8,29.5,8.2,1916,421,6.0,-5,53.45788043478261,54.0,0.0,0.0,29.085,41.857402,-87.694991,5,49349.156118143466,59.0,0.6343178621659634,0.0,63.0,54.5,-5.0,11.799999999999995,17.84089310829817,0.1844848804500693,66.84458509142054,0,0,1,0,0,0,0
2844,53700,63.0,54.5,59.0,6.8,29.5,8.2,1916,421,6.0,-5,53.45788043478261,54.0,0.0,0.0,29.085,41.9216,-87.666455,5,49350.68541300528,59.0,0.6362038664323374,0.0,63.0,54.5,-5.0,11.799999999999995,17.844991212653778,0.18442003514938388,66.84007029876977,0,0,1,0,0,0,0
2845,53700,63.0,54.5,59.0,6.8,29.5,8.2,1916,421,6.0,-5,53.45788043478261,54.0,0.0,0.0,29.085,41.921965,-87.632085,5,49352.21363316936,59.0,0.6380885453267744,0.0,63.0,54.5,-5.0,11.799999999999995,17.849086437104713,0.1843552354181297,66.8355586788475,0,0,1,0,0,0,0
2846,53700,63.0,54.5,59.0,6.8,29.5,8.2,1916,421,6.0,-5,53.45788043478261,54.0,0.0,0.0,29.085,41.921965,-87.632085,5,49353.740779768166,59.0,0.6399719002458728,0.0,63.0,54.5,-5.0,11.799999999999995,17.853178784685635,0.1842904812082884,66.8310502283105,0,0,0,1,0,0,0
2847,53700,63.0,54.5,59.0,6.8,29.5,8.2,1916,421,6.0,-5,53.45788043478261,54.0,0.0,0.0,29.085,41.800737,-87.71188000000002,5,49355.266853932575,59.0,0.6418539325842697,0.0,63.0,54.5,-5.0,11.799999999999995,17.857268258426963,0.1842257724719091,66.82654494382022,0,0,1,0,0,0,0
2848,53700,63.0,54.5,59.0,6.8,29.5,8.2,1916,421,6.0,-5,53.45788043478261,54.0,0.0,0.0,29.085,41.82561,-87.726549,5,49356.791856791846,59.0,0.6437346437346437,0.0,63.0,54.5,-5.0,11.799999999999995,17.861354861354858,0.18416110916110812,66.82204282204282,0,0,1,0,0,0,0
2849,53700,63.0,54.5,59.0,6.8,29.5,8.2,1916,421,6.0,-5,53.45788043478261,54.0,0.0,0.0,29.085,41.773215,-87.60088,5,49358.315789473694,59.0,0.6456140350877193,0.0,63.0,54.5,-5.0,11.799999999999995,17.865438596491227,0.1840964912280692,66.81754385964912,0,0,1,0,0,0,0
2850,53700,63.0,54.5,59.0,6.8,29.5,8.2,1916,421,6.0,-5,53.45788043478261,54.0,0.0,0.0,29.085,41.773215,-87.60088,5,49359.83865310418,59.0,0.6474921080322694,0.0,63.0,54.5,-5.0,11.799999999999995,17.869519466853735,0.18403191862504284,66.81304805331463,0,0,0,1,0,0,0
2851,53700,63.0,54.5,59.0,6.8,29.5,8.2,1916,421,6.0,-5,53.45788043478261,54.0,0.0,0.0,29.085,41.822536,-87.66634300000004,5,49361.36044880785,59.0,0.6493688639551192,0.0,63.0,54.5,-5.0,11.799999999999995,17.87359747545582,0.1839673913043468,66.8085553997195,0,0,1,0,0,0,0
2852,53700,63.0,54.5,59.0,6.8,29.5,8.2,1916,421,6.0,-5,53.45788043478261,54.0,0.0,0.0,29.085,41.766202,-87.562889,5,49362.881177707684,59.0,0.6512443042411497,0.0,63.0,54.5,-5.0,11.799999999999995,17.877672625306694,0.1839029092183656,66.80406589554855,0,0,1,0,0,0,0
2853,53700,63.0,54.5,59.0,6.8,29.5,8.2,1916,421,6.0,-5,53.45788043478261,54.0,0.0,0.0,29.085,41.803423,-87.642984,5,49364.40084092502,59.0,0.6531184302733006,0.0,63.0,54.5,-5.0,11.799999999999995,17.881744919411357,0.1838384723195505,66.79957953749124,0,0,0,1,0,0,0
2854,53700,63.0,54.5,59.0,6.8,29.5,8.2,1916,421,6.0,-5,53.45788043478261,54.0,0.0,0.0,29.085,41.754292,-87.590773,5,49365.91943957969,59.0,0.6549912434325744,0.0,63.0,54.5,-5.0,11.799999999999995,17.885814360770578,0.1837740805604193,66.79509632224168,0,0,1,0,0,0,0
2855,53700,63.0,54.5,59.0,6.8,29.5,8.2,1916,421,6.0,-5,53.45788043478261,54.0,0.0,0.0,29.085,41.723195,-87.64997,5,49367.436974789925,59.0,0.6568627450980392,0.0,63.0,54.5,-5.0,11.799999999999995,17.889880952380953,0.1837097338935564,66.7906162464986,0,0,1,0,0,0,0
2856,53700,63.0,54.5,59.0,6.8,29.5,8.2,1916,421,6.0,-5,53.45788043478261,54.0,0.0,0.0,29.085,41.868077,-87.666901,5,49368.95344767239,59.0,0.6587329366468323,0.0,63.0,54.5,-5.0,11.799999999999995,17.893944697234858,0.18364543227161256,66.78613930696535,0,0,1,0,0,0,0
2857,53700,63.0,54.5,59.0,6.8,29.5,8.2,1916,421,6.0,-5,53.45788043478261,54.0,0.0,0.0,29.085,41.868077,-87.666901,5,49370.468859342196,59.0,0.6606018194541637,0.0,63.0,54.5,-5.0,6.799999999999998,17.898005598320502,0.1835811756473048,66.78166550034989,0,0,0,1,0,0,0
2858,53700,63.0,54.5,59.0,6.8,29.5,8.2,1916,421,6.0,-5,53.45788043478261,54.0,0.0,0.0,29.085,41.720848,-87.666014,5,49371.9832109129,59.0,0.6624693948933194,0.0,63.0,54.5,-5.0,6.799999999999998,17.902063658621895,0.18351696397341627,66.77719482336481,0,0,1,0,0,0,0
2859,53700,63.0,54.5,59.0,6.8,29.5,8.2,1916,421,6.0,-5,53.45788043478261,54.0,0.0,0.0,29.085,41.720848,-87.666014,5,49373.496503496506,59.0,0.6643356643356644,0.0,63.0,54.5,-5.0,6.799999999999998,17.906118881118882,0.1834527972027962,66.77272727272727,0,0,0,1,0,0,0
2860,53700,63.0,54.5,59.0,6.8,29.5,8.2,1916,421,6.0,-5,53.45788043478261,54.0,0.0,0.0,29.085,41.750498,-87.605294,5,49375.008738203425,59.0,0.6662006291506466,0.0,63.0,54.5,-5.0,6.799999999999998,17.910171268787142,0.1833886752883597,66.76826284515903,0,0,0,1,0,0,0
2861,53700,63.0,54.5,59.0,6.8,29.5,8.2,1916,421,6.0,-5,53.45788043478261,54.0,0.0,0.0,29.085,41.798697,-87.736812,5,49376.519916142555,59.0,0.6680642907058001,0.0,63.0,54.5,-5.0,6.799999999999998,17.914220824598182,0.18332459818308772,66.76380153738644,0,0,0,1,0,0,0
2862,53700,63.0,54.5,59.0,6.8,29.5,8.2,1916,421,6.0,-5,53.45788043478261,54.0,0.0,0.0,29.085,41.673408,-87.599862,5,49378.03003842124,59.0,0.6699266503667481,0.0,63.0,54.5,-5.0,6.799999999999998,17.918267551519385,0.18326056584002687,66.7593433461404,0,1,0,0,0,0,0
2863,53700,63.0,54.5,59.0,6.8,29.5,8.2,1916,421,6.0,-5,53.45788043478261,54.0,0.0,0.0,29.085,41.673408,-87.599862,5,49379.53910614525,59.0,0.6717877094972067,0.0,63.0,54.5,-5.0,6.799999999999998,17.922311452513963,0.1831965782122895,66.75488826815642,0,0,1,0,0,0,0
2864,53700,63.0,54.5,59.0,6.8,29.5,8.2,1916,421,6.0,-5,53.45788043478261,54.0,0.0,0.0,29.085,41.673408,-87.599862,5,49381.04712041885,59.0,0.6736474694589878,0.0,63.0,54.5,-5.0,6.799999999999998,17.926352530541013,0.1831326352530531,66.7504363001745,0,0,0,1,0,0,0
2865,53700,63.0,54.5,59.0,6.8,29.5,8.2,1916,421,6.0,-5,53.45788043478261,54.0,0.0,0.0,29.085,41.662014,-87.72460799999998,5,49382.55408234473,59.0,0.6755059316120028,0.0,63.0,54.5,-5.0,6.799999999999998,17.930390788555478,0.18306873691556075,66.7459874389393,0,1,0,0,0,0,0
2866,53700,63.0,54.5,59.0,6.8,29.5,8.2,1916,421,6.0,-5,53.45788043478261,54.0,0.0,0.0,29.085,41.662014,-87.72460799999998,5,49384.059993024064,59.0,0.6773630973142658,0.0,63.0,54.5,-5.0,6.799999999999998,17.9344262295082,0.18300488315312072,66.74154168119986,0,0,1,0,0,0,0
2867,53700,63.0,54.5,59.0,6.8,29.5,8.2,1916,421,6.0,-5,53.45788043478261,54.0,0.0,0.0,29.085,41.662014,-87.72460799999998,5,49385.56485355648,59.0,0.6792189679218968,0.0,63.0,54.5,-5.0,6.799999999999998,17.938458856345886,0.1829410739191064,66.7370990237099,0,0,0,1,0,0,0
2868,53700,63.0,54.5,59.0,6.8,29.5,8.2,1916,421,6.0,-5,53.45788043478261,54.0,0.0,0.0,29.085,41.72646500000001,-87.585413,5,49387.068665040075,59.0,0.6810735447891252,0.0,63.0,54.5,-5.0,6.799999999999998,17.942488672011155,0.18287730916695613,66.7326594632276,0,0,1,0,0,0,0
2869,53700,63.0,54.5,59.0,6.8,29.5,8.2,1916,421,6.0,-5,53.45788043478261,54.0,0.0,0.0,29.085,41.72646500000001,-87.585413,5,49388.571428571435,59.0,0.6829268292682927,0.0,63.0,54.5,-5.0,6.799999999999998,17.94651567944251,0.1828135888501732,66.72822299651568,0,0,0,1,0,0,0
2870,53700,63.0,54.5,59.0,6.8,29.5,8.2,1916,421,6.0,-5,53.45788043478261,54.0,0.0,0.0,29.085,42.01743,-87.68776899999996,5,49390.073145245566,59.0,0.6847788227098572,0.0,63.0,54.5,-5.0,6.799999999999998,17.950539881574365,0.1827499129223257,66.72378962034135,0,0,1,0,0,0,0
2871,53700,63.0,54.5,59.0,6.8,29.5,8.2,1916,421,6.0,-5,53.45788043478261,54.0,0.0,0.0,29.085,42.01743,-87.68776899999996,5,49391.57381615599,59.0,0.6866295264623955,0.0,63.0,54.5,-5.0,6.799999999999998,17.954561281337046,0.18268628133704634,66.71935933147633,0,0,0,1,0,0,0
2872,53700,63.0,54.5,59.0,6.8,29.5,8.2,1916,421,6.0,-5,53.45788043478261,54.0,0.0,0.0,29.085,41.916265,-87.800515,5,49393.073442394714,59.0,0.688478941872607,0.0,63.0,54.5,-5.0,6.799999999999998,17.958579881656803,0.1826226940480324,66.71493212669684,0,0,0,1,0,0,0
2873,53700,63.0,54.5,59.0,6.8,29.5,8.2,1916,421,6.0,-5,53.45788043478261,54.0,0.0,0.0,29.085,41.846075,-87.716277,5,49394.572025052184,59.0,0.6903270702853166,0.0,63.0,54.5,-5.0,6.799999999999998,17.96259568545581,0.18255915100904566,66.71050800278357,0,0,1,0,0,0,0
2874,53700,63.0,54.5,59.0,6.8,29.5,8.2,1916,421,6.0,-5,53.45788043478261,54.0,0.0,0.0,29.085,41.776156,-87.778927,5,49396.06956521738,59.0,0.6921739130434783,0.0,63.0,54.5,-5.0,6.799999999999998,17.966608695652173,0.18249565217391206,66.70608695652174,0,0,0,1,0,0,0
2875,53700,63.0,54.5,59.0,6.8,29.5,8.2,1916,421,6.0,-5,53.45788043478261,54.0,0.0,0.0,29.085,41.732984,-87.649642,5,49397.566063977756,59.0,0.6940194714881779,0.0,63.0,54.5,-5.0,6.799999999999998,17.970618915159946,0.18243219749652195,66.70166898470097,0,0,1,0,0,0,0
2876,53700,63.0,54.5,59.0,6.8,29.5,8.2,1916,421,6.0,-5,53.45788043478261,54.0,0.0,0.0,29.085,41.903002,-87.68826700000002,5,49399.061522419186,59.0,0.6958637469586375,0.0,63.0,54.5,-5.0,6.799999999999998,17.97462634688912,0.18236878693082967,66.6972540841154,0,0,1,0,0,0,0
2877,53700,63.0,54.5,59.0,6.8,29.5,8.2,1916,421,6.0,-5,53.45788043478261,54.0,0.0,0.0,29.085,41.678618,-87.559308,5,49400.55594162613,59.0,0.6977067407922168,0.0,63.0,54.5,-5.0,6.799999999999998,17.978630993745657,0.18230542043085374,66.69284225156359,0,0,1,0,0,0,0
2878,53700,63.0,54.5,59.0,6.8,29.5,8.2,1916,421,6.0,-5,53.45788043478261,54.0,0.0,0.0,29.085,41.740641,-87.546587,5,49402.04932268149,59.0,0.6995484543244183,0.0,63.0,54.5,-5.0,6.799999999999998,17.98263285863147,0.1822420979506763,66.68843348384856,0,0,1,0,0,0,0
2879,53700,63.0,54.5,59.0,6.8,29.5,8.2,1916,421,6.0,-5,53.45788043478261,54.0,0.0,0.0,29.085,41.680946,-87.535198,5,49403.54166666666,59.0,0.7013888888888888,0.0,63.0,54.5,-5.0,6.799999999999998,17.986631944444444,0.18217881944444345,66.68402777777777,0,0,1,0,0,0,0
2880,53700,63.0,54.5,59.0,6.8,29.5,8.2,1916,421,6.0,-5,53.45788043478261,54.0,0.0,0.0,29.085,41.680946,-87.535198,5,49405.032974661575,59.0,0.7032280458174245,0.0,63.0,54.5,-5.0,6.799999999999998,17.990628254078445,0.18211558486636484,66.67962513016313,0,0,0,1,0,0,0
2881,53700,63.0,54.5,59.0,6.8,29.5,8.2,1916,421,6.0,-5,53.45788043478261,54.0,0.0,0.0,29.085,41.963976,-87.69181,5,49406.52324774462,59.0,0.7050659264399722,0.0,63.0,54.5,-5.0,6.799999999999998,17.994621790423317,0.18205239417071375,66.67522553782096,0,0,1,0,0,0,0
2882,53700,63.0,54.5,59.0,6.8,29.5,8.2,1916,421,6.0,-5,53.45788043478261,54.0,0.0,0.0,29.085,41.963976,-87.69181,5,49408.01248699272,59.0,0.706902532084634,0.0,63.0,54.5,-5.0,6.799999999999998,17.998612556364893,0.18198924731182692,66.67082899757196,0,0,0,1,0,0,0
2883,53700,63.0,54.5,59.0,6.8,29.5,8.2,1916,421,6.0,-5,53.45788043478261,54.0,0.0,0.0,29.085,41.659112,-87.53869300000002,5,49409.50069348128,59.0,0.7087378640776699,0.0,63.0,54.5,-5.0,6.799999999999998,18.002600554785023,0.1819261442441044,66.66643550624133,0,1,0,0,0,0,0
2884,53700,63.0,54.5,59.0,6.8,29.5,8.2,1916,421,6.0,-5,53.45788043478261,54.0,0.0,0.0,29.085,41.659112,-87.53869300000002,5,49410.98786828423,59.0,0.7105719237435009,0.0,63.0,54.5,-5.0,6.799999999999998,18.006585788561527,0.1818630849220094,66.66204506065858,0,0,1,0,0,0,0
2885,53700,63.0,54.5,59.0,6.8,29.5,8.2,1916,421,6.0,-5,53.45788043478261,54.0,0.0,0.0,29.085,41.974689,-87.890615,5,49412.47401247401,59.0,0.7124047124047124,0.0,63.0,54.5,-5.0,6.799999999999998,18.01056826056826,0.1818000693000683,66.65765765765765,0,0,0,1,0,0,0
2886,54060,60.5,49.0,55.0,7.85,3.0,8.6,1920,419,10.0,-10,53.45788043478261,50.5,0.0,0.09,29.39,41.95469,-87.800991,6,49414.0838240388,59.0,0.7156217526844475,0.0,63.0,54.5,-5.0,6.799999999999998,18.00536889504676,0.1817682715621743,66.6520609629373,0,0,1,0,0,0,0
2887,54060,60.5,49.0,55.0,7.85,3.0,8.6,1920,419,10.0,-10,53.45788043478261,50.5,0.0,0.09,29.39,41.964242,-87.757639,6,49415.692520775614,59.0,0.7188365650969529,0.0,63.0,54.5,-5.0,6.799999999999998,18.000173130193907,0.1817364958448744,66.64646814404432,0,0,0,1,0,0,0
2888,54060,60.5,49.0,55.0,7.85,3.0,8.6,1920,419,10.0,-10,53.45788043478261,50.5,0.0,0.09,29.39,42.008314,-87.77792099999998,6,49417.30010384216,59.0,0.7220491519556941,0.0,63.0,54.5,-5.0,6.799999999999998,17.99498096227068,0.1817047421253019,66.64087919695396,0,0,1,0,0,0,0
2889,54060,60.5,49.0,55.0,7.85,3.0,8.6,1920,419,10.0,-10,53.45788043478261,50.5,0.0,0.09,29.39,42.008314,-87.77792099999998,6,49418.906574394474,59.0,0.7252595155709343,0.0,63.0,54.5,-5.0,6.799999999999998,17.989792387543254,0.1816730103806219,66.63529411764706,0,0,0,1,0,0,0
2890,54060,60.5,49.0,55.0,7.85,3.0,8.6,1920,419,10.0,-10,53.45788043478261,50.5,0.0,0.09,29.39,41.98196400000001,-87.812827,6,49420.511933587004,59.0,0.7284676582497406,0.0,63.0,54.5,-5.0,6.799999999999998,17.984607402282947,0.18164130058803088,66.62971290211,0,0,1,0,0,0,0
2891,54060,60.5,49.0,55.0,7.85,3.0,8.6,1920,419,10.0,-10,53.45788043478261,50.5,0.0,0.09,29.39,41.99247800000001,-87.862995,6,49422.116182572616,59.0,0.7316735822959889,0.0,63.0,54.5,-5.0,6.799999999999998,17.979426002766253,0.18160961272475698,66.62413554633471,0,0,1,0,0,0,0
2892,54060,60.5,49.0,55.0,7.85,3.0,8.6,1920,419,10.0,-10,53.45788043478261,50.5,0.0,0.09,29.39,41.98196400000001,-87.812827,6,49423.71932250259,59.0,0.7348772900103698,0.0,63.0,54.5,-5.0,6.799999999999998,17.974248185274803,0.1815779467680599,66.6185620463187,0,0,0,0,0,0,1
2893,54060,60.5,49.0,55.0,7.85,3.0,8.6,1920,419,10.0,-10,53.45788043478261,50.5,0.0,0.09,29.39,41.99247800000001,-87.862995,6,49425.32135452661,55.0,0.7380787836903939,0.0,60.5,54.5,-10.0,6.799999999999998,17.96907394609537,0.18154630269523064,66.61299239806496,0,0,0,0,0,0,1
2894,54060,60.5,49.0,55.0,7.85,3.0,8.6,1920,419,10.0,-10,53.45788043478261,50.5,0.0,0.09,29.39,41.944869,-87.832763,6,49426.922279792736,55.0,0.7412780656303972,0.0,60.5,54.5,-10.0,6.799999999999998,17.963903281519865,0.1815146804835915,66.60742659758203,0,0,1,0,0,0,0
2895,54060,60.5,49.0,55.0,7.85,3.0,8.6,1920,419,10.0,-10,53.45788043478261,50.5,0.0,0.09,29.39,41.991429,-87.747113,6,49428.52209944752,55.0,0.744475138121547,0.0,60.5,54.5,-10.0,6.799999999999998,17.958736187845304,0.18148308011049635,66.60186464088397,0,0,1,0,0,0,0
2896,54060,60.5,49.0,55.0,7.85,3.0,8.6,1920,419,10.0,-10,53.45788043478261,50.5,0.0,0.09,29.39,42.011601,-87.81150600000002,6,49430.12081463583,55.0,0.7476700034518468,0.0,60.5,49.0,-10.0,6.799999999999998,17.953572661373833,0.18145150155333012,66.59630652399035,0,0,0,1,0,0,0
2897,54060,60.5,49.0,55.0,7.85,3.0,8.6,1920,419,10.0,-10,53.45788043478261,50.5,0.0,0.09,29.39,41.960616,-87.777189,6,49431.71842650104,55.0,0.7508626639061422,0.0,60.5,49.0,-10.0,6.799999999999998,17.9484126984127,0.18141994478950915,66.59075224292616,0,0,1,0,0,0,0
2898,54060,60.5,49.0,55.0,7.85,3.0,8.6,1920,419,10.0,-10,53.45788043478261,50.5,0.0,0.09,29.39,41.960616,-87.777189,6,49433.314936184885,55.0,0.7540531217661263,0.0,60.5,49.0,-10.0,6.799999999999998,17.94325629527423,0.1813884097964807,66.58520179372198,0,0,0,1,0,0,0
2899,54060,60.5,49.0,55.0,7.85,3.0,8.6,1920,419,10.0,-10,53.45788043478261,50.5,0.0,0.09,29.39,42.010412,-87.66214000000002,6,49434.910344827586,55.0,0.7572413793103449,0.0,60.5,49.0,-10.0,6.799999999999998,17.93810344827586,0.1813568965517233,66.5796551724138,0,0,1,0,0,0,0
2900,54060,60.5,49.0,55.0,7.85,3.0,8.6,1920,419,10.0,-10,53.45788043478261,50.5,0.0,0.09,29.39,42.010412,-87.66214000000002,6,49436.50465356773,55.0,0.760427438814202,0.0,60.5,49.0,-10.0,6.799999999999998,17.932954153740088,0.1813254050327465,66.5741123750431,0,0,0,1,0,0,0
2901,54060,60.5,49.0,55.0,7.85,3.0,8.6,1920,419,10.0,-10,53.45788043478261,50.5,0.0,0.09,29.39,41.986921,-87.689778,6,49438.09786354238,55.0,0.7636113025499656,0.0,60.5,49.0,-10.0,6.799999999999998,17.927808407994487,0.18129393521709086,66.56857339765679,0,0,1,0,0,0,0
2902,54060,60.5,49.0,55.0,7.85,3.0,8.6,1920,419,10.0,-10,53.45788043478261,50.5,0.0,0.09,29.39,41.986921,-87.689778,6,49439.68997588701,55.0,0.7667929727867723,0.0,60.5,49.0,-10.0,6.799999999999998,17.922666207371684,0.1812624870823278,66.56303823630726,0,0,0,1,0,0,0
2903,54060,60.5,49.0,55.0,7.85,3.0,8.6,1920,419,10.0,-10,53.45788043478261,50.5,0.0,0.09,29.39,41.89923,-87.716788,6,49441.28099173554,55.0,0.7699724517906336,0.0,60.5,49.0,-10.0,6.799999999999998,17.917527548209367,0.1812310606060598,66.55750688705234,0,1,0,0,0,0,0
2904,54060,60.5,49.0,55.0,7.85,3.0,8.6,1920,419,10.0,-10,53.45788043478261,50.5,0.0,0.09,29.39,41.89923,-87.716788,6,49442.870912220314,55.0,0.7731497418244406,0.0,60.5,49.0,-10.0,6.799999999999998,17.912392426850253,0.18119965576592004,66.55197934595525,0,0,1,0,0,0,0
2905,54060,60.5,49.0,55.0,7.85,3.0,8.6,1920,419,10.0,-10,53.45788043478261,50.5,0.0,0.09,29.39,41.801498,-87.763416,6,49444.45973847213,55.0,0.7763248451479697,0.0,60.5,49.0,-10.0,6.799999999999998,17.90726083964212,0.18116827253957246,66.54645560908465,0,1,0,0,0,0,0
2906,54060,60.5,49.0,55.0,7.85,3.0,8.6,1920,419,10.0,-10,53.45788043478261,50.5,0.0,0.09,29.39,41.801498,-87.763416,6,49446.04747162024,55.0,0.7794977640178878,0.0,60.5,49.0,-10.0,6.799999999999998,17.902132782937738,0.181136910904712,66.54093567251462,0,0,1,0,0,0,0
2907,54060,60.5,49.0,55.0,7.85,3.0,8.6,1920,419,10.0,-10,53.45788043478261,50.5,0.0,0.09,29.39,41.801498,-87.763416,6,49447.63411279231,55.0,0.7826685006877578,0.0,60.5,49.0,-10.0,6.799999999999998,17.89700825309491,0.1811055708390639,66.53541953232462,0,0,0,1,0,0,0
2908,54060,60.5,49.0,55.0,7.85,3.0,8.6,1920,419,10.0,-10,53.45788043478261,50.5,0.0,0.09,29.39,41.906638,-87.701431,6,49449.219663114476,55.0,0.785837057408044,0.0,60.5,49.0,-10.0,6.799999999999998,17.891887246476454,0.18107425232038427,66.52990718459952,0,0,1,0,0,0,0
2909,54060,60.5,49.0,55.0,7.85,3.0,8.6,1920,419,10.0,-10,53.45788043478261,50.5,0.0,0.09,29.39,41.911824,-87.726737,6,49450.804123711336,55.0,0.7890034364261168,0.0,60.5,49.0,-10.0,6.799999999999998,17.88676975945017,0.18104295532645973,66.52439862542954,0,1,0,0,0,0,0
2910,54060,60.5,49.0,55.0,7.85,3.0,8.6,1920,419,10.0,-10,53.45788043478261,50.5,0.0,0.09,29.39,41.911824,-87.726737,6,49452.387495705945,55.0,0.792167639986259,0.0,60.5,49.0,-10.0,6.799999999999998,17.881655788388873,0.1810116798351075,66.51889385091035,0,0,1,0,0,0,0
2911,54060,60.5,49.0,55.0,7.85,3.0,8.6,1920,419,10.0,-10,53.45788043478261,50.5,0.0,0.09,29.39,41.911824,-87.726737,6,49453.969780219784,55.0,0.7953296703296703,0.0,60.5,49.0,-10.0,6.799999999999998,17.87654532967033,0.18098042582417512,66.51339285714286,0,0,0,1,0,0,0
2912,54060,60.5,49.0,55.0,7.85,3.0,8.6,1920,419,10.0,-10,53.45788043478261,50.5,0.0,0.09,29.39,41.891118,-87.65449100000002,6,49455.55097837281,55.0,0.7984895296944731,0.0,60.5,49.0,-10.0,6.799999999999998,17.871438379677308,0.18094919327154066,66.50789564023344,0,0,1,0,0,0,0
2913,54060,60.5,49.0,55.0,7.85,3.0,8.6,1920,419,10.0,-10,53.45788043478261,50.5,0.0,0.09,29.39,41.891118,-87.65449100000002,6,49457.13109128347,55.0,0.8016472203157172,0.0,60.5,49.0,-10.0,6.799999999999998,17.86633493479753,0.18091798215511254,66.50240219629376,0,0,0,1,0,0,0
2914,54060,60.5,49.0,55.0,7.85,3.0,8.6,1920,419,10.0,-10,53.45788043478261,50.5,0.0,0.09,29.39,41.867108,-87.654224,6,49458.710120068616,55.0,0.8048027444253859,0.0,60.5,49.0,-10.0,7.849999999999999,17.86123499142367,0.18088679245282951,66.49691252144082,0,0,1,0,0,0,0
2915,54060,60.5,49.0,55.0,7.85,3.0,8.6,1920,419,10.0,-10,53.45788043478261,50.5,0.0,0.09,29.39,41.896282,-87.655232,6,49460.288065843626,55.0,0.8079561042524005,0.0,60.5,49.0,-10.0,7.85,17.85613854595336,0.1808556241426605,66.49142661179698,0,0,0,1,0,0,0
2916,54060,60.5,49.0,55.0,7.85,3.0,8.6,1920,419,10.0,-10,53.45788043478261,50.5,0.0,0.09,29.39,41.921965,-87.632085,6,49461.86492972232,55.0,0.8111073020226259,0.0,60.5,49.0,-10.0,7.85,17.851045594789163,0.1808244772026048,66.4859444634899,0,1,0,0,0,0,0
2917,54060,60.5,49.0,55.0,7.85,3.0,8.6,1920,419,10.0,-10,53.45788043478261,50.5,0.0,0.09,29.39,41.921965,-87.632085,6,49463.440712817,55.0,0.8142563399588759,0.0,60.5,49.0,-10.0,7.85,17.84595613433859,0.18079335161069165,66.4804660726525,0,0,1,0,0,0,0
2918,54060,60.5,49.0,55.0,7.85,3.0,8.6,1920,419,10.0,-10,53.45788043478261,50.5,0.0,0.09,29.39,41.921965,-87.632085,6,49465.015416238435,55.0,0.8174032202809182,0.0,60.5,49.0,-10.0,7.85,17.840870161014045,0.18076224734498053,66.47499143542309,0,0,0,1,0,0,0
2919,54060,60.5,49.0,55.0,7.85,3.0,8.6,1920,419,10.0,-10,53.45788043478261,50.5,0.0,0.09,29.39,41.801179,-87.679447,6,49466.58904109589,55.0,0.8205479452054795,0.0,60.5,49.0,-10.0,7.85,17.835787671232875,0.18073116438356104,66.46952054794521,0,0,1,0,0,0,0
2920,54060,60.5,49.0,55.0,7.85,3.0,8.6,1920,419,10.0,-10,53.45788043478261,50.5,0.0,0.09,29.39,41.800737,-87.71188000000002,6,49468.16158849709,55.0,0.8236905169462513,0.0,60.5,49.0,-10.0,7.85,17.830708661417326,0.18070010270455264,66.46405340636768,0,0,1,0,0,0,0
2921,54060,60.5,49.0,55.0,7.85,3.0,8.6,1920,419,10.0,-10,53.45788043478261,50.5,0.0,0.09,29.39,41.800737,-87.71188000000002,6,49469.73305954825,55.0,0.8268309377138946,0.0,60.5,49.0,-10.0,7.85,17.82563312799452,0.1806690622861048,66.45859000684463,0,0,0,1,0,0,0
2922,54060,60.5,49.0,55.0,7.85,3.0,8.6,1920,419,10.0,-10,53.45788043478261,50.5,0.0,0.09,29.39,41.82561,-87.726549,6,49471.30345535409,55.0,0.8299692097160452,0.0,60.5,49.0,-10.0,7.85,17.82056106739651,0.18063804310639692,66.4531303455354,0,1,0,0,0,0,0
2923,54060,60.5,49.0,55.0,7.85,3.0,8.6,1920,419,10.0,-10,53.45788043478261,50.5,0.0,0.09,29.39,41.82561,-87.726549,6,49472.87277701779,55.0,0.8331053351573188,0.0,60.5,49.0,-10.0,7.85,17.815492476060193,0.1806070451436383,66.44767441860465,0,0,1,0,0,0,0
2924,54060,60.5,49.0,55.0,7.85,3.0,8.6,1920,419,10.0,-10,53.45788043478261,50.5,0.0,0.09,29.39,41.82561,-87.726549,6,49474.441025641034,55.0,0.8362393162393162,0.0,60.5,49.0,-10.0,7.85,17.81042735042735,0.18057606837606785,66.44222222222223,0,0,0,1,0,0,0
2925,54060,60.5,49.0,55.0,7.85,3.0,8.6,1920,419,10.0,-10,53.45788043478261,50.5,0.0,0.09,29.39,41.77166,-87.703047,6,49476.00820232398,55.0,0.8393711551606289,0.0,60.5,49.0,-10.0,7.85,17.805365686944633,0.18054511278195434,66.43677375256323,0,0,1,0,0,0,0
2926,54060,60.5,49.0,55.0,7.85,3.0,8.6,1920,419,10.0,-10,53.45788043478261,50.5,0.0,0.09,29.39,41.77166,-87.703047,6,49477.57430816536,55.0,0.8425008541168432,0.0,60.5,49.0,-10.0,7.85,17.800307482063545,0.18051417833959632,66.431329005808,0,0,0,1,0,0,0
2927,54060,60.5,49.0,55.0,7.85,3.0,8.6,1920,419,10.0,-10,53.45788043478261,50.5,0.0,0.09,29.39,41.768388,-87.678649,6,49479.13934426229,55.0,0.8456284153005464,0.0,60.5,49.0,-10.0,7.85,17.795252732240442,0.18048326502732187,66.42588797814207,0,0,0,1,0,0,0
2928,54060,60.5,49.0,55.0,7.85,3.0,8.6,1920,419,10.0,-10,53.45788043478261,50.5,0.0,0.09,29.39,41.773215,-87.60088,6,49480.70331171048,55.0,0.8487538409013315,0.0,60.5,49.0,-10.0,7.85,17.790201433936495,0.18045237282348872,66.42045066575622,0,1,0,0,0,0,0
2929,54060,60.5,49.0,55.0,7.85,3.0,8.6,1920,419,10.0,-10,53.45788043478261,50.5,0.0,0.09,29.39,41.773215,-87.60088,6,49482.26621160409,55.0,0.8518771331058019,0.0,60.5,49.0,-10.0,7.85,17.78515358361775,0.18042150170648413,66.41501706484641,0,0,1,0,0,0,0
2930,54060,60.5,49.0,55.0,7.85,3.0,8.6,1920,419,10.0,-10,53.45788043478261,50.5,0.0,0.09,29.39,41.773215,-87.60088,6,49483.82804503582,55.0,0.8549982940975777,0.0,60.5,49.0,-10.0,7.85,17.780109177755033,0.18039065165472484,66.40958717161378,0,0,0,1,0,0,0
2931,54060,60.5,49.0,55.0,7.85,3.0,8.6,1920,419,10.0,-10,53.45788043478261,50.5,0.0,0.09,29.39,41.822536,-87.66634300000004,6,49485.38881309686,55.0,0.8581173260572987,0.0,60.5,49.0,-10.0,7.85,17.77506821282401,0.1803598226466571,66.40416098226467,0,1,0,0,0,0,0
2932,54060,60.5,49.0,55.0,7.85,3.0,8.6,1920,419,10.0,-10,53.45788043478261,50.5,0.0,0.09,29.39,41.822536,-87.66634300000004,6,49486.94851687692,55.0,0.8612342311626321,0.0,60.5,49.0,-10.0,7.85,17.770030685305148,0.18032901466075646,66.39873849301057,0,0,1,0,0,0,0
2933,54060,60.5,49.0,55.0,7.85,3.0,8.6,1920,419,10.0,-10,53.45788043478261,50.5,0.0,0.09,29.39,41.822536,-87.66634300000004,6,49488.507157464206,55.0,0.8643490115882754,0.0,60.5,49.0,-10.0,7.85,17.764996591683712,0.18029822767552786,66.39331970006816,0,0,0,1,0,0,0
2934,54060,60.5,49.0,55.0,7.85,3.0,8.6,1920,419,10.0,-10,53.45788043478261,50.5,0.0,0.09,29.39,41.803423,-87.642984,6,49490.06473594549,55.0,0.8674616695059625,0.0,60.5,49.0,-10.0,7.85,17.759965928449745,0.1802674616695055,66.38790459965928,0,0,1,0,0,0,0
2935,54060,60.5,49.0,55.0,7.85,3.0,8.6,1920,419,10.0,-10,53.45788043478261,50.5,0.0,0.09,29.39,41.803423,-87.642984,6,49491.621253405996,55.0,0.8705722070844687,0.0,60.5,49.0,-10.0,7.85,17.754938692098094,0.18023671662125296,66.3824931880109,0,0,0,1,0,0,0
2936,54060,60.5,49.0,55.0,7.85,3.0,8.6,1920,419,10.0,-10,53.45788043478261,50.5,0.0,0.09,29.39,41.754292,-87.590773,6,49493.17671092952,55.0,0.8736806264896153,0.0,60.5,49.0,-10.0,7.85,17.749914879128358,0.18020599250936287,66.37708546135511,0,0,0,1,0,0,0
2937,54060,60.5,49.0,55.0,7.85,3.0,8.6,1920,419,10.0,-10,53.45788043478261,50.5,0.0,0.09,29.39,41.723195,-87.64997,6,49494.73110959837,55.0,0.8767869298842751,0.0,60.5,49.0,-10.0,7.85,17.744894486044927,0.18017528931245705,66.3716814159292,0,1,0,0,0,0,0
2938,54060,60.5,49.0,55.0,7.85,3.0,8.6,1920,419,10.0,-10,53.45788043478261,50.5,0.0,0.09,29.39,41.723195,-87.64997,6,49496.28445049337,55.0,0.8798911194283769,0.0,60.5,49.0,-10.0,7.85,17.739877509356926,0.1801446070091864,66.3662810479755,0,0,1,0,0,0,0
2939,54060,60.5,49.0,55.0,7.85,3.0,8.6,1920,419,10.0,-10,53.45788043478261,50.5,0.0,0.09,29.39,41.723195,-87.64997,6,49497.836734693876,55.0,0.8829931972789116,0.0,60.5,49.0,-10.0,7.85,17.73486394557823,0.1801139455782309,66.3608843537415,0,0,0,1,0,0,0
2940,54060,60.5,49.0,55.0,7.85,3.0,8.6,1920,419,10.0,-10,53.45788043478261,50.5,0.0,0.09,29.39,41.868077,-87.666901,6,49499.387963277804,55.0,0.8860931655899354,0.0,60.5,49.0,-10.0,7.85,17.729853791227473,0.1800833049982995,66.35549132947978,0,1,0,0,0,0,0
2941,54060,60.5,49.0,55.0,7.85,3.0,8.6,1920,419,10.0,-10,53.45788043478261,50.5,0.0,0.09,29.39,41.868077,-87.666901,6,49500.93813732155,55.0,0.8891910265125765,0.0,60.5,49.0,-10.0,7.85,17.724847042828003,0.18005268524813015,66.350101971448,0,0,1,0,0,0,0
2942,54060,60.5,49.0,55.0,7.85,3.0,8.6,1920,419,10.0,-10,53.45788043478261,50.5,0.0,0.09,29.39,41.868077,-87.666901,6,49502.487257900095,55.0,0.8922867821950391,0.0,60.5,49.0,-10.0,7.85,17.719843696907915,0.1800220863064896,66.34471627590894,0,0,0,1,0,0,0
2943,54060,60.5,49.0,55.0,7.85,3.0,8.6,1920,419,10.0,-10,53.45788043478261,50.5,0.0,0.09,29.39,41.720848,-87.666014,6,49504.03532608696,55.0,0.8953804347826086,0.0,60.5,49.0,-10.0,7.85,17.71484375,0.17999150815217355,66.33933423913044,0,0,1,0,0,0,0
2944,54060,60.5,49.0,55.0,7.85,3.0,8.6,1920,419,10.0,-10,53.45788043478261,50.5,0.0,0.09,29.39,41.720848,-87.666014,6,49505.58234295416,55.0,0.898471986417657,0.0,60.5,49.0,-10.0,7.85,17.709847198641764,0.17996095076400645,66.33395585738539,0,0,0,1,0,0,0
2945,54060,60.5,49.0,55.0,7.85,3.0,8.6,1920,419,10.0,-10,53.45788043478261,50.5,0.0,0.09,29.39,41.704336,-87.70373599999998,6,49507.12830957231,55.0,0.9015614392396468,0.0,60.5,49.0,-10.0,7.85,17.704854039375427,0.1799304141208415,66.3285811269518,0,0,1,0,0,0,0
2946,54060,60.5,49.0,55.0,7.85,3.0,8.6,1920,419,10.0,-10,53.45788043478261,50.5,0.0,0.09,29.39,41.704336,-87.70373599999998,6,49508.67322701052,55.0,0.9046487953851374,0.0,60.5,49.0,-10.0,7.85,17.699864268747877,0.17989989820156058,66.32321004411266,0,0,0,1,0,0,0
2947,54060,60.5,49.0,55.0,7.85,3.0,8.6,1920,419,10.0,-10,53.45788043478261,50.5,0.0,0.09,29.39,41.750498,-87.605294,6,49510.217096336506,55.0,0.9077340569877884,0.0,60.5,49.0,-10.0,7.85,17.694877883310717,0.1798694029850743,66.31784260515605,0,0,0,1,0,0,0
2948,54060,60.5,49.0,55.0,7.85,3.0,8.6,1920,419,10.0,-10,53.45788043478261,50.5,0.0,0.09,29.39,41.798697,-87.736812,6,49511.75991861649,55.0,0.9108172261783656,0.0,60.5,49.0,-10.0,7.85,17.689894879620212,0.17983892845032184,66.31247880637504,0,0,1,0,0,0,0
2949,54060,60.5,49.0,55.0,7.85,3.0,8.6,1920,419,10.0,-10,53.45788043478261,50.5,0.0,0.09,29.39,41.798697,-87.736812,6,49513.30169491525,55.0,0.9138983050847458,0.0,60.5,49.0,-10.0,7.85,17.68491525423729,0.1798084745762709,66.3071186440678,0,0,0,1,0,0,0
2950,54060,60.5,49.0,55.0,7.85,3.0,8.6,1920,419,10.0,-10,53.45788043478261,50.5,0.0,0.09,29.39,41.673408,-87.599862,6,49514.84242629617,55.0,0.9169772958319212,0.0,60.5,49.0,-10.0,7.85,17.67993900372755,0.17977804134191772,66.30176211453744,0,1,0,0,0,0,0
2951,54060,60.5,49.0,55.0,7.85,3.0,8.6,1920,419,10.0,-10,53.45788043478261,50.5,0.0,0.09,29.39,41.673408,-87.599862,6,49516.382113821135,55.0,0.9200542005420054,0.0,60.5,49.0,-10.0,7.85,17.674966124661246,0.179747628726287,66.29640921409214,0,0,1,0,0,0,0
2952,54060,60.5,49.0,55.0,7.85,3.0,8.6,1920,419,10.0,-10,53.45788043478261,50.5,0.0,0.09,29.39,41.673408,-87.599862,6,49517.920758550616,55.0,0.9231290213342364,0.0,60.5,49.0,-10.0,7.85,17.669996613613275,0.17971723670843184,66.29105993904504,0,0,0,1,0,0,0
2953,54060,60.5,49.0,55.0,7.85,3.0,8.6,1920,419,10.0,-10,53.45788043478261,50.5,0.0,0.09,29.39,41.704572,-87.56566600000002,6,49519.45836154367,55.0,0.9262017603249828,0.0,60.5,49.0,-10.0,7.85,17.66503046716317,0.17968686526743374,66.28571428571429,0,0,0,1,0,0,0
2954,54060,60.5,49.0,55.0,7.85,3.0,8.6,1920,419,10.0,-10,53.45788043478261,50.5,0.0,0.09,29.39,41.662014,-87.72460799999998,6,49520.99492385787,55.0,0.9292724196277496,0.0,60.5,49.0,-10.0,7.85,17.660067681895093,0.17965651438240246,66.28037225042301,0,1,0,0,0,0,0
2955,54060,60.5,49.0,55.0,7.85,3.0,8.6,1920,419,10.0,-10,53.45788043478261,50.5,0.0,0.09,29.39,41.662014,-87.72460799999998,6,49522.53044654938,55.0,0.9323410013531801,0.0,60.5,49.0,-10.0,7.85,17.655108254397835,0.1796261840324761,66.27503382949932,0,0,1,0,0,0,0
2956,54060,60.5,49.0,55.0,7.85,3.0,8.6,1920,419,10.0,-10,53.45788043478261,50.5,0.0,0.09,29.39,41.662014,-87.72460799999998,6,49524.064930672976,55.0,0.9354075076090632,0.0,60.5,49.0,-10.0,7.85,17.650152181264797,0.17959587419682088,66.26969901927629,0,0,0,1,0,0,0
2957,54060,60.5,49.0,55.0,7.85,3.0,8.6,1920,419,10.0,-10,53.45788043478261,50.5,0.0,0.09,29.39,41.932094,-87.700117,6,49525.598377281945,55.0,0.938471940500338,0.0,60.5,49.0,-10.0,7.85,17.645199459093984,0.1795655848546313,66.26436781609196,0,0,1,0,0,0,0
2958,54060,60.5,49.0,55.0,7.85,3.0,8.6,1920,419,10.0,-10,53.45788043478261,50.5,0.0,0.09,29.39,41.932094,-87.700117,6,49527.130787428185,55.0,0.9415343021290976,0.0,60.5,49.0,-10.0,7.85,17.640250084488002,0.17953531598512992,66.25904021628929,0,0,0,1,0,0,0
2959,54060,60.5,49.0,55.0,7.85,3.0,8.6,1920,419,10.0,-10,53.45788043478261,50.5,0.0,0.09,29.39,41.916265,-87.800515,6,49528.66216216216,55.0,0.9445945945945946,0.0,60.5,49.0,-10.0,7.85,17.63530405405405,0.1795050675675674,66.25371621621622,0,1,0,0,0,0,0
2960,54060,60.5,49.0,55.0,7.85,3.0,8.6,1920,419,10.0,-10,53.45788043478261,50.5,0.0,0.09,29.39,41.916265,-87.800515,6,49530.19250253293,55.0,0.9476528199932456,0.0,60.5,49.0,-10.0,7.85,17.630361364403914,0.1794748395812224,66.2483958122256,0,0,1,0,0,0,0
2961,54060,60.5,49.0,55.0,7.85,3.0,8.6,1920,419,10.0,-10,53.45788043478261,50.5,0.0,0.09,29.39,41.916265,-87.800515,6,49531.72180958812,55.0,0.950708980418636,0.0,60.5,49.0,-10.0,7.85,17.62542201215395,0.1794446320054016,66.24307900067522,0,0,0,1,0,0,0
2962,54060,60.5,49.0,55.0,7.85,3.0,8.6,1920,419,10.0,-10,53.45788043478261,50.5,0.0,0.09,29.39,41.846075,-87.716277,6,49533.25008437395,55.0,0.9537630779615256,0.0,60.5,49.0,-10.0,7.85,17.620485993925072,0.1794144448194396,66.23776577792778,0,0,0,1,0,0,0
2963,54060,60.5,49.0,55.0,7.85,3.0,8.6,1920,419,10.0,-10,53.45788043478261,50.5,0.0,0.09,29.39,41.907645,-87.760886,6,49534.777327935226,55.0,0.9568151147098516,0.0,60.5,49.0,-10.0,7.85,17.61555330634278,0.17938427800269893,66.23245614035089,0,0,1,0,0,0,0
2964,54060,60.5,49.0,55.0,7.85,3.0,8.6,1920,419,10.0,-10,53.45788043478261,50.5,0.0,0.09,29.39,41.776156,-87.778927,6,49536.30354131535,55.0,0.9598650927487352,0.0,60.5,49.0,-10.0,7.85,17.610623946037098,0.17935413153456986,66.22715008431703,0,0,0,1,0,0,0
2965,54060,60.5,49.0,55.0,7.85,3.0,8.6,1920,419,10.0,-10,53.45788043478261,50.5,0.0,0.09,29.39,41.682587,-87.707973,6,49537.82872555631,55.0,0.9629130141604856,0.0,60.5,49.0,-10.0,7.85,17.60569790964261,0.17932400539447055,66.22184760620364,0,0,1,0,0,0,0
2966,54060,60.5,49.0,55.0,7.85,3.0,8.6,1920,419,10.0,-10,53.45788043478261,50.5,0.0,0.09,29.39,41.682587,-87.707973,6,49539.352881698695,55.0,0.965958881024604,0.0,60.5,49.0,-10.0,7.85,17.600775193798448,0.17929389956184688,66.21654870239298,0,0,0,1,0,0,0
2967,54060,60.5,49.0,55.0,7.85,3.0,8.6,1920,419,10.0,-10,53.45788043478261,50.5,0.0,0.09,29.39,41.732984,-87.649642,6,49540.87601078167,55.0,0.9690026954177896,0.0,60.5,49.0,-10.0,7.85,17.59585579514825,0.17926381401617242,66.21125336927224,0,0,1,0,0,0,0
2968,54060,60.5,49.0,55.0,7.85,3.0,8.6,1920,419,10.0,-10,53.45788043478261,50.5,0.0,0.09,29.39,41.732984,-87.649642,6,49542.398113843046,55.0,0.972044459413944,0.0,60.5,49.0,-10.0,7.85,17.59093971034018,0.1792337487369484,66.20596160323339,0,0,0,1,0,0,0
2969,54060,60.5,49.0,55.0,7.85,3.0,8.6,1920,419,10.0,-10,53.45788043478261,50.5,0.0,0.09,29.39,41.903002,-87.68826700000002,6,49543.9191919192,55.0,0.9750841750841752,0.0,60.5,49.0,-10.0,7.85,17.586026936026936,0.17920370370370364,66.2006734006734,0,1,0,0,0,0,0
2970,54060,60.5,49.0,55.0,7.85,3.0,8.6,1920,419,10.0,-10,53.45788043478261,50.5,0.0,0.09,29.39,41.903002,-87.68826700000002,6,49545.439246045105,55.0,0.9781218444968024,0.0,60.5,49.0,-10.0,7.85,17.581117468865706,0.17917367889599456,66.19538875799394,0,0,1,0,0,0,0
2971,54060,60.5,49.0,55.0,7.85,3.0,8.6,1920,419,10.0,-10,53.45788043478261,50.5,0.0,0.09,29.39,41.903002,-87.68826700000002,6,49546.958277254365,55.0,0.981157469717362,0.0,60.5,49.0,-10.0,7.85,17.576211305518168,0.17914367429340505,66.19010767160161,0,0,0,1,0,0,0
2972,54060,60.5,49.0,55.0,7.85,3.0,8.6,1920,419,10.0,-10,53.45788043478261,50.5,0.0,0.09,29.39,41.740641,-87.546587,6,49548.47628657922,55.0,0.9841910528086107,0.0,60.5,49.0,-10.0,7.85,17.571308442650526,0.17911368987554654,66.18483013790785,0,0,1,0,0,0,0
2973,54060,60.5,49.0,55.0,7.85,3.0,8.6,1920,419,10.0,-10,53.45788043478261,50.5,0.0,0.09,29.39,41.740641,-87.546587,6,49549.99327505044,55.0,0.9872225958305312,0.0,60.5,49.0,-10.0,7.85,17.566408876933426,0.1790837256220578,66.17955615332885,0,0,0,1,0,0,0
2974,54060,60.5,49.0,55.0,7.85,3.0,8.6,1920,419,10.0,-10,53.45788043478261,50.5,0.0,0.09,29.39,41.680946,-87.535198,6,49551.50924369748,55.0,0.990252100840336,0.0,60.5,49.0,-10.0,7.85,17.561512605042015,0.17905378151260504,66.17428571428572,0,0,1,0,0,0,0
2975,54060,60.5,49.0,55.0,7.85,3.0,8.6,1920,419,10.0,-10,53.45788043478261,50.5,0.0,0.09,29.39,41.963976,-87.69181,6,49553.02419354839,55.0,0.9932795698924732,0.0,60.5,49.0,-10.0,7.85,17.556619623655912,0.1790238575268817,66.16901881720429,0,0,1,0,0,0,0
2976,54060,60.5,49.0,55.0,7.85,3.0,8.6,1920,419,10.0,-10,53.45788043478261,50.5,0.0,0.09,29.39,41.963976,-87.69181,6,49554.538125629835,55.0,0.9963050050386296,0.0,60.5,49.0,-10.0,7.85,17.55172992945919,0.17899395364460868,66.16375545851528,0,0,0,1,0,0,0
2977,54060,60.5,49.0,55.0,7.85,3.0,8.6,1920,419,10.0,-10,53.45788043478261,50.5,0.0,0.09,29.39,41.659112,-87.53869300000002,6,49556.05104096709,55.0,0.9993284083277368,0.0,60.5,49.0,-10.0,7.85,17.546843519140364,0.17896406984553392,66.15849563465413,0,0,0,1,0,0,0
2978,54180,61.0,45.0,53.0,10.75,3.0,11.05,1921,418,12.0,-12,53.45788043478261,47.0,0.0,0.0,29.445,41.974689,-87.890615,6,49557.603222557904,55.0,1.003021148036254,0.0,60.5,49.0,-10.0,7.85,17.541960389392415,0.17890399462907014,66.15206445115811,0,0,1,0,0,0,0
2979,54180,61.0,45.0,53.0,10.75,3.0,11.05,1921,418,12.0,-12,53.45788043478261,47.0,0.0,0.0,29.445,41.974689,-87.890615,6,49559.154362416106,55.0,1.0067114093959733,0.0,60.5,49.0,-10.0,7.85,17.53708053691275,0.17884395973154366,66.14563758389261,0,0,0,1,0,0,0
2980,54180,61.0,45.0,53.0,10.75,3.0,11.05,1921,418,12.0,-12,53.45788043478261,47.0,0.0,0.0,29.445,41.957799,-87.930995,6,49560.70446159008,55.0,1.01039919490104,0.0,60.5,49.0,-10.0,7.85,17.53220395840322,0.1787839651123784,66.13921502851392,0,0,1,0,0,0,0
2981,54180,61.0,45.0,53.0,10.75,3.0,11.05,1921,418,12.0,-12,53.45788043478261,47.0,0.0,0.0,29.445,41.957799,-87.930995,6,49562.25352112676,55.0,1.0140845070422535,0.0,60.5,49.0,-10.0,7.85,17.527330650570086,0.17872401073105298,66.1327967806841,0,0,0,1,0,0,0
2982,54360,79.5,45.5,63.0,6.05,25.5,6.95,1923,417,2.0,-3,53.45788043478261,54.0,0.0,0.0,29.205,41.95469,-87.800991,6,49563.86188400938,55.0,1.0144150184378142,0.0,60.5,49.0,-10.0,7.85,17.53000335232987,0.17866409654710025,66.12872946697955,0,0,1,0,0,0,0
2983,54360,79.5,45.5,63.0,6.05,25.5,6.95,1923,417,2.0,-3,53.45788043478261,54.0,0.0,0.0,29.205,41.95469,-87.800991,6,49565.4691689008,55.0,1.014745308310992,0.0,60.5,49.0,-10.0,7.85,17.532674262734584,0.17860422252010724,66.12466487935657,0,0,0,1,0,0,0
2984,54360,79.5,45.5,63.0,6.05,25.5,6.95,1923,417,2.0,-3,53.45788043478261,54.0,0.0,0.0,29.205,41.964242,-87.757639,6,49567.075376884415,55.0,1.015075376884422,0.0,60.5,49.0,-10.0,7.85,17.53534338358459,0.17854438860971525,66.12060301507537,0,0,0,1,0,0,0
2985,54360,79.5,45.5,63.0,6.05,25.5,6.95,1923,417,2.0,-3,53.45788043478261,54.0,0.0,0.0,29.205,41.944869,-87.832763,6,49568.6805090422,53.0,1.015405224380442,0.0,61.0,49.0,-12.0,7.85,17.53801071667783,0.17848459477561954,66.11654387139987,0,0,1,0,0,0,0
2986,54360,79.5,45.5,63.0,6.05,25.5,6.95,1923,417,2.0,-3,53.45788043478261,54.0,0.0,0.0,29.205,41.944869,-87.832763,6,49570.28456645464,53.0,1.0157348510210913,0.0,61.0,49.0,-12.0,7.85,17.540676263809846,0.17842484097756947,66.1124874455976,0,0,0,1,0,0,0
2987,54360,79.5,45.5,63.0,6.05,25.5,6.95,1923,417,2.0,-3,53.45788043478261,54.0,0.0,0.0,29.205,41.991429,-87.747113,6,49571.8875502008,53.0,1.0160642570281124,0.0,61.0,49.0,-12.0,7.85,17.543340026773762,0.17836512717536815,66.10843373493978,0,0,1,0,0,0,0
2988,54360,79.5,45.5,63.0,6.05,25.5,6.95,1923,417,2.0,-3,53.45788043478261,54.0,0.0,0.0,29.205,41.991429,-87.747113,6,49573.489461358324,53.0,1.0163934426229508,0.0,61.0,45.0,-12.0,7.85,17.546002007360322,0.17830545332887254,66.10438273670124,0,0,0,1,0,0,0
2989,54360,79.5,45.5,63.0,6.05,25.5,6.95,1923,417,2.0,-3,53.45788043478261,54.0,0.0,0.0,29.205,42.010412,-87.66214000000002,6,49575.090301003336,63.0,1.0167224080267558,0.0,79.5,45.0,-3.0,7.85,17.54866220735786,0.17824581939799333,66.10033444816054,0,0,0,1,0,0,0
2990,54360,79.5,45.5,63.0,6.05,25.5,6.95,1923,417,2.0,-3,53.45788043478261,54.0,0.0,0.0,29.205,41.986921,-87.689778,6,49576.690070210636,63.0,1.0170511534603812,0.0,79.5,45.0,-3.0,7.85,17.551320628552325,0.17818622534269474,66.09628886659979,0,0,1,0,0,0,0
2991,54360,79.5,45.5,63.0,6.05,25.5,6.95,1923,417,2.0,-3,53.45788043478261,54.0,0.0,0.0,29.205,41.986921,-87.689778,6,49578.28877005348,63.0,1.017379679144385,0.0,79.5,45.0,-3.0,7.85,17.553977272727273,0.17812667112299466,66.09224598930481,0,0,0,1,0,0,0
2992,54360,79.5,45.5,63.0,6.05,25.5,6.95,1923,417,2.0,-3,53.45788043478261,54.0,0.0,0.0,29.205,41.89923,-87.716788,6,49579.88640160374,63.0,1.0177079852990312,0.0,79.5,45.5,-3.0,7.85,17.556632141663886,0.17806715669896425,66.08820581356498,0,0,1,0,0,0,0
2993,54360,79.5,45.5,63.0,6.05,25.5,6.95,1923,417,2.0,-3,53.45788043478261,54.0,0.0,0.0,29.205,41.89923,-87.716788,6,49581.48296593186,63.0,1.0180360721442885,0.0,79.5,45.5,-3.0,7.85,17.559285237140948,0.17800768203072814,66.08416833667334,0,0,0,1,0,0,0
2994,54360,79.5,45.5,63.0,6.05,25.5,6.95,1923,417,2.0,-3,53.45788043478261,54.0,0.0,0.0,29.205,41.801498,-87.763416,6,49583.078464106846,63.0,1.018363939899833,0.0,79.5,45.5,-3.0,7.85,17.561936560934893,0.17794824707846413,66.08013355592654,0,1,0,0,0,0,0
2995,54360,79.5,45.5,63.0,6.05,25.5,6.95,1923,417,2.0,-3,53.45788043478261,54.0,0.0,0.0,29.205,41.801498,-87.763416,6,49584.67289719626,63.0,1.0186915887850467,0.0,79.5,45.5,-3.0,7.85,17.56458611481976,0.1778888518024032,66.07610146862483,0,0,1,0,0,0,0
2996,54360,79.5,45.5,63.0,6.05,25.5,6.95,1923,417,2.0,-3,53.45788043478261,54.0,0.0,0.0,29.205,41.801498,-87.763416,6,49586.26626626627,63.0,1.019019019019019,0.0,79.5,45.5,-3.0,7.85,17.567233900567235,0.1778294961628295,66.07207207207206,0,0,0,1,0,0,0
2997,54360,79.5,45.5,63.0,6.05,25.5,6.95,1923,417,2.0,-3,53.45788043478261,54.0,0.0,0.0,29.205,41.906638,-87.701431,6,49587.85857238159,63.0,1.019346230820547,0.0,79.5,45.5,-3.0,7.85,17.56987991994663,0.17777018012008006,66.06804536357572,0,0,1,0,0,0,0
2998,54360,79.5,45.5,63.0,6.05,25.5,6.95,1923,417,2.0,-3,53.45788043478261,54.0,0.0,0.0,29.205,41.906638,-87.701431,6,49589.449816605535,63.0,1.019673224408136,0.0,79.5,45.5,-3.0,7.85,17.572524174724908,0.17771090363454484,66.06402134044681,0,0,0,1,0,0,0
2999,54360,79.5,45.5,63.0,6.05,25.5,6.95,1923,417,2.0,-3,53.45788043478261,54.0,0.0,0.0,29.205,41.911824,-87.726737,6,49591.04,63.0,1.02,0.0,79.5,45.5,-3.0,7.85,17.575166666666668,0.17765166666666668,66.06,0,0,1,0,0,0,0
3000,54360,79.5,45.5,63.0,6.05,25.5,6.95,1923,417,2.0,-3,53.45788043478261,54.0,0.0,0.0,29.205,41.891118,-87.65449100000002,6,49592.62912362546,63.0,1.020326557814062,0.0,79.5,45.5,-3.0,7.85,17.577807397534155,0.17759246917694102,66.05598133955348,0,0,0,1,0,0,0
3001,54360,79.5,45.5,63.0,6.05,25.5,6.95,1923,417,2.0,-3,53.45788043478261,54.0,0.0,0.0,29.205,41.868142,-87.696269,6,49594.21718854097,63.0,1.0206528980679548,0.0,79.5,45.5,-3.0,7.85,17.580446369087277,0.17753331112591608,66.05196535642904,0,0,1,0,0,0,0
3002,54360,79.5,45.5,63.0,6.05,25.5,6.95,1923,417,2.0,-3,53.45788043478261,54.0,0.0,0.0,29.205,41.868142,-87.696269,6,49595.80419580419,63.0,1.020979020979021,0.0,79.5,45.5,-3.0,7.85,17.583083583083578,0.1774741924741925,66.04795204795205,0,0,0,1,0,0,0
3003,54360,79.5,45.5,63.0,6.05,25.5,6.95,1923,417,2.0,-3,53.45788043478261,54.0,0.0,0.0,29.205,41.867108,-87.654224,6,49597.39014647136,63.0,1.0213049267643142,0.0,79.5,45.5,-3.0,7.85,17.585719041278296,0.17741511318242345,66.0439414114514,0,0,1,0,0,0,0
3004,54360,79.5,45.5,63.0,6.05,25.5,6.95,1923,417,2.0,-3,53.45788043478261,54.0,0.0,0.0,29.205,41.867108,-87.654224,6,49598.97504159733,63.0,1.0216306156405992,0.0,79.5,45.5,-3.0,7.85,17.588352745424288,0.1773560732113145,66.03993344425956,0,0,0,1,0,0,0
3005,54360,79.5,45.5,63.0,6.05,25.5,6.95,1923,417,2.0,-3,53.45788043478261,54.0,0.0,0.0,29.205,41.896282,-87.655232,6,49600.55888223553,63.0,1.0219560878243512,0.0,79.5,45.5,-3.0,7.85,17.590984697272123,0.17729707252162344,66.03592814371258,0,0,1,0,0,0,0
3006,54360,79.5,45.5,63.0,6.05,25.5,6.95,1923,417,2.0,-3,53.45788043478261,54.0,0.0,0.0,29.205,41.800737,-87.71188000000002,6,49602.14166943798,63.0,1.0222813435317593,0.0,79.5,45.5,-3.0,10.750000000000002,17.593614898570003,0.1772381110741603,66.03192550714998,0,0,1,0,0,0,0
3007,54360,79.5,45.5,63.0,6.05,25.5,6.95,1923,417,2.0,-3,53.45788043478261,54.0,0.0,0.0,29.205,41.82561,-87.726549,6,49603.723404255325,63.0,1.0226063829787233,0.0,79.5,45.5,-3.0,10.75,17.59624335106383,0.17717918882978725,66.02792553191489,0,1,0,0,0,0,0
3008,54360,79.5,45.5,63.0,6.05,25.5,6.95,1923,417,2.0,-3,53.45788043478261,54.0,0.0,0.0,29.205,41.82561,-87.726549,6,49605.30408773679,63.0,1.022931206380857,0.0,79.5,45.5,-3.0,10.75,17.598870056497177,0.17712030574941842,66.02392821535393,0,0,0,1,0,0,0
3009,54360,79.5,45.5,63.0,6.05,25.5,6.95,1923,417,2.0,-3,53.45788043478261,54.0,0.0,0.0,29.205,41.77166,-87.703047,6,49606.88372093024,63.0,1.0232558139534884,0.0,79.5,45.5,-3.0,10.75,17.6014950166113,0.17706146179401994,66.01993355481727,0,0,1,0,0,0,0
3010,54360,79.5,45.5,63.0,6.05,25.5,6.95,1923,417,2.0,-3,53.45788043478261,54.0,0.0,0.0,29.205,41.77166,-87.703047,6,49608.4623048821,63.0,1.0235802059116572,0.0,79.5,45.5,-3.0,6.050000000000002,17.604118233145133,0.1770026569246098,66.01594154765857,0,0,0,1,0,0,0
3011,54360,79.5,45.5,63.0,6.05,25.5,6.95,1923,417,2.0,-3,53.45788043478261,54.0,0.0,0.0,29.205,41.768388,-87.678649,6,49610.03984063745,63.0,1.0239043824701195,0.0,79.5,45.5,-3.0,6.0500000000000025,17.606739707835324,0.17694389110225764,66.01195219123504,0,0,0,1,0,0,0
3012,54360,79.5,45.5,63.0,6.05,25.5,6.95,1923,417,2.0,-3,53.45788043478261,54.0,0.0,0.0,29.205,41.773215,-87.60088,6,49611.61632923996,63.0,1.0242283438433455,0.0,79.5,45.5,-3.0,6.0500000000000025,17.609359442416196,0.17688516428808498,66.0079654829074,0,1,0,0,0,0,0
3013,54360,79.5,45.5,63.0,6.05,25.5,6.95,1923,417,2.0,-3,53.45788043478261,54.0,0.0,0.0,29.205,41.773215,-87.60088,6,49613.19177173192,63.0,1.024552090245521,0.0,79.5,45.5,-3.0,6.0500000000000025,17.611977438619775,0.17682647644326474,66.00398142003982,0,0,1,0,0,0,0
3014,54360,79.5,45.5,63.0,6.05,25.5,6.95,1923,417,2.0,-3,53.45788043478261,54.0,0.0,0.0,29.205,41.773215,-87.60088,6,49614.76616915423,63.0,1.0248756218905473,0.0,79.5,45.5,-3.0,6.0500000000000025,17.61459369817579,0.17676782752902154,66.0,0,0,0,1,0,0,0
3015,54360,79.5,45.5,63.0,6.05,25.5,6.95,1923,417,2.0,-3,53.45788043478261,54.0,0.0,0.0,29.205,41.822536,-87.66634300000004,6,49616.33952254642,63.0,1.0251989389920424,0.0,79.5,45.5,-3.0,6.0500000000000025,17.617208222811673,0.17670921750663132,65.99602122015915,0,0,0,1,0,0,0
3016,54360,79.5,45.5,63.0,6.05,25.5,6.95,1923,417,2.0,-3,53.45788043478261,54.0,0.0,0.0,29.205,41.803423,-87.642984,6,49617.911832946644,63.0,1.025522041763341,0.0,79.5,45.5,-3.0,6.0500000000000025,17.61982101425257,0.17665064633742128,65.99204507789194,0,0,1,0,0,0,0
3017,54360,79.5,45.5,63.0,6.05,25.5,6.95,1923,417,2.0,-3,53.45788043478261,54.0,0.0,0.0,29.205,41.803423,-87.642984,6,49619.48310139165,63.0,1.025844930417495,0.0,79.5,45.5,-3.0,6.0500000000000025,17.62243207422134,0.17659211398277005,65.98807157057654,0,0,0,1,0,0,0
3018,54360,79.5,45.5,63.0,6.05,25.5,6.95,1923,417,2.0,-3,53.45788043478261,54.0,0.0,0.0,29.205,41.723195,-87.64997,6,49621.05332891687,63.0,1.0261676051672741,0.0,79.5,45.5,-3.0,6.0500000000000025,17.625041404438555,0.17653362040410733,65.98410069559456,0,0,0,1,0,0,0
3019,54360,79.5,45.5,63.0,6.05,25.5,6.95,1923,417,2.0,-3,53.45788043478261,54.0,0.0,0.0,29.205,41.868077,-87.666901,6,49622.62251655629,63.0,1.0264900662251657,0.0,79.5,45.5,-3.0,6.0500000000000025,17.627649006622516,0.17647516556291393,65.98013245033114,0,0,1,0,0,0,0
3020,54360,79.5,45.5,63.0,6.05,25.5,6.95,1923,417,2.0,-3,53.45788043478261,54.0,0.0,0.0,29.205,41.720848,-87.666014,6,49624.190665342605,63.0,1.0268123138033765,0.0,79.5,45.5,-3.0,6.0500000000000025,17.630254882489243,0.17641674942072166,65.97616683217478,0,1,0,0,0,0,0
3021,54360,79.5,45.5,63.0,6.05,25.5,6.95,1923,417,2.0,-3,53.45788043478261,54.0,0.0,0.0,29.205,41.720848,-87.666014,6,49625.75777630708,63.0,1.027134348113832,0.0,79.5,45.5,-3.0,6.0500000000000025,17.632859033752478,0.1763583719391132,65.97220383851754,0,0,1,0,0,0,0
3022,54360,79.5,45.5,63.0,6.05,25.5,6.95,1923,417,2.0,-3,53.45788043478261,54.0,0.0,0.0,29.205,41.720848,-87.666014,6,49627.323850479646,63.0,1.0274561693681774,0.0,79.5,45.5,-3.0,6.0500000000000025,17.63546146212372,0.17630003307972214,65.96824346675488,0,0,0,1,0,0,0
3023,54360,79.5,45.5,63.0,6.05,25.5,6.95,1923,417,2.0,-3,53.45788043478261,54.0,0.0,0.0,29.205,41.704336,-87.70373599999998,6,49628.88888888888,63.0,1.0277777777777777,0.0,79.5,45.5,-3.0,6.0500000000000025,17.63806216931217,0.17624173280423286,65.96428571428571,0,1,0,0,0,0,0
3024,54360,79.5,45.5,63.0,6.05,25.5,6.95,1923,417,2.0,-3,53.45788043478261,54.0,0.0,0.0,29.205,41.750498,-87.605294,6,49630.45289256198,63.0,1.028099173553719,0.0,79.5,45.5,-3.0,6.0500000000000025,17.640661157024795,0.17618347107438018,65.9603305785124,0,0,1,0,0,0,0
3025,54360,79.5,45.5,63.0,6.05,25.5,6.95,1923,417,2.0,-3,53.45788043478261,54.0,0.0,0.0,29.205,41.750498,-87.605294,6,49632.01586252479,63.0,1.0284203569068078,0.0,79.5,45.5,-3.0,6.0500000000000025,17.643258426966288,0.17612524785194975,65.95637805684072,0,0,0,1,0,0,0
3026,54360,79.5,45.5,63.0,6.05,25.5,6.95,1923,417,2.0,-3,53.45788043478261,54.0,0.0,0.0,29.205,41.798697,-87.736812,6,49633.57779980179,63.0,1.0287413280475721,0.0,79.5,45.5,-3.0,6.0500000000000025,17.645853980839114,0.17606706309877768,65.95242814667988,0,1,0,0,0,0,0
3027,54360,79.5,45.5,63.0,6.05,25.5,6.95,1923,417,2.0,-3,53.45788043478261,54.0,0.0,0.0,29.205,41.798697,-87.736812,6,49635.138705416124,63.0,1.0290620871862617,0.0,79.5,45.5,-3.0,6.0500000000000025,17.64844782034346,0.17600891677675035,65.94848084544253,0,0,1,0,0,0,0
3028,54360,79.5,45.5,63.0,6.05,25.5,6.95,1923,417,2.0,-3,53.45788043478261,54.0,0.0,0.0,29.205,41.673408,-87.599862,6,49636.69858038957,63.0,1.0293826345328492,0.0,79.5,45.5,-3.0,6.0500000000000025,17.651039947177285,0.17595080884780456,65.94453615054474,0,0,1,0,0,0,0
3029,54360,79.5,45.5,63.0,6.05,25.5,6.95,1923,417,2.0,-3,53.45788043478261,54.0,0.0,0.0,29.205,41.662014,-87.72460799999998,6,49638.257425742566,63.0,1.0297029702970295,0.0,79.5,45.5,-3.0,6.0500000000000025,17.653630363036303,0.1758927392739274,65.94059405940594,0,1,0,0,0,0,0
3030,54360,79.5,45.5,63.0,6.05,25.5,6.95,1923,417,2.0,-3,53.45788043478261,54.0,0.0,0.0,29.205,41.662014,-87.72460799999998,6,49639.81524249423,63.0,1.0300230946882216,0.0,79.5,45.5,-3.0,6.0500000000000025,17.65621906961399,0.17583470801715606,65.93665456944903,0,0,1,0,0,0,0
3031,54360,79.5,45.5,63.0,6.05,25.5,6.95,1923,417,2.0,-3,53.45788043478261,54.0,0.0,0.0,29.205,41.662014,-87.72460799999998,6,49641.372031662264,63.0,1.030343007915567,0.0,79.5,45.5,-3.0,6.0500000000000025,17.658806068601578,0.17577671503957784,65.93271767810026,0,0,0,1,0,0,0
3032,54360,79.5,45.5,63.0,6.05,25.5,6.95,1923,417,2.0,-3,53.45788043478261,54.0,0.0,0.0,29.205,41.94016,-87.794896,6,49642.927794263116,63.0,1.0306627101879329,0.0,79.5,45.5,-3.0,6.0500000000000025,17.661391361688093,0.17571876030333006,65.92878338278932,0,0,0,1,0,0,0
3033,54360,79.5,45.5,63.0,6.05,25.5,6.95,1923,417,2.0,-3,53.45788043478261,54.0,0.0,0.0,29.205,41.932094,-87.700117,6,49644.4825313118,63.0,1.030982201713909,0.0,79.5,45.5,-3.0,6.0500000000000025,17.663974950560316,0.17566084377059987,65.92485168094925,0,0,1,0,0,0,0
3034,54360,79.5,45.5,63.0,6.05,25.5,6.95,1923,417,2.0,-3,53.45788043478261,54.0,0.0,0.0,29.205,41.932094,-87.700117,6,49646.03624382208,63.0,1.0313014827018119,0.0,79.5,45.5,-3.0,6.0500000000000025,17.6665568369028,0.17560296540362438,65.92092257001647,0,0,0,1,0,0,0
3035,54360,79.5,45.5,63.0,6.05,25.5,6.95,1923,417,2.0,-3,53.45788043478261,54.0,0.0,0.0,29.205,41.916265,-87.800515,6,49647.58893280633,63.0,1.0316205533596838,0.0,79.5,45.5,-3.0,6.0500000000000025,17.66913702239789,0.1755451251646904,65.91699604743083,0,0,1,0,0,0,0
3036,54360,79.5,45.5,63.0,6.05,25.5,6.95,1923,417,2.0,-3,53.45788043478261,54.0,0.0,0.0,29.205,41.916265,-87.800515,6,49649.1405992756,63.0,1.031939413895291,0.0,79.5,45.5,-3.0,6.0500000000000025,17.671715508725715,0.17548732301613434,65.9130721106355,0,0,0,1,0,0,0
3037,54360,79.5,45.5,63.0,6.05,25.5,6.95,1923,417,2.0,-3,53.45788043478261,54.0,0.0,0.0,29.205,41.846075,-87.716277,6,49650.69124423963,63.0,1.032258064516129,0.0,79.5,45.5,-3.0,6.0500000000000025,17.674292297564186,0.17542955892034234,65.90915075707703,0,0,0,1,0,0,0
3038,54360,79.5,45.5,63.0,6.05,25.5,6.95,1923,417,2.0,-3,53.45788043478261,54.0,0.0,0.0,29.205,41.907645,-87.760886,6,49652.24086870682,63.0,1.0325765054294176,0.0,79.5,45.5,-3.0,6.0500000000000025,17.67686739058901,0.17537183283974994,65.90523198420533,0,0,1,0,0,0,0
3039,54360,79.5,45.5,63.0,6.05,25.5,6.95,1923,417,2.0,-3,53.45788043478261,54.0,0.0,0.0,29.205,41.907645,-87.760886,6,49653.789473684206,63.0,1.0328947368421053,0.0,79.5,45.5,-3.0,6.0500000000000025,17.679440789473684,0.17531414473684212,65.90131578947367,0,0,0,1,0,0,0
3040,54360,79.5,45.5,63.0,6.05,25.5,6.95,1923,417,2.0,-3,53.45788043478261,54.0,0.0,0.0,29.205,41.776156,-87.778927,6,49655.337060177575,63.0,1.0332127589608682,0.0,79.5,45.5,-3.0,6.0500000000000025,17.682012495889513,0.17525649457415327,65.89740217033871,0,0,1,0,0,0,0
3041,54360,79.5,45.5,63.0,6.05,25.5,6.95,1923,417,2.0,-3,53.45788043478261,54.0,0.0,0.0,29.205,41.776156,-87.778927,6,49656.883629191325,63.0,1.0335305719921104,0.0,79.5,45.5,-3.0,6.0500000000000025,17.68458251150559,0.17519888231426695,65.89349112426035,0,0,0,1,0,0,0
3042,54360,79.5,45.5,63.0,6.05,25.5,6.95,1923,417,2.0,-3,53.45788043478261,54.0,0.0,0.0,29.205,41.682587,-87.707973,6,49658.42918172856,63.0,1.0338481761419651,0.0,79.5,45.5,-3.0,6.0500000000000025,17.687150837988828,0.175141307919816,65.88958264870193,0,0,1,0,0,0,0
3043,54360,79.5,45.5,63.0,6.05,25.5,6.95,1923,417,2.0,-3,53.45788043478261,54.0,0.0,0.0,29.205,41.682587,-87.707973,6,49659.973718791065,63.0,1.0341655716162943,0.0,79.5,45.5,-3.0,6.0500000000000025,17.689717477003942,0.17508377135348227,65.8856767411301,0,0,0,1,0,0,0
3044,54360,79.5,45.5,63.0,6.05,25.5,6.95,1923,417,2.0,-3,53.45788043478261,54.0,0.0,0.0,29.205,41.732984,-87.649642,6,49661.51724137932,63.0,1.0344827586206895,0.0,79.5,45.5,-3.0,6.0500000000000025,17.692282430213467,0.17502627257799672,65.88177339901478,0,1,0,0,0,0,0
3045,54360,79.5,45.5,63.0,6.05,25.5,6.95,1923,417,2.0,-3,53.45788043478261,54.0,0.0,0.0,29.205,41.732984,-87.649642,6,49663.05975049245,63.0,1.0347997373604727,0.0,79.5,45.5,-3.0,6.0500000000000025,17.694845699277742,0.17496881155613922,65.87787261982929,0,0,1,0,0,0,0
3046,54360,79.5,45.5,63.0,6.05,25.5,6.95,1923,417,2.0,-3,53.45788043478261,54.0,0.0,0.0,29.205,41.732984,-87.649642,6,49664.60124712833,63.0,1.0351165080406957,0.0,79.5,45.5,-3.0,6.0500000000000025,17.69740728585494,0.17491138825073846,65.87397440105022,0,0,0,1,0,0,0
3047,54360,79.5,45.5,63.0,6.05,25.5,6.95,1923,417,2.0,-3,53.45788043478261,54.0,0.0,0.0,29.205,41.740641,-87.546587,6,49666.14173228347,63.0,1.0354330708661417,0.0,79.5,45.5,-3.0,6.0500000000000025,17.69996719160105,0.17485400262467193,65.87007874015748,0,0,1,0,0,0,0
3048,54360,79.5,45.5,63.0,6.05,25.5,6.95,1923,417,2.0,-3,53.45788043478261,54.0,0.0,0.0,29.205,41.740641,-87.546587,6,49667.68120695309,63.0,1.035749426041325,0.0,79.5,45.5,-3.0,6.0500000000000025,17.70252541816989,0.17479665464086588,65.86618563463429,0,0,0,1,0,0,0
3049,54360,79.5,45.5,63.0,6.05,25.5,6.95,1923,417,2.0,-3,53.45788043478261,54.0,0.0,0.0,29.205,41.740641,-87.546587,6,49669.219672131156,63.0,1.0360655737704918,0.0,79.5,45.5,-3.0,6.0500000000000025,17.705081967213115,0.1747393442622951,65.86229508196722,0,0,0,0,0,0,1
3050,54360,79.5,45.5,63.0,6.05,25.5,6.95,1923,417,2.0,-3,53.45788043478261,54.0,0.0,0.0,29.205,41.680946,-87.535198,6,49670.75712881023,63.0,1.0363815142576205,0.0,79.5,45.5,-3.0,6.0500000000000025,17.707636840380204,0.17468207145198295,65.858407079646,0,0,1,0,0,0,0
3051,54360,79.5,45.5,63.0,6.05,25.5,6.95,1923,417,2.0,-3,53.45788043478261,54.0,0.0,0.0,29.205,41.948167,-87.730698,6,49672.29357798165,63.0,1.036697247706422,0.0,79.5,45.5,-3.0,6.0500000000000025,17.71019003931848,0.1746248361730013,65.85452162516383,0,0,1,0,0,0,0
3052,54360,79.5,45.5,63.0,6.05,25.5,6.95,1923,417,2.0,-3,53.45788043478261,54.0,0.0,0.0,29.205,41.948167,-87.730698,6,49673.829020635436,63.0,1.0370127743203406,0.0,79.5,45.5,-3.0,6.0500000000000025,17.71274156567311,0.17456763838847034,65.85063871601703,0,0,0,1,0,0,0
3053,54360,79.5,45.5,63.0,6.05,25.5,6.95,1923,417,2.0,-3,53.45788043478261,54.0,0.0,0.0,29.205,41.963976,-87.69181,6,49675.36345776032,63.0,1.0373280943025542,0.0,79.5,45.5,-3.0,6.0500000000000025,17.715291421087098,0.17451047806155862,65.84675834970531,0,0,1,0,0,0,0
3054,54360,79.5,45.5,63.0,6.05,25.5,6.95,1923,417,2.0,-3,53.45788043478261,54.0,0.0,0.0,29.205,41.974689,-87.890615,6,49676.8968903437,63.0,1.037643207855974,0.0,79.5,45.5,-3.0,6.0500000000000025,17.71783960720131,0.17445335515548285,65.84288052373161,0,0,1,0,0,0,0
3055,54360,79.5,45.5,63.0,6.05,25.5,6.95,1923,417,2.0,-3,53.45788043478261,54.0,0.0,0.0,29.205,41.974689,-87.890615,6,49678.42931937173,63.0,1.037958115183246,0.0,79.5,45.5,-3.0,6.0500000000000025,17.72038612565445,0.17439626963350788,65.83900523560209,0,0,0,1,0,0,0
3056,54360,79.5,45.5,63.0,6.05,25.5,6.95,1923,417,2.0,-3,53.45788043478261,54.0,0.0,0.0,29.205,41.957799,-87.930995,6,49679.960745829245,63.0,1.0382728164867516,0.0,79.5,45.5,-3.0,6.0500000000000025,17.722930978083085,0.1743392214589467,65.8351324828263,0,0,1,0,0,0,0
3057,54660,73.0,49.5,61.5,4.7,6.5,6.25,1927,416,3.5,-6,53.45788043478261,55.0,0.0,0.0,29.27,41.95469,-87.800991,6,49681.58927403532,63.0,1.0390778286461742,0.0,79.5,45.5,-3.0,6.0500000000000025,17.719260954872464,0.17428221059516025,65.83158927403532,0,1,0,0,0,0,0
3058,54660,73.0,49.5,61.5,4.7,6.5,6.25,1927,416,3.5,-6,53.45788043478261,55.0,0.0,0.0,29.27,41.95469,-87.800991,6,49683.21673749592,63.0,1.0398823144818568,0.0,79.5,45.5,-3.0,6.0500000000000025,17.715593331153972,0.1742252370055574,65.82804838182413,0,0,1,0,0,0,0
3059,54660,73.0,49.5,61.5,4.7,6.5,6.25,1927,416,3.5,-6,53.45788043478261,55.0,0.0,0.0,29.27,41.95469,-87.800991,6,49684.8431372549,63.0,1.040686274509804,0.0,79.5,45.5,-3.0,6.0500000000000025,17.711928104575165,0.1741683006535948,65.82450980392157,0,0,0,1,0,0,0
3060,54660,73.0,49.5,61.5,4.7,6.5,6.25,1927,416,3.5,-6,53.45788043478261,55.0,0.0,0.0,29.27,41.964242,-87.757639,6,49686.468474354784,63.0,1.0414897092453446,0.0,79.5,45.5,-3.0,6.0500000000000025,17.708265272786672,0.17411140150277687,65.82097353805946,0,0,1,0,0,0,0
3061,54660,73.0,49.5,61.5,4.7,6.5,6.25,1927,416,3.5,-6,53.45788043478261,55.0,0.0,0.0,29.27,41.964242,-87.757639,6,49688.09274983671,63.0,1.0422926192031352,0.0,79.5,45.5,-3.0,6.0500000000000025,17.704604833442193,0.17405453951665578,65.81743958197256,0,0,0,1,0,0,0
3062,54660,73.0,49.5,61.5,4.7,6.5,6.25,1927,416,3.5,-6,53.45788043478261,55.0,0.0,0.0,29.27,42.008314,-87.77792099999998,6,49689.71596474045,63.0,1.0430950048971597,0.0,79.5,45.5,-3.0,6.0500000000000025,17.700946784198496,0.17399771465883124,65.81390793339862,0,1,0,0,0,0,0
3063,54660,73.0,49.5,61.5,4.7,6.5,6.25,1927,416,3.5,-6,53.45788043478261,55.0,0.0,0.0,29.27,42.008314,-87.77792099999998,6,49691.33812010443,63.0,1.0438968668407311,0.0,79.5,45.5,-3.0,6.0500000000000025,17.697291122715406,0.1739409268929504,65.81037859007833,0,0,1,0,0,0,0
3064,54660,73.0,49.5,61.5,4.7,6.5,6.25,1927,416,3.5,-6,53.45788043478261,55.0,0.0,0.0,29.27,42.008314,-87.77792099999998,6,49692.95921696574,61.5,1.0446982055464926,0.0,73.0,45.5,-6.0,6.0500000000000025,17.69363784665579,0.17388417618270802,65.80685154975532,0,0,0,1,0,0,0
3065,54660,73.0,49.5,61.5,4.7,6.5,6.25,1927,416,3.5,-6,53.45788043478261,55.0,0.0,0.0,29.27,41.98196400000001,-87.812827,6,49694.57925636008,61.5,1.0454990215264188,0.0,73.0,45.5,-6.0,6.0500000000000025,17.689986953685587,0.17382746249184608,65.80332681017613,0,0,0,1,0,0,0
3066,54660,73.0,49.5,61.5,4.7,6.5,6.25,1927,416,3.5,-6,53.45788043478261,55.0,0.0,0.0,29.27,41.99247800000001,-87.862995,6,49696.19823932181,61.5,1.0462993152918159,0.0,73.0,45.5,-6.0,6.0500000000000025,17.686338441473755,0.17377078578415392,65.79980436909031,0,0,0,1,0,0,0
3067,54660,73.0,49.5,61.5,4.7,6.5,6.25,1927,416,3.5,-6,53.45788043478261,55.0,0.0,0.0,29.27,41.944869,-87.832763,6,49697.81616688397,61.5,1.0470990873533246,0.0,73.0,49.5,-6.0,6.0500000000000025,17.68269230769231,0.17371414602346807,65.79628422425033,0,0,1,0,0,0,0
3068,54660,73.0,49.5,61.5,4.7,6.5,6.25,1927,416,3.5,-6,53.45788043478261,55.0,0.0,0.0,29.27,41.944869,-87.832763,6,49699.433040078206,61.5,1.0478983382209188,0.0,73.0,49.5,-6.0,6.0500000000000025,17.679048550016297,0.1736575431736722,65.79276637341154,0,0,0,1,0,0,0
3069,54660,73.0,49.5,61.5,4.7,6.5,6.25,1927,416,3.5,-6,53.45788043478261,55.0,0.0,0.0,29.27,41.991429,-87.747113,6,49701.04885993485,61.5,1.0486970684039087,0.0,73.0,49.5,-6.0,6.0500000000000025,17.67540716612378,0.17360097719869708,65.78925081433225,0,1,0,0,0,0,0
3070,54660,73.0,49.5,61.5,4.7,6.5,6.25,1927,416,3.5,-6,53.45788043478261,55.0,0.0,0.0,29.27,41.991429,-87.747113,6,49702.66362748291,61.5,1.0494952784109408,0.0,73.0,49.5,-6.0,6.0500000000000025,17.67176815369586,0.17354444806252034,65.7857375447737,0,0,1,0,0,0,0
3071,54660,73.0,49.5,61.5,4.7,6.5,6.25,1927,416,3.5,-6,53.45788043478261,55.0,0.0,0.0,29.27,41.991429,-87.747113,6,49704.27734375,61.5,1.05029296875,0.0,73.0,49.5,-6.0,6.0500000000000025,17.668131510416668,0.17348795572916667,65.7822265625,0,0,0,1,0,0,0
3072,54660,73.0,49.5,61.5,4.7,6.5,6.25,1927,416,3.5,-6,53.45788043478261,55.0,0.0,0.0,29.27,42.011601,-87.81150600000002,6,49705.89000976245,61.5,1.0510901399284087,0.0,73.0,49.5,-6.0,6.0500000000000025,17.664497233973318,0.17343150016270747,65.77871786527821,0,0,1,0,0,0,0
3073,54660,73.0,49.5,61.5,4.7,6.5,6.25,1927,416,3.5,-6,53.45788043478261,55.0,0.0,0.0,29.27,42.011601,-87.81150600000002,6,49707.501626545214,61.5,1.05188679245283,0.0,73.0,49.5,-6.0,6.0500000000000025,17.66086532205595,0.1733750813272609,65.77521145087833,0,0,0,1,0,0,0
3074,54660,73.0,49.5,61.5,4.7,6.5,6.25,1927,416,3.5,-6,53.45788043478261,55.0,0.0,0.0,29.27,41.960616,-87.777189,6,49709.112195121954,61.5,1.0526829268292683,0.0,73.0,49.5,-6.0,6.0500000000000025,17.657235772357726,0.1733186991869919,65.77170731707318,0,0,1,0,0,0,0
3075,54660,73.0,49.5,61.5,4.7,6.5,6.25,1927,416,3.5,-6,53.45788043478261,55.0,0.0,0.0,29.27,42.010412,-87.66214000000002,6,49710.72171651496,61.5,1.0534785435630691,0.0,73.0,49.5,-6.0,6.0500000000000025,17.653608582574773,0.17326235370611184,65.76820546163849,0,1,0,0,0,0,0
3076,54660,73.0,49.5,61.5,4.7,6.5,6.25,1927,416,3.5,-6,53.45788043478261,55.0,0.0,0.0,29.27,42.010412,-87.66214000000002,6,49712.330191745205,61.5,1.0542736431589208,0.0,73.0,49.5,-6.0,6.0500000000000025,17.64998375040624,0.1732060448488788,65.76470588235293,0,0,1,0,0,0,0
3077,54660,73.0,49.5,61.5,4.7,6.5,6.25,1927,416,3.5,-6,53.45788043478261,55.0,0.0,0.0,29.27,41.986921,-87.689778,6,49713.93762183237,61.5,1.0550682261208577,0.0,73.0,49.5,-6.0,6.0500000000000025,17.646361273554252,0.17314977257959716,65.76120857699804,0,1,0,0,0,0,0
3078,54660,73.0,49.5,61.5,4.7,6.5,6.25,1927,416,3.5,-6,53.45788043478261,55.0,0.0,0.0,29.27,41.986921,-87.689778,6,49715.544007794735,61.5,1.0558622929522572,0.0,73.0,49.5,-6.0,6.0500000000000025,17.642741149723932,0.17309353686261775,65.75771354335824,0,0,1,0,0,0,0
3079,54660,73.0,49.5,61.5,4.7,6.5,6.25,1927,416,3.5,-6,53.45788043478261,55.0,0.0,0.0,29.27,41.986921,-87.689778,6,49717.14935064934,61.5,1.0566558441558442,0.0,73.0,49.5,-6.0,6.0500000000000025,17.639123376623374,0.17303733766233767,65.75422077922077,0,0,0,1,0,0,0
3080,54660,73.0,49.5,61.5,4.7,6.5,6.25,1927,416,3.5,-6,53.45788043478261,55.0,0.0,0.0,29.27,41.89923,-87.716788,6,49718.753651411884,61.5,1.0574488802336903,0.0,73.0,49.5,-6.0,6.0500000000000025,17.63550795196365,0.17298117494320028,65.75073028237586,0,1,0,0,0,0,0
3081,54660,73.0,49.5,61.5,4.7,6.5,6.25,1927,416,3.5,-6,53.45788043478261,55.0,0.0,0.0,29.27,41.89923,-87.716788,6,49720.35691109669,61.5,1.058241401687216,0.0,73.0,49.5,-6.0,6.0500000000000025,17.631894873458798,0.17292504866969502,65.74724205061648,0,0,1,0,0,0,0
3082,54660,73.0,49.5,61.5,4.7,6.5,6.25,1927,416,3.5,-6,53.45788043478261,55.0,0.0,0.0,29.27,41.89923,-87.716788,6,49721.95913071684,61.5,1.0590334090171911,0.0,73.0,49.5,-6.0,6.0500000000000025,17.62828413882582,0.17286895880635747,65.74375608173857,0,0,0,1,0,0,0
3083,54660,73.0,49.5,61.5,4.7,6.5,6.25,1927,416,3.5,-6,53.45788043478261,55.0,0.0,0.0,29.27,41.801498,-87.763416,6,49723.560311284054,61.5,1.0598249027237354,0.0,73.0,49.5,-6.0,6.0500000000000025,17.624675745784696,0.17281290531776913,65.74027237354086,0,0,1,0,0,0,0
3084,54660,73.0,49.5,61.5,4.7,6.5,6.25,1927,416,3.5,-6,53.45788043478261,55.0,0.0,0.0,29.27,41.801498,-87.763416,6,49725.16045380875,61.5,1.0606158833063208,0.0,73.0,49.5,-6.0,6.0500000000000025,17.621069692058345,0.17275688816855755,65.73679092382496,0,0,0,1,0,0,0
3085,54660,73.0,49.5,61.5,4.7,6.5,6.25,1927,416,3.5,-6,53.45788043478261,55.0,0.0,0.0,29.27,41.906638,-87.701431,6,49726.759559300066,61.5,1.061406351263772,0.0,73.0,49.5,-6.0,4.700000000000002,17.61746597537265,0.172700907323396,65.73331173039533,0,0,0,1,0,0,0
3086,54660,73.0,49.5,61.5,4.7,6.5,6.25,1927,416,3.5,-6,53.45788043478261,55.0,0.0,0.0,29.27,41.891118,-87.65449100000002,6,49728.35762876579,61.5,1.0621963070942664,0.0,73.0,49.5,-6.0,4.700000000000002,17.61386459345643,0.17264496274700358,65.72983479105929,0,0,1,0,0,0,0
3087,54660,73.0,49.5,61.5,4.7,6.5,6.25,1927,416,3.5,-6,53.45788043478261,55.0,0.0,0.0,29.27,41.891118,-87.65449100000002,6,49729.95466321243,61.5,1.062985751295337,0.0,73.0,49.5,-6.0,4.700000000000002,17.61026554404145,0.1725890544041451,65.72636010362694,0,0,0,1,0,0,0
3088,54660,73.0,49.5,61.5,4.7,6.5,6.25,1927,416,3.5,-6,53.45788043478261,55.0,0.0,0.0,29.27,41.868142,-87.696269,6,49731.55066364518,61.5,1.0637746843638718,0.0,73.0,49.5,-6.0,4.700000000000002,17.606668824862414,0.17253318225963096,65.72288766591129,0,0,1,0,0,0,0
3089,54660,73.0,49.5,61.5,4.7,6.5,6.25,1927,416,3.5,-6,53.45788043478261,55.0,0.0,0.0,29.27,41.867108,-87.654224,6,49733.14563106797,61.5,1.0645631067961163,0.0,73.0,49.5,-6.0,4.700000000000002,17.603074433656953,0.17247734627831718,65.71941747572815,0,1,0,0,0,0,0
3090,54660,73.0,49.5,61.5,4.7,6.5,6.25,1927,416,3.5,-6,53.45788043478261,55.0,0.0,0.0,29.27,41.867108,-87.654224,6,49734.73956648334,61.5,1.0653510190876738,0.0,73.0,49.5,-6.0,4.700000000000002,17.599482368165642,0.17242154642510515,65.71594953089615,0,0,1,0,0,0,0
3091,54660,73.0,49.5,61.5,4.7,6.5,6.25,1927,416,3.5,-6,53.45788043478261,55.0,0.0,0.0,29.27,41.867108,-87.654224,6,49736.332470892616,61.5,1.066138421733506,0.0,73.0,49.5,-6.0,4.700000000000002,17.595892626131953,0.1723657826649418,65.71248382923675,0,0,0,1,0,0,0
3092,54660,73.0,49.5,61.5,4.7,6.5,6.25,1927,416,3.5,-6,53.45788043478261,55.0,0.0,0.0,29.27,41.896282,-87.655232,6,49737.92434529583,61.5,1.066925315227934,0.0,73.0,49.5,-6.0,4.700000000000002,17.592305205302296,0.1723100549628193,65.7090203685742,0,1,0,0,0,0,0
3093,54660,73.0,49.5,61.5,4.7,6.5,6.25,1927,416,3.5,-6,53.45788043478261,55.0,0.0,0.0,29.27,41.896282,-87.655232,6,49739.51519069166,61.5,1.0677117000646412,0.0,73.0,49.5,-6.0,4.700000000000002,17.588720103425985,0.17225436328377505,65.70555914673562,0,0,1,0,0,0,0
3094,54660,73.0,49.5,61.5,4.7,6.5,6.25,1927,416,3.5,-6,53.45788043478261,55.0,0.0,0.0,29.27,41.896282,-87.655232,6,49741.105008077546,61.5,1.068497576736672,0.0,73.0,49.5,-6.0,4.700000000000002,17.58513731825525,0.17219870759289174,65.70210016155089,0,0,0,1,0,0,0
3095,54660,73.0,49.5,61.5,4.7,6.5,6.25,1927,416,3.5,-6,53.45788043478261,55.0,0.0,0.0,29.27,41.921965,-87.632085,6,49742.69379844961,61.5,1.069282945736434,0.0,73.0,49.5,-6.0,4.700000000000002,17.581556847545222,0.17214308785529714,65.69864341085271,0,0,1,0,0,0,0
3096,54660,73.0,49.5,61.5,4.7,6.5,6.25,1927,416,3.5,-6,53.45788043478261,55.0,0.0,0.0,29.27,41.921965,-87.632085,6,49744.28156280272,61.5,1.070067807555699,0.0,73.0,49.5,-6.0,4.700000000000002,17.577978689053925,0.17208750403616405,65.6951888924766,0,0,0,1,0,0,0
3097,54660,73.0,49.5,61.5,4.7,6.5,6.25,1927,416,3.5,-6,53.45788043478261,55.0,0.0,0.0,29.27,41.801179,-87.679447,6,49745.86830213041,61.5,1.0708521626856036,0.0,73.0,49.5,-6.0,4.700000000000002,17.574402840542284,0.17203195610071015,65.69173660426081,0,0,1,0,0,0,0
3098,54660,73.0,49.5,61.5,4.7,6.5,6.25,1927,416,3.5,-6,53.45788043478261,55.0,0.0,0.0,29.27,41.801179,-87.679447,6,49747.45401742498,61.5,1.0716360116166506,0.0,73.0,49.5,-6.0,4.700000000000002,17.570829299774122,0.17197644401419815,65.68828654404646,0,0,0,1,0,0,0
3099,54660,73.0,49.5,61.5,4.7,6.5,6.25,1927,416,3.5,-6,53.45788043478261,55.0,0.0,0.0,29.27,41.800737,-87.71188000000002,6,49749.03870967742,61.5,1.0724193548387098,0.0,73.0,49.5,-6.0,4.700000000000002,17.567258064516132,0.1719209677419355,65.68483870967742,0,0,1,0,0,0,0
3100,54660,73.0,49.5,61.5,4.7,6.5,6.25,1927,416,3.5,-6,53.45788043478261,55.0,0.0,0.0,29.27,41.800737,-87.71188000000002,6,49750.62237987746,61.5,1.0732021928410191,0.0,73.0,49.5,-6.0,4.700000000000002,17.563689132537892,0.17186552724927445,65.68139309900032,0,0,0,1,0,0,0
3101,54660,73.0,49.5,61.5,4.7,6.5,6.25,1927,416,3.5,-6,53.45788043478261,55.0,0.0,0.0,29.27,41.82561,-87.726549,6,49752.20502901354,61.5,1.0739845261121856,0.0,73.0,49.5,-6.0,4.700000000000002,17.560122501611865,0.17181012250161187,65.67794970986459,0,1,0,0,0,0,0
3102,54660,73.0,49.5,61.5,4.7,6.5,6.25,1927,416,3.5,-6,53.45788043478261,55.0,0.0,0.0,29.27,41.82561,-87.726549,6,49753.78665807283,61.5,1.074766355140187,0.0,73.0,49.5,-6.0,4.700000000000002,17.556558169513373,0.17175475346438931,65.67450854012246,0,0,1,0,0,0,0
3103,54660,73.0,49.5,61.5,4.7,6.5,6.25,1927,416,3.5,-6,53.45788043478261,55.0,0.0,0.0,29.27,41.82561,-87.726549,6,49755.36726804124,61.5,1.0755476804123711,0.0,73.0,49.5,-6.0,4.700000000000002,17.552996134020614,0.1716994201030928,65.67106958762886,0,0,0,1,0,0,0
3104,54660,73.0,49.5,61.5,4.7,6.5,6.25,1927,416,3.5,-6,53.45788043478261,55.0,0.0,0.0,29.27,41.77166,-87.703047,6,49756.94685990338,61.5,1.0763285024154592,0.0,73.0,49.5,-6.0,4.700000000000002,17.549436392914654,0.17164412238325286,65.66763285024155,0,0,1,0,0,0,0
3105,54660,73.0,49.5,61.5,4.7,6.5,6.25,1927,416,3.5,-6,53.45788043478261,55.0,0.0,0.0,29.27,41.77166,-87.703047,6,49758.52543464263,61.5,1.077108821635544,0.0,73.0,49.5,-6.0,4.700000000000002,17.545878943979396,0.17158886027044432,65.66419832582099,0,0,0,1,0,0,0
3106,54660,73.0,49.5,61.5,4.7,6.5,6.25,1927,416,3.5,-6,53.45788043478261,55.0,0.0,0.0,29.27,41.768388,-87.678649,6,49760.10299324107,61.5,1.0778886385580946,0.0,73.0,49.5,-6.0,4.700000000000002,17.54232378500161,0.17153363373028646,65.66076601223045,0,0,1,0,0,0,0
3107,54660,73.0,49.5,61.5,4.7,6.5,6.25,1927,416,3.5,-6,53.45788043478261,55.0,0.0,0.0,29.27,41.768388,-87.678649,6,49761.679536679534,61.5,1.0786679536679538,0.0,73.0,49.5,-6.0,4.700000000000002,17.538770913770914,0.17147844272844273,65.6573359073359,0,0,0,1,0,0,0
3108,54660,73.0,49.5,61.5,4.7,6.5,6.25,1927,416,3.5,-6,53.45788043478261,55.0,0.0,0.0,29.27,41.773215,-87.60088,6,49763.2550659376,61.5,1.0794467674493406,0.0,73.0,49.5,-6.0,4.700000000000002,17.535220328079767,0.17142328723062078,65.65390800900612,0,0,1,0,0,0,0
3109,54660,73.0,49.5,61.5,4.7,6.5,6.25,1927,416,3.5,-6,53.45788043478261,55.0,0.0,0.0,29.27,41.773215,-87.60088,6,49764.82958199357,61.5,1.0802250803858522,0.0,73.0,49.5,-6.0,4.700000000000002,17.53167202572347,0.17136816720257236,65.65048231511254,0,0,0,1,0,0,0
3110,54660,73.0,49.5,61.5,4.7,6.5,6.25,1927,416,3.5,-6,53.45788043478261,55.0,0.0,0.0,29.27,41.822536,-87.66634300000004,6,49766.403085824495,61.5,1.081002892960463,0.0,73.0,49.5,-6.0,4.700000000000002,17.528126004500162,0.17131308261009326,65.64705882352939,0,1,0,0,0,0,0
3111,54660,73.0,49.5,61.5,4.7,6.5,6.25,1927,416,3.5,-6,53.45788043478261,55.0,0.0,0.0,29.27,41.822536,-87.66634300000004,6,49767.97557840617,61.5,1.081780205655527,0.0,73.0,49.5,-6.0,4.700000000000002,17.524582262210796,0.17125803341902315,65.64363753213368,0,0,1,0,0,0,0
3112,54660,73.0,49.5,61.5,4.7,6.5,6.25,1927,416,3.5,-6,53.45788043478261,55.0,0.0,0.0,29.27,41.822536,-87.66634300000004,6,49769.547060713136,61.5,1.082557018952779,0.0,73.0,49.5,-6.0,4.700000000000002,17.521040796659168,0.17120301959524575,65.64021843880501,0,0,0,1,0,0,0
3113,54660,73.0,49.5,61.5,4.7,6.5,6.25,1927,416,3.5,-6,53.45788043478261,55.0,0.0,0.0,29.27,41.754676,-87.612922,6,49771.117533718694,61.5,1.0833333333333333,0.0,73.0,49.5,-6.0,4.700000000000002,17.517501605651894,0.1711480411046885,65.63680154142583,0,0,1,0,0,0,0
3114,54660,73.0,49.5,61.5,4.7,6.5,6.25,1927,416,3.5,-6,53.45788043478261,55.0,0.0,0.0,29.27,41.821582,-87.62779599999998,6,49772.68699839486,61.5,1.0841091492776886,0.0,73.0,49.5,-6.0,4.700000000000002,17.513964686998392,0.17109309791332264,65.63338683788122,0,0,1,0,0,0,0
3115,54660,73.0,49.5,61.5,4.7,6.5,6.25,1927,416,3.5,-6,53.45788043478261,55.0,0.0,0.0,29.27,41.803423,-87.642984,6,49774.25545571245,61.5,1.0848844672657252,0.0,73.0,49.5,-6.0,4.700000000000002,17.510430038510908,0.17103818998716305,65.62997432605907,0,0,1,0,0,0,0
3116,54660,73.0,49.5,61.5,4.7,6.5,6.25,1927,416,3.5,-6,53.45788043478261,55.0,0.0,0.0,29.27,41.754292,-87.590773,6,49775.822906641,61.5,1.0856592877767084,0.0,73.0,49.5,-6.0,4.700000000000002,17.50689765800449,0.17098331729226826,65.62656400384985,0,0,0,1,0,0,0
3117,54660,73.0,49.5,61.5,4.7,6.5,6.25,1927,416,3.5,-6,53.45788043478261,55.0,0.0,0.0,29.27,41.723195,-87.64997,6,49777.389352148806,61.5,1.086433611289288,0.0,73.0,49.5,-6.0,4.700000000000002,17.50336754329698,0.17092847979474024,65.62315586914688,0,0,0,1,0,0,0
3118,54660,73.0,49.5,61.5,4.7,6.5,6.25,1927,416,3.5,-6,53.45788043478261,55.0,0.0,0.0,29.27,41.868077,-87.666901,6,49778.95479320295,61.5,1.0872074382815005,0.0,73.0,49.5,-6.0,4.700000000000002,17.49983969220904,0.1708736774607246,65.6197499198461,0,0,1,0,0,0,0
3119,54660,73.0,49.5,61.5,4.7,6.5,6.25,1927,416,3.5,-6,53.45788043478261,55.0,0.0,0.0,29.27,41.720848,-87.666014,6,49780.51923076923,61.5,1.0879807692307693,0.0,73.0,49.5,-6.0,4.700000000000002,17.496314102564106,0.17081891025641027,65.61634615384615,0,0,1,0,0,0,0
3120,54660,73.0,49.5,61.5,4.7,6.5,6.25,1927,416,3.5,-6,53.45788043478261,55.0,0.0,0.0,29.27,41.720848,-87.666014,6,49782.08266581224,61.5,1.0887536046139057,0.0,73.0,49.5,-6.0,4.700000000000002,17.4927907721884,0.1707641781480295,65.61294456904838,0,0,0,1,0,0,0
3121,54660,73.0,49.5,61.5,4.7,6.5,6.25,1927,416,3.5,-6,53.45788043478261,55.0,0.0,0.0,29.27,41.704336,-87.70373599999998,6,49783.64509929533,61.5,1.0895259449071109,0.0,73.0,49.5,-6.0,4.700000000000002,17.489269698910952,0.1707094811018578,65.60954516335683,0,0,1,0,0,0,0
3122,54660,73.0,49.5,61.5,4.7,6.5,6.25,1927,416,3.5,-6,53.45788043478261,55.0,0.0,0.0,29.27,41.704336,-87.70373599999998,6,49785.206532180586,61.5,1.090297790585975,0.0,73.0,49.5,-6.0,4.700000000000002,17.48575088056356,0.1706548190842139,65.60614793467819,0,0,0,1,0,0,0
3123,54660,73.0,49.5,61.5,4.7,6.5,6.25,1927,416,3.5,-6,53.45788043478261,55.0,0.0,0.0,29.27,41.750498,-87.605294,6,49786.766965428935,61.5,1.09106914212548,0.0,73.0,49.5,-6.0,4.700000000000002,17.482234314980793,0.17060019206145968,65.6027528809219,0,0,1,0,0,0,0
3124,54660,73.0,49.5,61.5,4.7,6.5,6.25,1927,416,3.5,-6,53.45788043478261,55.0,0.0,0.0,29.27,41.662014,-87.72460799999998,6,49788.3264,61.5,1.09184,0.0,73.0,49.5,-6.0,4.700000000000002,17.478720000000003,0.17054560000000002,65.59936,0,0,1,0,0,0,0
3125,54660,73.0,49.5,61.5,4.7,6.5,6.25,1927,416,3.5,-6,53.45788043478261,55.0,0.0,0.0,29.27,41.662014,-87.72460799999998,6,49789.884836852216,61.5,1.0926103646833014,0.0,73.0,49.5,-6.0,4.700000000000002,17.475207933461288,0.1704910428662828,65.59596928982725,0,0,0,1,0,0,0
3126,54660,73.0,49.5,61.5,4.7,6.5,6.25,1927,416,3.5,-6,53.45788043478261,55.0,0.0,0.0,29.27,41.94016,-87.794896,6,49791.44227694276,61.5,1.0933802366485452,0.0,73.0,49.5,-6.0,4.700000000000002,17.471698113207548,0.17043652062679887,65.59258074832107,0,0,1,0,0,0,0
3127,54660,73.0,49.5,61.5,4.7,6.5,6.25,1927,416,3.5,-6,53.45788043478261,55.0,0.0,0.0,29.27,41.94016,-87.794896,6,49792.998721227625,61.5,1.0941496163682864,0.0,73.0,49.5,-6.0,4.700000000000002,17.4681905370844,0.17038203324808185,65.58919437340154,0,0,0,1,0,0,0
3128,54660,73.0,49.5,61.5,4.7,6.5,6.25,1927,416,3.5,-6,53.45788043478261,55.0,0.0,0.0,29.27,41.932094,-87.700117,6,49794.55417066156,61.5,1.0949185043144776,0.0,73.0,49.5,-6.0,4.700000000000002,17.464685202940238,0.17032758069670825,65.58581016299136,0,1,0,0,0,0,0
3129,54660,73.0,49.5,61.5,4.7,6.5,6.25,1927,416,3.5,-6,53.45788043478261,55.0,0.0,0.0,29.27,41.932094,-87.700117,6,49796.10862619809,61.5,1.0956869009584664,0.0,73.0,49.5,-6.0,4.700000000000002,17.461182108626197,0.17027316293929715,65.58242811501596,0,0,1,0,0,0,0
3130,54660,73.0,49.5,61.5,4.7,6.5,6.25,1927,416,3.5,-6,53.45788043478261,55.0,0.0,0.0,29.27,41.932094,-87.700117,6,49797.66208878953,61.5,1.0964548067709996,0.0,73.0,49.5,-6.0,4.700000000000002,17.45768125199617,0.1702187799425104,65.57904822740339,0,0,0,1,0,0,0
3131,54660,73.0,49.5,61.5,4.7,6.5,6.25,1927,416,3.5,-6,53.45788043478261,55.0,0.0,0.0,29.27,42.01743,-87.68776899999996,6,49799.21455938697,61.5,1.0972222222222223,0.0,73.0,49.5,-6.0,4.700000000000002,17.454182630906768,0.17016443167305234,65.57567049808429,0,0,1,0,0,0,0
3132,54660,73.0,49.5,61.5,4.7,6.5,6.25,1927,416,3.5,-6,53.45788043478261,55.0,0.0,0.0,29.27,42.01743,-87.68776899999996,6,49800.76603894031,61.5,1.097989147781679,0.0,73.0,49.5,-6.0,4.700000000000002,17.450686243217362,0.17011011809767002,65.57229492499202,0,0,0,1,0,0,0
3133,54660,73.0,49.5,61.5,4.7,6.5,6.25,1927,416,3.5,-6,53.45788043478261,55.0,0.0,0.0,29.27,41.916265,-87.800515,6,49802.316528398216,61.5,1.0987555839183152,0.0,73.0,49.5,-6.0,4.700000000000002,17.447192086790043,0.17005583918315256,65.56892150606254,0,1,0,0,0,0,0
3134,54660,73.0,49.5,61.5,4.7,6.5,6.25,1927,416,3.5,-6,53.45788043478261,55.0,0.0,0.0,29.27,41.916265,-87.800515,6,49803.86602870814,61.5,1.0995215311004785,0.0,73.0,49.5,-6.0,4.700000000000002,17.443700159489634,0.17000159489633174,65.56555023923445,0,0,1,0,0,0,0
3135,54660,73.0,49.5,61.5,4.7,6.5,6.25,1927,416,3.5,-6,53.45788043478261,55.0,0.0,0.0,29.27,41.846075,-87.716277,6,49805.41454081632,61.5,1.1002869897959184,0.0,73.0,49.5,-6.0,4.700000000000002,17.440210459183675,0.16994738520408165,65.56218112244898,0,0,1,0,0,0,0
3136,54660,73.0,49.5,61.5,4.7,6.5,6.25,1927,416,3.5,-6,53.45788043478261,55.0,0.0,0.0,29.27,41.846075,-87.716277,6,49806.962065667845,61.5,1.1010519604717883,0.0,73.0,49.5,-6.0,4.700000000000002,17.436722983742428,0.16989321007331848,65.55881415364999,0,0,0,1,0,0,0
3137,54660,73.0,49.5,61.5,4.7,6.5,6.25,1927,416,3.5,-6,53.45788043478261,55.0,0.0,0.0,29.27,41.907645,-87.760886,6,49808.5086042065,61.5,1.1018164435946465,0.0,73.0,49.5,-6.0,4.700000000000002,17.43323773103888,0.16983906947100064,65.55544933078394,0,0,1,0,0,0,0
3138,54660,73.0,49.5,61.5,4.7,6.5,6.25,1927,416,3.5,-6,53.45788043478261,55.0,0.0,0.0,29.27,41.682587,-87.707973,6,49810.05415737496,61.5,1.1025804396304557,0.0,73.0,49.5,-6.0,4.700000000000002,17.42975469894871,0.1697849633641287,65.55208665179994,0,0,1,0,0,0,0
3139,54660,73.0,49.5,61.5,4.7,6.5,6.25,1927,416,3.5,-6,53.45788043478261,55.0,0.0,0.0,29.27,41.682587,-87.707973,6,49811.59872611465,61.5,1.103343949044586,0.0,73.0,49.5,-6.0,4.700000000000002,17.42627388535032,0.16973089171974526,65.54872611464968,0,0,0,1,0,0,0
3140,54660,73.0,49.5,61.5,4.7,6.5,6.25,1927,416,3.5,-6,53.45788043478261,55.0,0.0,0.0,29.27,41.732984,-87.649642,6,49813.14231136581,61.5,1.1041069723018146,0.0,73.0,49.5,-6.0,4.700000000000002,17.4227952881248,0.16967685450493475,65.54536771728749,0,0,1,0,0,0,0
3141,54660,73.0,49.5,61.5,4.7,6.5,6.25,1927,416,3.5,-6,53.45788043478261,55.0,0.0,0.0,29.27,41.732984,-87.649642,6,49814.68491406748,61.5,1.1048695098663273,0.0,73.0,49.5,-6.0,4.700000000000002,17.41931890515595,0.1696228516868237,65.54201145767027,0,0,0,1,0,0,0
3142,54660,73.0,49.5,61.5,4.7,6.5,6.25,1927,416,3.5,-6,53.45788043478261,55.0,0.0,0.0,29.27,41.732984,-87.649642,6,49816.22653515749,61.5,1.105631562201718,0.0,73.0,49.5,-6.0,4.700000000000002,17.415844734330257,0.16956888323258035,65.53865733375756,0,0,0,0,1,0,0
3143,54660,73.0,49.5,61.5,4.7,6.5,6.25,1927,416,3.5,-6,53.45788043478261,55.0,0.0,0.0,29.27,41.903002,-87.68826700000002,6,49817.76717557252,61.5,1.1063931297709924,0.0,73.0,49.5,-6.0,4.700000000000002,17.412372773536894,0.16951494910941478,65.53530534351145,0,0,1,0,0,0,0
3144,54660,73.0,49.5,61.5,4.7,6.5,6.25,1927,416,3.5,-6,53.45788043478261,55.0,0.0,0.0,29.27,41.903002,-87.68826700000002,6,49819.306836248004,61.5,1.107154213036566,0.0,73.0,49.5,-6.0,4.700000000000002,17.408903020667726,0.1694610492845787,65.53195548489666,0,0,0,1,0,0,0
3145,54720,81.0,55.0,68.0,6.45,9.0,7.0500000000000025,1928,416,0.0,-1,53.45788043478261,58.0,3.0,0.0,29.31,41.921965,-87.632085,6,49820.8645899555,61.5,1.1068022886204705,0.0,73.0,49.5,-6.0,4.700000000000002,17.40623013350286,0.16940718372536556,65.52956134774317,0,0,1,0,0,0,0
3146,54720,81.0,55.0,68.0,6.45,9.0,7.0500000000000025,1928,416,0.0,-1,53.45788043478261,58.0,3.0,0.0,29.31,41.921965,-87.632085,6,49822.421353670165,61.5,1.1064505878614554,0.0,73.0,49.5,-6.0,4.700000000000002,17.40355894502701,0.16935335239911029,65.52716873212583,0,0,0,1,0,0,0
3147,54720,81.0,55.0,68.0,6.45,9.0,7.0500000000000025,1928,416,0.0,-1,53.45788043478261,58.0,3.0,0.0,29.31,41.868077,-87.666901,6,49823.97712833545,61.5,1.1060991105463789,0.0,73.0,49.5,-6.0,4.700000000000002,17.400889453621346,0.16929955527318935,65.52477763659466,0,0,0,1,0,0,0
3148,54720,81.0,55.0,68.0,6.45,9.0,7.0500000000000025,1928,416,0.0,-1,53.45788043478261,58.0,3.0,0.0,29.31,41.750498,-87.605294,6,49825.531914893625,61.5,1.105747856462369,0.0,73.0,49.5,-6.0,4.700000000000002,17.3982216576691,0.16924579231502065,65.5223880597015,0,0,0,1,0,0,0
3149,54720,81.0,55.0,68.0,6.45,9.0,7.0500000000000025,1928,416,0.0,-1,53.45788043478261,58.0,3.0,0.0,29.31,41.673408,-87.599862,6,49827.08571428571,61.5,1.1053968253968254,0.0,73.0,49.5,-6.0,4.700000000000002,17.395555555555557,0.1691920634920635,65.52,0,1,0,0,0,0,0
3150,54720,81.0,55.0,68.0,6.45,9.0,7.0500000000000025,1928,416,0.0,-1,53.45788043478261,58.0,3.0,0.0,29.31,41.673408,-87.599862,6,49828.6385274516,61.5,1.1050460171374168,0.0,73.0,49.5,-6.0,4.700000000000002,17.392891145668038,0.16913836877181848,65.51761345604571,0,0,1,0,0,0,0
3151,54720,81.0,55.0,68.0,6.45,9.0,7.0500000000000025,1928,416,0.0,-1,53.45788043478261,58.0,3.0,0.0,29.31,41.673408,-87.599862,6,49830.19035532995,61.5,1.1046954314720812,0.0,73.0,49.5,-6.0,4.700000000000002,17.39022842639594,0.16908470812182744,65.51522842639594,0,0,0,1,0,0,0
3152,54720,81.0,55.0,68.0,6.45,9.0,7.0500000000000025,1928,416,0.0,-1,53.45788043478261,58.0,3.0,0.0,29.31,42.01743,-87.68776899999996,6,49831.74119885823,68.0,1.1043450681890263,3.0,81.0,49.5,-1.0,4.700000000000002,17.38756739613067,0.16903108150967333,65.5128449096099,0,1,0,0,0,0,0
3153,54720,81.0,55.0,68.0,6.45,9.0,7.0500000000000025,1928,416,0.0,-1,53.45788043478261,58.0,3.0,0.0,29.31,41.678618,-87.559308,6,49833.29105897273,68.0,1.103994927076728,3.0,81.0,49.5,-1.0,4.700000000000002,17.384908053265693,0.16897748890298034,65.51046290424857,0,1,0,0,0,0,0
3154,54720,81.0,55.0,68.0,6.45,9.0,7.0500000000000025,1928,416,0.0,-1,53.45788043478261,58.0,3.0,0.0,29.31,41.678618,-87.559308,6,49834.839936608565,68.0,1.1036450079239302,3.0,81.0,49.5,-1.0,4.700000000000002,17.382250396196515,0.16892393026941366,65.5080824088748,0,0,1,0,0,0,0
3155,54720,81.0,55.0,68.0,6.45,9.0,7.0500000000000025,1928,416,0.0,-1,53.45788043478261,58.0,3.0,0.0,29.31,41.740641,-87.546587,6,49836.38783269962,68.0,1.103295310519645,3.0,81.0,55.0,-1.0,4.700000000000002,17.379594423320658,0.16887040557667934,65.50570342205322,0,1,0,0,0,0,0
3156,54720,81.0,55.0,68.0,6.45,9.0,7.0500000000000025,1928,416,0.0,-1,53.45788043478261,58.0,3.0,0.0,29.31,41.740641,-87.546587,6,49837.93474817865,68.0,1.1029458346531518,3.0,81.0,55.0,-1.0,4.700000000000002,17.376940133037692,0.16881691479252456,65.50332594235033,0,0,1,0,0,0,0
3157,54720,81.0,55.0,68.0,6.45,9.0,7.0500000000000025,1928,416,0.0,-1,53.45788043478261,58.0,3.0,0.0,29.31,41.740641,-87.546587,6,49839.4806839772,68.0,1.1025965801139963,3.0,81.0,55.0,-1.0,4.700000000000002,17.37428752374921,0.16876345788473718,65.50094996833438,0,0,0,1,0,0,0
3158,54720,81.0,55.0,68.0,6.45,9.0,7.0500000000000025,1928,416,0.0,-1,53.45788043478261,58.0,3.0,0.0,29.31,41.680946,-87.535198,6,49841.02564102563,68.0,1.1022475466919912,3.0,81.0,55.0,-1.0,4.700000000000002,17.371636593858813,0.16871003482114594,65.49857549857549,0,1,0,0,0,0,0
3159,54720,81.0,55.0,68.0,6.45,9.0,7.0500000000000025,1928,416,0.0,-1,53.45788043478261,58.0,3.0,0.0,29.31,41.680946,-87.535198,6,49842.56962025316,68.0,1.1018987341772153,3.0,81.0,55.0,-1.0,4.700000000000002,17.36898734177215,0.16865664556962026,65.49620253164558,0,0,1,0,0,0,0
3160,54720,81.0,55.0,68.0,6.45,9.0,7.0500000000000025,1928,416,0.0,-1,53.45788043478261,58.0,3.0,0.0,29.31,41.680946,-87.535198,6,49844.11262258778,68.0,1.1015501423600127,3.0,81.0,55.0,-1.0,4.700000000000002,17.366339765896868,0.16860329009807026,65.49383106611832,0,0,0,1,0,0,0
3161,54720,81.0,55.0,68.0,6.45,9.0,7.0500000000000025,1928,416,0.0,-1,53.45788043478261,58.0,3.0,0.0,29.31,41.974689,-87.890615,6,49845.654648956355,68.0,1.1012017710309931,3.0,81.0,55.0,-1.0,4.700000000000002,17.36369386464263,0.16854996837444658,65.49146110056925,0,1,0,0,0,0,0
3162,54720,81.0,55.0,68.0,6.45,9.0,7.0500000000000025,1928,416,0.0,-1,53.45788043478261,58.0,3.0,0.0,29.31,41.974689,-87.890615,6,49847.19570028454,68.0,1.1008536199810306,3.0,81.0,55.0,-1.0,4.700000000000002,17.361049636421118,0.16849668036674045,65.48909263357572,0,0,1,0,0,0,0
3163,54720,81.0,55.0,68.0,6.45,9.0,7.0500000000000025,1928,416,0.0,-1,53.45788043478261,58.0,3.0,0.0,29.31,41.974689,-87.890615,6,49848.73577749683,68.0,1.1005056890012643,3.0,81.0,55.0,-1.0,4.700000000000002,17.358407079646014,0.16844342604298354,65.48672566371681,0,0,0,1,0,0,0
3164,54720,81.0,55.0,68.0,6.45,9.0,7.0500000000000025,1928,416,0.0,-1,53.45788043478261,58.0,3.0,0.0,29.31,41.957799,-87.930995,6,49850.27488151659,68.0,1.1001579778830963,3.0,81.0,55.0,-1.0,4.700000000000002,17.355766192733018,0.16839020537124805,65.48436018957347,0,0,0,1,0,0,0
3165,54840,87.0,65.5,76.5,6.75,18.0,11.05,1930,416,0.0,6,53.45788043478261,69.5,11.5,2.42,29.0,41.95469,-87.800991,6,49851.85091598232,68.0,1.0998104864181932,3.0,81.0,55.0,-1.0,4.700000000000002,17.35596967782691,0.16910138976626654,65.48562855337966,0,0,1,0,0,0,0
3166,54840,87.0,65.5,76.5,6.75,18.0,11.05,1930,416,0.0,6,53.45788043478261,69.5,11.5,2.42,29.0,41.95469,-87.800991,6,49853.42595516262,68.0,1.0994632143984844,3.0,81.0,55.0,-1.0,4.700000000000002,17.356173034417427,0.16981212503946952,65.4868961161983,0,0,0,1,0,0,0
3167,54840,87.0,65.5,76.5,6.75,18.0,11.05,1930,416,0.0,6,53.45788043478261,69.5,11.5,2.42,29.0,41.964242,-87.757639,6,49855.0,68.0,1.0991161616161615,3.0,81.0,55.0,-1.0,4.700000000000002,17.356376262626267,0.17052241161616158,65.48816287878788,0,0,1,0,0,0,0
3168,54840,87.0,65.5,76.5,6.75,18.0,11.05,1930,416,0.0,6,53.45788043478261,69.5,11.5,2.42,29.0,42.008314,-87.77792099999998,6,49856.57305143578,68.0,1.0987693278636794,3.0,81.0,55.0,-1.0,4.700000000000002,17.356579362574944,0.17123224992111072,65.48942884190596,0,0,1,0,0,0,0
3169,54840,87.0,65.5,76.5,6.75,18.0,11.05,1930,416,0.0,6,53.45788043478261,69.5,11.5,2.42,29.0,42.008314,-87.77792099999998,6,49858.145110410085,68.0,1.098422712933754,3.0,81.0,55.0,-1.0,4.700000000000002,17.356782334384857,0.17194164037854884,65.49069400630914,0,0,0,1,0,0,0
3170,54840,87.0,65.5,76.5,6.75,18.0,11.05,1930,416,0.0,6,53.45788043478261,69.5,11.5,2.42,29.0,41.98196400000001,-87.812827,6,49859.71617786188,68.0,1.098076316619363,3.0,81.0,55.0,-1.0,4.700000000000002,17.356985178177233,0.17265058341217274,65.49195837275306,0,0,1,0,0,0,0
3171,54840,87.0,65.5,76.5,6.75,18.0,11.05,1930,416,0.0,6,53.45788043478261,69.5,11.5,2.42,29.0,41.99247800000001,-87.862995,6,49861.286254728875,68.0,1.0977301387137453,3.0,81.0,55.0,-1.0,4.700000000000002,17.357187894073142,0.17335907944514495,65.49322194199243,0,0,1,0,0,0,0
3172,54840,87.0,65.5,76.5,6.75,18.0,11.05,1930,416,0.0,6,53.45788043478261,69.5,11.5,2.42,29.0,41.944869,-87.832763,6,49862.85534194769,76.5,1.0973841790104002,11.5,87.0,55.0,6.0,4.700000000000002,17.35739048219351,0.17406712890009446,65.49448471478097,0,0,1,0,0,0,0
3173,54840,87.0,65.5,76.5,6.75,18.0,11.05,1930,416,0.0,6,53.45788043478261,69.5,11.5,2.42,29.0,41.944869,-87.832763,6,49864.423440453684,76.5,1.0970384373030877,11.5,87.0,55.0,6.0,6.450000000000002,17.357592942659107,0.17477473219911774,65.49574669187146,0,0,0,1,0,0,0
3174,54840,87.0,65.5,76.5,6.75,18.0,11.05,1930,416,0.0,6,53.45788043478261,69.5,11.5,2.42,29.0,41.991429,-87.747113,6,49865.9905511811,76.5,1.0966929133858268,11.5,87.0,55.0,6.0,6.450000000000002,17.35779527559055,0.1754818897637794,65.49700787401575,0,0,1,0,0,0,0
3175,54840,87.0,65.5,76.5,6.75,18.0,11.05,1930,416,0.0,6,53.45788043478261,69.5,11.5,2.42,29.0,41.991429,-87.747113,6,49867.556675062966,76.5,1.0963476070528968,11.5,87.0,65.5,6.0,6.450000000000002,17.357997481108313,0.17618860201511322,65.49826826196474,0,0,0,1,0,0,0
3176,54840,87.0,65.5,76.5,6.75,18.0,11.05,1930,416,0.0,6,53.45788043478261,69.5,11.5,2.42,29.0,42.011601,-87.81150600000002,6,49869.12181303116,76.5,1.0960025180988353,11.5,87.0,65.5,6.0,6.450000000000002,17.358199559332704,0.17689486937362278,65.49952785646836,0,0,1,0,0,0,0
3177,54840,87.0,65.5,76.5,6.75,18.0,11.05,1930,416,0.0,6,53.45788043478261,69.5,11.5,2.42,29.0,42.011601,-87.81150600000002,6,49870.68596601637,76.5,1.095657646318439,11.5,87.0,65.5,6.0,6.450000000000002,17.35840151038389,0.1776006922592824,65.50078665827564,0,0,0,1,0,0,0
3178,54840,87.0,65.5,76.5,6.75,18.0,11.05,1930,416,0.0,6,53.45788043478261,69.5,11.5,2.42,29.0,41.960616,-87.777189,6,49872.2491349481,76.5,1.0953129915067632,11.5,87.0,65.5,6.0,6.450000000000002,17.358603334381886,0.17830607109153807,65.50204466813463,0,0,1,0,0,0,0
3179,54840,87.0,65.5,76.5,6.75,18.0,11.05,1930,416,0.0,6,53.45788043478261,69.5,11.5,2.42,29.0,41.960616,-87.777189,6,49873.811320754714,76.5,1.0949685534591196,11.5,87.0,65.5,6.0,6.450000000000002,17.358805031446536,0.179011006289308,65.50330188679246,0,0,0,1,0,0,0
3180,54840,87.0,65.5,76.5,6.75,18.0,11.05,1930,416,0.0,6,53.45788043478261,69.5,11.5,2.42,29.0,42.010412,-87.66214000000002,6,49875.37252436341,76.5,1.0946243319710782,11.5,87.0,65.5,6.0,6.450000000000002,17.35900660169758,0.17971549827098374,65.50455831499528,0,0,0,1,0,0,0
3181,54840,87.0,65.5,76.5,6.75,18.0,11.05,1930,416,0.0,6,53.45788043478261,69.5,11.5,2.42,29.0,41.986921,-87.689778,6,49876.932746700186,76.5,1.0942803268384664,11.5,87.0,65.5,6.0,6.450000000000002,17.359208045254558,0.18041954745443095,65.50581395348837,0,0,1,0,0,0,0
3182,54840,87.0,65.5,76.5,6.75,18.0,11.05,1930,416,0.0,6,53.45788043478261,69.5,11.5,2.42,29.0,41.986921,-87.689778,6,49878.49198868992,76.5,1.093936537857367,11.5,87.0,65.5,6.0,6.450000000000002,17.35940936223688,0.18112315425699005,65.50706880301604,0,0,0,1,0,0,0
3183,54840,87.0,65.5,76.5,6.75,18.0,11.05,1930,416,0.0,6,53.45788043478261,69.5,11.5,2.42,29.0,41.89923,-87.716788,6,49880.05025125628,76.5,1.0935929648241205,11.5,87.0,65.5,6.0,6.450000000000002,17.35961055276382,0.1818263190954772,65.50832286432161,0,0,0,1,0,0,0
3184,54840,87.0,65.5,76.5,6.75,18.0,11.05,1930,416,0.0,6,53.45788043478261,69.5,11.5,2.42,29.0,41.801498,-87.763416,6,49881.60753532182,76.5,1.0932496075353215,11.5,87.0,65.5,6.0,6.450000000000002,17.359811616954474,0.182529042386185,65.50957613814758,0,0,1,0,0,0,0
3185,54840,87.0,65.5,76.5,6.75,18.0,11.05,1930,416,0.0,6,53.45788043478261,69.5,11.5,2.42,29.0,41.801498,-87.763416,6,49883.16384180791,76.5,1.0929064657878218,11.5,87.0,65.5,6.0,6.450000000000002,17.360012554927813,0.1832313245448836,65.51082862523539,0,0,0,1,0,0,0
3186,54840,87.0,65.5,76.5,6.75,18.0,11.05,1930,416,0.0,6,53.45788043478261,69.5,11.5,2.42,29.0,41.906638,-87.701431,6,49884.719171634766,76.5,1.0925635393787259,11.5,87.0,65.5,6.0,6.450000000000002,17.360213366802636,0.1839331659868212,65.5120803263257,0,0,1,0,0,0,0
3187,54840,87.0,65.5,76.5,6.75,18.0,11.05,1930,416,0.0,6,53.45788043478261,69.5,11.5,2.42,29.0,41.911824,-87.726737,6,49886.273525721466,76.5,1.0922208281053951,11.5,87.0,65.5,6.0,6.450000000000002,17.360414052697617,0.18463456712672494,65.5133312421581,0,0,0,1,0,0,0
3188,54840,87.0,65.5,76.5,6.75,18.0,11.05,1930,416,0.0,6,53.45788043478261,69.5,11.5,2.42,29.0,41.868142,-87.696269,6,49887.826904985886,76.5,1.0918783317654437,11.5,87.0,65.5,6.0,6.450000000000002,17.360614612731265,0.18533552837880185,65.5145813734713,0,0,1,0,0,0,0
3189,54840,87.0,65.5,76.5,6.75,18.0,11.05,1930,416,0.0,6,53.45788043478261,69.5,11.5,2.42,29.0,41.868142,-87.696269,6,49889.379310344826,76.5,1.0915360501567395,11.5,87.0,65.5,6.0,6.450000000000002,17.360815047021944,0.1860360501567395,65.51583072100314,0,0,0,1,0,0,0
3190,54840,87.0,65.5,76.5,6.75,18.0,11.05,1930,416,0.0,6,53.45788043478261,69.5,11.5,2.42,29.0,41.867108,-87.654224,6,49890.930742713885,76.5,1.0911939830774051,11.5,87.0,65.5,6.0,6.450000000000002,17.361015355687872,0.186736132873707,65.51707928549044,0,1,0,0,0,0,0
3191,54840,87.0,65.5,76.5,6.75,18.0,11.05,1930,416,0.0,6,53.45788043478261,69.5,11.5,2.42,29.0,41.896282,-87.655232,6,49892.48120300752,76.5,1.0908521303258143,11.5,87.0,65.5,6.0,6.450000000000002,17.36121553884712,0.18743577694235555,65.51832706766918,0,1,0,0,0,0,0
3192,54840,87.0,65.5,76.5,6.75,18.0,11.05,1930,416,0.0,6,53.45788043478261,69.5,11.5,2.42,29.0,41.896282,-87.655232,6,49894.03069213905,76.5,1.090510491700595,11.5,87.0,65.5,6.0,6.450000000000002,17.361415596617597,0.1881349827748196,65.51957406827435,0,0,1,0,0,0,0
3193,54840,87.0,65.5,76.5,6.75,18.0,11.05,1930,416,0.0,6,53.45788043478261,69.5,11.5,2.42,29.0,41.896282,-87.655232,6,49895.57921102067,76.5,1.090169067000626,11.5,87.0,65.5,6.0,6.750000000000003,17.361615529117095,0.18883375078271725,65.52082028804007,0,0,0,1,0,0,0
3194,54840,87.0,65.5,76.5,6.75,18.0,11.05,1930,416,0.0,6,53.45788043478261,69.5,11.5,2.42,29.0,41.921965,-87.632085,6,49897.12676056338,76.5,1.0898278560250392,11.5,87.0,65.5,6.0,6.750000000000004,17.361815336463224,0.18953208137715144,65.52206572769953,0,1,0,0,0,0,0
3195,54840,87.0,65.5,76.5,6.75,18.0,11.05,1930,416,0.0,6,53.45788043478261,69.5,11.5,2.42,29.0,41.921965,-87.632085,6,49898.6733416771,76.5,1.0894868585732165,11.5,87.0,65.5,6.0,6.750000000000004,17.362015018773466,0.1902299749687105,65.52331038798498,0,0,1,0,0,0,0
3196,54840,87.0,65.5,76.5,6.75,18.0,11.05,1930,416,0.0,6,53.45788043478261,69.5,11.5,2.42,29.0,41.921965,-87.632085,6,49900.21895527057,76.5,1.089146074444792,11.5,87.0,65.5,6.0,6.750000000000004,17.362214576165155,0.1909274319674691,65.52455426962777,0,0,0,1,0,0,0
3197,54840,87.0,65.5,76.5,6.75,18.0,11.05,1930,416,0.0,6,53.45788043478261,69.5,11.5,2.42,29.0,41.921965,-87.632085,6,49901.763602251405,76.5,1.0888055034396498,11.5,87.0,65.5,6.0,6.750000000000004,17.362414008755472,0.19162445278298892,65.52579737335834,0,0,0,0,1,0,0
3198,54840,87.0,65.5,76.5,6.75,18.0,11.05,1930,416,0.0,6,53.45788043478261,69.5,11.5,2.42,29.0,41.801179,-87.679447,6,49903.307283526105,76.5,1.0884651453579244,11.5,87.0,65.5,6.0,6.750000000000004,17.362613316661456,0.19232103782431967,65.52703969990623,0,0,1,0,0,0,0
3199,54840,87.0,65.5,76.5,6.75,18.0,11.05,1930,416,0.0,6,53.45788043478261,69.5,11.5,2.42,29.0,41.800737,-87.71188000000002,6,49904.85,76.5,1.088125,11.5,87.0,65.5,6.0,6.750000000000004,17.3628125,0.1930171874999996,65.52828125,0,0,1,0,0,0,0
3200,54840,87.0,65.5,76.5,6.75,18.0,11.05,1930,416,0.0,6,53.45788043478261,69.5,11.5,2.42,29.0,41.82561,-87.726549,6,49906.391752577314,76.5,1.0877850671665104,11.5,87.0,65.5,6.0,6.750000000000004,17.363011558887848,0.1937129022180564,65.52952202436738,0,1,0,0,0,0,0
3201,54840,87.0,65.5,76.5,6.75,18.0,11.05,1930,416,0.0,6,53.45788043478261,69.5,11.5,2.42,29.0,41.82561,-87.726549,6,49907.93254216115,76.5,1.0874453466583385,11.5,87.0,65.5,6.0,6.750000000000004,17.3632104934416,0.1944081823860083,65.53076202373516,0,0,0,1,0,0,0
3202,54840,87.0,65.5,76.5,6.75,18.0,11.05,1930,416,0.0,6,53.45788043478261,69.5,11.5,2.42,29.0,41.778297,-87.752411,6,49909.47236965345,76.5,1.0871058382766157,11.5,87.0,65.5,6.0,6.750000000000004,17.363409303777708,0.19510302841086435,65.53200124882922,0,0,1,0,0,0,0
3203,54840,87.0,65.5,76.5,6.75,18.0,11.05,1930,416,0.0,6,53.45788043478261,69.5,11.5,2.42,29.0,41.77166,-87.703047,6,49911.01123595506,76.5,1.0867665418227217,11.5,87.0,65.5,6.0,6.750000000000004,17.363607990012483,0.1957974406991256,65.53323970037454,0,0,1,0,0,0,0
3204,54840,87.0,65.5,76.5,6.75,18.0,11.05,1930,416,0.0,6,53.45788043478261,69.5,11.5,2.42,29.0,41.77166,-87.703047,6,49912.54914196568,76.5,1.0864274570982841,11.5,87.0,65.5,6.0,6.750000000000004,17.36380655226209,0.19649141965678574,65.53447737909515,0,0,0,1,0,0,0
3205,54840,87.0,65.5,76.5,6.75,18.0,11.05,1930,416,0.0,6,53.45788043478261,69.5,11.5,2.42,29.0,41.768388,-87.678649,6,49914.086088583914,76.5,1.0860885839051777,11.5,87.0,65.5,6.0,6.750000000000004,17.364004990642545,0.197184965689332,65.53571428571429,0,0,1,0,0,0,0
3206,54840,87.0,65.5,76.5,6.75,18.0,11.05,1930,416,0.0,6,53.45788043478261,69.5,11.5,2.42,29.0,41.768388,-87.678649,6,49915.62207670719,76.5,1.0857499220455251,11.5,87.0,65.5,6.0,6.750000000000004,17.364203305269722,0.1978780792017457,65.53695042095416,0,0,0,1,0,0,0
3207,54840,87.0,65.5,76.5,6.75,18.0,11.05,1930,416,0.0,6,53.45788043478261,69.5,11.5,2.42,29.0,41.773215,-87.60088,6,49917.15710723191,76.5,1.0854114713216958,11.5,87.0,65.5,6.0,6.750000000000004,17.36440149625935,0.1985707605985032,65.53818578553616,0,0,1,0,0,0,0
3208,54840,87.0,65.5,76.5,6.75,18.0,11.05,1930,416,0.0,6,53.45788043478261,69.5,11.5,2.42,29.0,41.822536,-87.66634300000004,6,49918.69118105329,76.5,1.085073231536304,11.5,87.0,65.5,6.0,6.750000000000004,17.36459956372702,0.1992630102835769,65.53942038018074,0,1,0,0,0,0,0
3209,54840,87.0,65.5,76.5,6.75,18.0,11.05,1930,416,0.0,6,53.45788043478261,69.5,11.5,2.42,29.0,41.822536,-87.66634300000004,6,49920.22429906542,76.5,1.0847352024922121,11.5,87.0,65.5,6.0,6.750000000000004,17.36479750778816,0.1999548286604356,65.54065420560748,0,0,0,1,0,0,0
3210,54840,87.0,65.5,76.5,6.75,18.0,11.05,1930,416,0.0,6,53.45788043478261,69.5,11.5,2.42,29.0,41.766202,-87.562889,6,49921.75646216132,76.5,1.0843973839925256,11.5,87.0,65.5,6.0,6.750000000000004,17.36499532855808,0.20064621613204556,65.54188726253504,0,0,1,0,0,0,0
3211,54840,87.0,65.5,76.5,6.75,18.0,11.05,1930,416,0.0,6,53.45788043478261,69.5,11.5,2.42,29.0,41.821582,-87.62779599999998,6,49923.28767123288,76.5,1.0840597758405977,11.5,87.0,65.5,6.0,6.750000000000004,17.365193026151932,0.20133717310087115,65.5431195516812,0,0,0,1,0,0,0
3212,54840,87.0,65.5,76.5,6.75,18.0,11.05,1930,416,0.0,6,53.45788043478261,69.5,11.5,2.42,29.0,41.723195,-87.64997,6,49924.81792717087,76.5,1.083722377840025,11.5,87.0,65.5,6.0,6.750000000000004,17.365390600684723,0.20202769996887585,65.54435107376284,0,0,1,0,0,0,0
3213,54840,87.0,65.5,76.5,6.75,18.0,11.05,1930,416,0.0,6,53.45788043478261,69.5,11.5,2.42,29.0,41.868077,-87.666901,6,49926.34723086497,76.5,1.0833851897946485,11.5,87.0,65.5,6.0,6.750000000000004,17.365588052271313,0.20271779713752272,65.54558182949596,0,0,1,0,0,0,0
3214,54840,87.0,65.5,76.5,6.75,18.0,11.05,1930,416,0.0,6,53.45788043478261,69.5,11.5,2.42,29.0,41.868077,-87.666901,6,49927.87558320374,76.5,1.0830482115085536,11.5,87.0,65.5,6.0,6.750000000000004,17.365785381026438,0.20340746500777546,65.54681181959565,0,0,0,1,0,0,0
3215,54840,87.0,65.5,76.5,6.75,18.0,11.05,1930,416,0.0,6,53.45788043478261,69.5,11.5,2.42,29.0,41.720848,-87.666014,6,49929.40298507463,76.5,1.0827114427860696,11.5,87.0,65.5,6.0,6.750000000000004,17.365982587064675,0.20409670398009885,65.5480410447761,0,0,1,0,0,0,0
3216,54840,87.0,65.5,76.5,6.75,18.0,11.05,1930,416,0.0,6,53.45788043478261,69.5,11.5,2.42,29.0,41.720848,-87.666014,6,49930.929437364,76.5,1.0823748834317688,11.5,87.0,65.5,6.0,6.750000000000004,17.366179670500465,0.20478551445446005,65.5492695057507,0,0,0,1,0,0,0
3217,54840,87.0,65.5,76.5,6.75,18.0,11.05,1930,416,0.0,6,53.45788043478261,69.5,11.5,2.42,29.0,41.704336,-87.70373599999998,6,49932.45494095712,76.5,1.082038533250466,11.5,87.0,65.5,6.0,6.750000000000004,17.366376631448105,0.20547389683032874,65.55049720323183,0,0,0,1,0,0,0
3218,54840,87.0,65.5,76.5,6.75,18.0,11.05,1930,416,0.0,6,53.45788043478261,69.5,11.5,2.42,29.0,41.798697,-87.736812,6,49933.97949673812,76.5,1.0817023920472195,11.5,87.0,65.5,6.0,6.750000000000004,17.366573470021745,0.20616185150667846,65.55172413793103,0,1,0,0,0,0,0
3219,54840,87.0,65.5,76.5,6.75,18.0,11.05,1930,416,0.0,6,53.45788043478261,69.5,11.5,2.42,29.0,41.798697,-87.736812,6,49935.50310559006,76.5,1.0813664596273291,11.5,87.0,65.5,6.0,6.750000000000004,17.366770186335405,0.2068493788819869,65.55295031055901,0,0,0,1,0,0,0
3220,54840,87.0,65.5,76.5,6.75,18.0,11.05,1930,416,0.0,6,53.45788043478261,69.5,11.5,2.42,29.0,41.673408,-87.599862,6,49937.02576839491,76.5,1.0810307357963365,11.5,87.0,65.5,6.0,6.750000000000004,17.36696678050295,0.2075364793542371,65.55417572182553,0,0,1,0,0,0,0
3221,54840,87.0,65.5,76.5,6.75,18.0,11.05,1930,416,0.0,6,53.45788043478261,69.5,11.5,2.42,29.0,41.673408,-87.599862,6,49938.547486033516,76.5,1.0806952203600249,11.5,87.0,65.5,6.0,6.750000000000004,17.367163252638115,0.208223153320918,65.55540037243948,0,0,0,1,0,0,0
3222,54840,87.0,65.5,76.5,6.75,18.0,11.05,1930,416,0.0,6,53.45788043478261,69.5,11.5,2.42,29.0,41.704572,-87.56566600000002,6,49940.06825938566,76.5,1.080359913124418,11.5,87.0,65.5,6.0,6.750000000000004,17.367359602854485,0.20890940117902504,65.5566242631089,0,0,0,1,0,0,0
3223,54840,87.0,65.5,76.5,6.75,18.0,11.05,1930,416,0.0,6,53.45788043478261,69.5,11.5,2.42,29.0,41.662014,-87.72460799999998,6,49941.58808933003,76.5,1.0800248138957815,11.5,87.0,65.5,6.0,6.750000000000004,17.36755583126551,0.2095952233250613,65.55784739454094,0,0,1,0,0,0,0
3224,54840,87.0,65.5,76.5,6.75,18.0,11.05,1930,416,0.0,6,53.45788043478261,69.5,11.5,2.42,29.0,41.662014,-87.72460799999998,6,49943.10697674419,76.5,1.0796899224806202,11.5,87.0,65.5,6.0,6.750000000000004,17.367751937984494,0.21028062015503798,65.55906976744185,0,0,0,1,0,0,0
3225,54840,87.0,65.5,76.5,6.75,18.0,11.05,1930,416,0.0,6,53.45788043478261,69.5,11.5,2.42,29.0,41.72646500000001,-87.585413,6,49944.62492250465,76.5,1.0793552386856788,11.5,87.0,65.5,6.0,6.750000000000004,17.367947923124618,0.21096559206447535,65.56029138251704,0,1,0,0,0,0,0
3226,54840,87.0,65.5,76.5,6.75,18.0,11.05,1930,416,0.0,6,53.45788043478261,69.5,11.5,2.42,29.0,41.72646500000001,-87.585413,6,49946.14192748684,76.5,1.0790207623179424,11.5,87.0,65.5,6.0,6.750000000000004,17.368143786798885,0.21165013944840333,65.56151224047103,0,0,0,1,0,0,0
3227,54840,87.0,65.5,76.5,6.75,18.0,11.05,1930,416,0.0,6,53.45788043478261,69.5,11.5,2.42,29.0,41.94016,-87.794896,6,49947.65799256506,76.5,1.0786864931846345,11.5,87.0,65.5,6.0,6.750000000000004,17.3683395291202,0.2123342627013623,65.56273234200744,0,0,1,0,0,0,0
3228,54840,87.0,65.5,76.5,6.75,18.0,11.05,1930,416,0.0,6,53.45788043478261,69.5,11.5,2.42,29.0,41.94016,-87.794896,6,49949.173118612576,76.5,1.0783524310932178,11.5,87.0,65.5,6.0,6.750000000000004,17.3685351502013,0.213017962217404,65.56395168782905,0,0,0,1,0,0,0
3229,54840,87.0,65.5,76.5,6.75,18.0,11.05,1930,416,0.0,6,53.45788043478261,69.5,11.5,2.42,29.0,41.878114,-87.629798,6,49950.687306501546,76.5,1.0780185758513932,11.5,87.0,65.5,6.0,6.750000000000004,17.3687306501548,0.21370123839009209,65.56517027863777,0,0,1,0,0,0,0
3230,54840,87.0,65.5,76.5,6.75,18.0,11.05,1930,416,0.0,6,53.45788043478261,69.5,11.5,2.42,29.0,41.932094,-87.700117,6,49952.20055710307,76.5,1.0776849272670999,11.5,87.0,65.5,6.0,6.750000000000004,17.36892602909316,0.21438409161250305,65.56638811513463,0,0,1,0,0,0,0
3231,54840,87.0,65.5,76.5,6.75,18.0,11.05,1930,416,0.0,6,53.45788043478261,69.5,11.5,2.42,29.0,41.932094,-87.700117,6,49953.71287128713,76.5,1.0773514851485149,11.5,87.0,65.5,6.0,6.750000000000004,17.369121287128717,0.2150665222772269,65.5676051980198,0,0,0,1,0,0,0
3232,54840,87.0,65.5,76.5,6.75,18.0,11.05,1930,416,0.0,6,53.45788043478261,69.5,11.5,2.42,29.0,42.01743,-87.68776899999996,6,49955.22424992266,76.5,1.077018249304052,11.5,87.0,65.5,6.0,6.750000000000004,17.369316424373647,0.21574853077636785,65.56882152799258,0,0,1,0,0,0,0
3233,54840,87.0,65.5,76.5,6.75,18.0,11.05,1930,416,0.0,6,53.45788043478261,69.5,11.5,2.42,29.0,42.01743,-87.68776899999996,6,49956.73469387755,76.5,1.0766852195423624,11.5,87.0,65.5,6.0,6.750000000000004,17.36951144094001,0.2164301175015452,65.5700371057514,0,0,0,1,0,0,0
3234,54840,87.0,65.5,76.5,6.75,18.0,11.05,1930,416,0.0,6,53.45788043478261,69.5,11.5,2.42,29.0,41.916265,-87.800515,6,49958.244204018556,76.5,1.0763523956723338,11.5,87.0,65.5,6.0,6.750000000000004,17.36970633693972,0.21711128284389405,65.57125193199381,0,0,1,0,0,0,0
3235,54840,87.0,65.5,76.5,6.75,18.0,11.05,1930,416,0.0,6,53.45788043478261,69.5,11.5,2.42,29.0,41.916265,-87.800515,6,49959.75278121137,76.5,1.0760197775030902,11.5,87.0,65.5,6.0,6.750000000000004,17.369901112484552,0.21779202719406587,65.57246600741657,0,0,0,1,0,0,0
3236,54840,87.0,65.5,76.5,6.75,18.0,11.05,1930,416,0.0,6,53.45788043478261,69.5,11.5,2.42,29.0,41.907645,-87.760886,6,49961.26042632067,76.5,1.0756873648439913,11.5,87.0,65.5,6.0,6.750000000000004,17.37009576768613,0.21847235094222955,65.57367933271547,0,0,0,1,0,0,0
3237,54840,87.0,65.5,76.5,6.75,18.0,11.05,1930,416,0.0,6,53.45788043478261,69.5,11.5,2.42,29.0,41.682587,-87.707973,6,49962.76714021001,76.5,1.0753551575046325,11.5,87.0,65.5,6.0,6.750000000000004,17.370290302655963,0.219152254478072,65.57489190858554,0,0,1,0,0,0,0
3238,54840,87.0,65.5,76.5,6.75,18.0,11.05,1930,416,0.0,6,53.45788043478261,69.5,11.5,2.42,29.0,41.682587,-87.707973,6,49964.272923741904,76.5,1.0750231552948442,11.5,87.0,65.5,6.0,6.750000000000004,17.370484717505402,0.2198317381907987,65.5761037357209,0,0,0,1,0,0,0
3239,54840,87.0,65.5,76.5,6.75,18.0,11.05,1930,416,0.0,6,53.45788043478261,69.5,11.5,2.42,29.0,41.732984,-87.649642,6,49965.77777777778,76.5,1.0746913580246913,11.5,87.0,65.5,6.0,6.750000000000004,17.37067901234568,0.22051080246913488,65.57731481481481,0,1,0,0,0,0,0
3240,54840,87.0,65.5,76.5,6.75,18.0,11.05,1930,416,0.0,6,53.45788043478261,69.5,11.5,2.42,29.0,41.732984,-87.649642,6,49967.28170317803,76.5,1.074359765504474,11.5,87.0,65.5,6.0,6.750000000000004,17.370873187287874,0.2211894477013258,65.57852514655971,0,0,1,0,0,0,0
3241,54840,87.0,65.5,76.5,6.75,18.0,11.05,1930,416,0.0,6,53.45788043478261,69.5,11.5,2.42,29.0,41.732984,-87.649642,6,49968.784700801974,76.5,1.0740283775447257,11.5,87.0,65.5,6.0,6.750000000000004,17.371067242442933,0.22186767427513784,65.57973473164714,0,0,0,1,0,0,0
3242,54840,87.0,65.5,76.5,6.75,18.0,11.05,1930,416,0.0,6,53.45788043478261,69.5,11.5,2.42,29.0,41.903002,-87.68826700000002,6,49970.28677150786,76.5,1.0736971939562134,11.5,87.0,65.5,6.0,6.750000000000004,17.371261177921678,0.22254548257785906,65.5809435707678,0,0,1,0,0,0,0
3243,54840,87.0,65.5,76.5,6.75,18.0,11.05,1930,416,0.0,6,53.45788043478261,69.5,11.5,2.42,29.0,41.903002,-87.68826700000002,6,49971.7879161529,76.5,1.0733662145499383,11.5,87.0,65.5,6.0,6.750000000000004,17.37145499383477,0.2232228729962999,65.5821516646116,0,0,0,1,0,0,0
3244,54840,87.0,65.5,76.5,6.75,18.0,11.05,1930,416,0.0,6,53.45788043478261,69.5,11.5,2.42,29.0,41.678618,-87.559308,6,49973.288135593226,76.5,1.0730354391371342,11.5,87.0,65.5,6.0,6.750000000000004,17.37164869029276,0.22389984591679407,65.58335901386751,0,0,1,0,0,0,0
3245,54840,87.0,65.5,76.5,6.75,18.0,11.05,1930,416,0.0,6,53.45788043478261,69.5,11.5,2.42,29.0,41.678618,-87.559308,6,49974.787430683915,76.5,1.0727048675292667,11.5,87.0,65.5,6.0,6.750000000000004,17.371842267406038,0.22457640172519924,65.58456561922365,0,0,0,1,0,0,0
3246,54840,87.0,65.5,76.5,6.75,18.0,11.05,1930,416,0.0,6,53.45788043478261,69.5,11.5,2.42,29.0,41.740641,-87.546587,6,49976.285802279024,76.5,1.072374499538035,11.5,87.0,65.5,6.0,6.750000000000004,17.372035725284878,0.2252525408068977,65.58577148136743,0,0,1,0,0,0,0
3247,54840,87.0,65.5,76.5,6.75,18.0,11.05,1930,416,0.0,6,53.45788043478261,69.5,11.5,2.42,29.0,41.740641,-87.546587,6,49977.783251231536,76.5,1.0720443349753694,11.5,87.0,65.5,6.0,6.750000000000004,17.37222906403941,0.225928263546797,65.58697660098522,0,0,0,1,0,0,0
3248,54840,87.0,65.5,76.5,6.75,18.0,11.05,1930,416,0.0,6,53.45788043478261,69.5,11.5,2.42,29.0,41.680946,-87.535198,6,49979.27977839335,76.5,1.0717143736534318,11.5,87.0,65.5,6.0,6.750000000000004,17.372422283779628,0.2266035703293311,65.58818097876271,0,0,1,0,0,0,0
3249,54840,87.0,65.5,76.5,6.75,18.0,11.05,1930,416,0.0,6,53.45788043478261,69.5,11.5,2.42,29.0,41.680946,-87.535198,6,49980.775384615394,76.5,1.0713846153846154,11.5,87.0,65.5,6.0,6.750000000000004,17.372615384615386,0.2272784615384605,65.58938461538462,0,0,0,1,0,0,0
3250,54840,87.0,65.5,76.5,6.75,18.0,11.05,1930,416,0.0,6,53.45788043478261,69.5,11.5,2.42,29.0,41.948167,-87.730698,6,49982.27007074746,76.5,1.071055059981544,11.5,87.0,65.5,6.0,6.750000000000004,17.372808366656415,0.2279529375576735,65.5905875115349,0,0,1,0,0,0,0
3251,54840,87.0,65.5,76.5,6.75,18.0,11.05,1930,416,0.0,6,53.45788043478261,69.5,11.5,2.42,29.0,41.948167,-87.730698,6,49983.76383763838,76.5,1.0707257072570726,11.5,87.0,65.5,6.0,6.750000000000004,17.3730012300123,0.22862699876998666,65.59178966789668,0,0,0,1,0,0,0
3252,54840,87.0,65.5,76.5,6.75,18.0,11.05,1930,416,0.0,6,53.45788043478261,69.5,11.5,2.42,29.0,41.963976,-87.69181,6,49985.25668613587,76.5,1.0703965570242853,11.5,87.0,65.5,6.0,6.750000000000004,17.3731939747925,0.2293006455579454,65.59299108515216,0,0,1,0,0,0,0
3253,54840,87.0,65.5,76.5,6.75,18.0,11.05,1930,416,0.0,6,53.45788043478261,69.5,11.5,2.42,29.0,41.963976,-87.69181,6,49986.74861708666,76.5,1.070067609096497,11.5,87.0,65.5,6.0,6.750000000000004,17.37338660110633,0.2299738783036252,65.59419176398279,0,0,0,1,0,0,0
3254,54840,89.0,69.0,79.5,4.65,11.5,6.4,1931,417,0.0,9,53.45788043478261,71.0,14.5,0.075,29.12,41.867108,-87.654224,6,49988.239631336415,76.5,1.0697388632872504,11.5,87.0,65.5,6.0,6.750000000000004,17.371582181259598,0.2299262672811049,65.59585253456221,0,0,1,0,0,0,0
3255,54840,89.0,69.0,79.5,4.65,11.5,6.4,1931,417,0.0,9,53.45788043478261,71.0,14.5,0.075,29.12,41.867108,-87.654224,6,49989.72972972973,76.5,1.0694103194103195,11.5,87.0,65.5,6.0,6.750000000000004,17.36977886977887,0.22987868550368445,65.59751228501229,0,0,0,1,0,0,0
3256,54840,89.0,69.0,79.5,4.65,11.5,6.4,1931,417,0.0,9,53.45788043478261,71.0,14.5,0.075,29.12,41.974689,-87.890615,6,49991.218913110235,76.5,1.069081977279705,11.5,87.0,65.5,6.0,6.750000000000004,17.36797666564323,0.22983113294442634,65.59917101627265,0,0,1,0,0,0,0
3257,54840,89.0,69.0,79.5,4.65,11.5,6.4,1931,417,0.0,9,53.45788043478261,71.0,14.5,0.075,29.12,41.974689,-87.890615,6,49992.70718232044,76.5,1.068753836709638,11.5,87.0,65.5,6.0,6.750000000000004,17.366175567833025,0.2297836095764262,65.60082872928177,0,0,0,1,0,0,0
3258,54840,89.0,69.0,79.5,4.65,11.5,6.4,1931,417,0.0,9,53.45788043478261,71.0,14.5,0.075,29.12,41.957799,-87.930995,6,49994.194538201904,76.5,1.068425897514575,11.5,87.0,65.5,6.0,6.750000000000004,17.364375575329856,0.2297361153728127,65.60248542497699,0,0,1,0,0,0,0
3259,54840,89.0,69.0,79.5,4.65,11.5,6.4,1931,417,0.0,9,53.45788043478261,71.0,14.5,0.075,29.12,41.957799,-87.930995,6,49995.68098159509,76.5,1.0680981595092025,11.5,87.0,65.5,6.0,6.750000000000004,17.36257668711656,0.22968865030674745,65.60414110429448,0,0,0,1,0,0,0
3260,54780,86.0,70.5,78.5,6.4,4.0,8.1,1931,418,0.0,7,53.45788043478261,33.5,13.5,0.0,14.6,41.95469,-87.800991,6,49997.14811407544,76.5,1.067770622508433,11.5,87.0,65.5,6.0,6.750000000000004,17.358478994173566,0.2296182152713881,65.59429622815087,0,1,0,0,0,0,0
3261,54780,86.0,70.5,78.5,6.4,4.0,8.1,1931,418,0.0,7,53.45788043478261,33.5,13.5,0.0,14.6,41.95469,-87.800991,6,49998.61434702637,79.5,1.0674432863274066,14.5,89.0,65.5,9.0,6.750000000000004,17.354383813611282,0.22954782342121294,65.58445738810546,0,0,1,0,0,0,0
3262,54780,86.0,70.5,78.5,6.4,4.0,8.1,1931,418,0.0,7,53.45788043478261,33.5,13.5,0.0,14.6,41.95469,-87.800991,6,50000.0796812749,79.5,1.0671161507814897,14.5,89.0,65.5,9.0,6.750000000000004,17.350291143119833,0.22947747471651755,65.57462457860865,0,0,0,1,0,0,0
3263,54780,86.0,70.5,78.5,6.4,4.0,8.1,1931,418,0.0,7,53.45788043478261,33.5,13.5,0.0,14.6,41.964242,-87.757639,6,50001.54411764706,79.5,1.0667892156862746,14.5,89.0,65.5,9.0,6.750000000000004,17.346200980392158,0.22940716911764605,65.56479779411765,0,0,1,0,0,0,0
3264,54780,86.0,70.5,78.5,6.4,4.0,8.1,1931,418,0.0,7,53.45788043478261,33.5,13.5,0.0,14.6,41.964242,-87.757639,6,50003.00765696784,79.5,1.0664624808575804,14.5,89.0,69.0,9.0,6.750000000000004,17.342113323124043,0.2293369065849913,65.55497702909648,0,0,0,1,0,0,0
3265,54780,86.0,70.5,78.5,6.4,4.0,8.1,1931,418,0.0,7,53.45788043478261,33.5,13.5,0.0,14.6,42.008314,-87.77792099999998,6,50004.47030006124,79.5,1.0661359461114512,14.5,89.0,69.0,9.0,6.750000000000004,17.338028169014088,0.2292666870789947,65.54516227801592,0,1,0,0,0,0,0
3266,54780,86.0,70.5,78.5,6.4,4.0,8.1,1931,418,0.0,7,53.45788043478261,33.5,13.5,0.0,14.6,42.008314,-87.77792099999998,6,50005.93204775023,79.5,1.0658096112641566,14.5,89.0,69.0,9.0,6.750000000000004,17.3339455157637,0.2291965105601459,65.53535353535354,0,0,1,0,0,0,0
3267,54780,86.0,70.5,78.5,6.4,4.0,8.1,1931,418,0.0,7,53.45788043478261,33.5,13.5,0.0,14.6,42.008314,-87.77792099999998,6,50007.392900856794,78.5,1.065483476132191,13.5,86.0,69.0,7.0,6.750000000000004,17.329865361077108,0.2291263769889831,65.52555079559363,0,0,0,1,0,0,0
3268,54780,86.0,70.5,78.5,6.4,4.0,8.1,1931,418,0.0,7,53.45788043478261,33.5,13.5,0.0,14.6,41.98196400000001,-87.812827,6,50008.85286020191,78.5,1.0651575405322729,13.5,86.0,69.0,7.0,6.750000000000004,17.325787702661366,0.2290562863260926,65.51575405322728,0,0,1,0,0,0,0
3269,54780,86.0,70.5,78.5,6.4,4.0,8.1,1931,418,0.0,7,53.45788043478261,33.5,13.5,0.0,14.6,41.99247800000001,-87.862995,6,50010.31192660551,78.5,1.0648318042813456,13.5,86.0,69.0,7.0,6.750000000000004,17.3217125382263,0.2289862385321091,65.50596330275229,0,0,1,0,0,0,0
3270,54780,86.0,70.5,78.5,6.4,4.0,8.1,1931,418,0.0,7,53.45788043478261,33.5,13.5,0.0,14.6,41.98196400000001,-87.812827,6,50011.770100886584,78.5,1.064506267196576,13.5,86.0,70.5,7.0,6.750000000000004,17.317639865484562,0.2289162335677153,65.49617853867319,0,0,0,1,0,0,0
3271,54780,86.0,70.5,78.5,6.4,4.0,8.1,1931,418,0.0,7,53.45788043478261,33.5,13.5,0.0,14.6,41.99247800000001,-87.862995,6,50013.227383863086,78.5,1.0641809290953546,13.5,86.0,70.5,7.0,6.750000000000004,17.313569682151588,0.22884627139364205,65.48639975550122,0,0,0,1,0,0,0
3272,54780,86.0,70.5,78.5,6.4,4.0,8.1,1931,418,0.0,7,53.45788043478261,33.5,13.5,0.0,14.6,41.944869,-87.832763,6,50014.68377635197,78.5,1.063855789795295,13.5,86.0,70.5,7.0,6.750000000000004,17.309501985945616,0.2287763519706681,65.47662694775435,0,0,1,0,0,0,0
3273,54780,86.0,70.5,78.5,6.4,4.0,8.1,1931,418,0.0,7,53.45788043478261,33.5,13.5,0.0,14.6,41.944869,-87.832763,6,50016.13927916921,78.5,1.0635308491142337,13.5,86.0,70.5,7.0,6.750000000000004,17.305436774587662,0.22870647525962026,65.46686010995725,0,0,0,1,0,0,0
3274,54780,86.0,70.5,78.5,6.4,4.0,8.1,1931,418,0.0,7,53.45788043478261,33.5,13.5,0.0,14.6,41.991429,-87.747113,6,50017.593893129764,78.5,1.063206106870229,13.5,86.0,70.5,7.0,6.750000000000004,17.301374045801527,0.22863664122137306,65.45709923664123,0,0,1,0,0,0,0
3275,54780,86.0,70.5,78.5,6.4,4.0,8.1,1931,418,0.0,7,53.45788043478261,33.5,13.5,0.0,14.6,41.991429,-87.747113,6,50019.04761904762,78.5,1.0628815628815629,13.5,86.0,70.5,7.0,6.750000000000004,17.297313797313798,0.2285668498168488,65.44734432234432,0,0,0,1,0,0,0
3276,54780,86.0,70.5,78.5,6.4,4.0,8.1,1931,418,0.0,7,53.45788043478261,33.5,13.5,0.0,14.6,42.011601,-87.81150600000002,6,50020.50045773573,78.5,1.062557216966738,13.5,86.0,70.5,7.0,6.750000000000004,17.293256026853832,0.2284971010070176,65.43759536161123,0,0,1,0,0,0,0
3277,54780,86.0,70.5,78.5,6.4,4.0,8.1,1931,418,0.0,7,53.45788043478261,33.5,13.5,0.0,14.6,42.011601,-87.81150600000002,6,50021.9524100061,78.5,1.0622330689444783,13.5,86.0,70.5,7.0,6.750000000000004,17.289200732153752,0.2284273947528971,65.42785234899328,0,0,0,1,0,0,0
3278,54780,86.0,70.5,78.5,6.4,4.0,8.1,1931,418,0.0,7,53.45788043478261,33.5,13.5,0.0,14.6,41.960616,-87.777189,6,50023.403476669715,78.5,1.0619091186337295,13.5,86.0,70.5,7.0,6.750000000000004,17.28514791094846,0.2283577310155525,65.4181152790485,0,0,1,0,0,0,0
3279,54780,86.0,70.5,78.5,6.4,4.0,8.1,1931,418,0.0,7,53.45788043478261,33.5,13.5,0.0,14.6,41.960616,-87.777189,6,50024.853658536595,78.5,1.0615853658536585,13.5,86.0,70.5,7.0,6.750000000000004,17.28109756097561,0.2282881097560965,65.40838414634146,0,0,0,1,0,0,0
3280,54780,86.0,70.5,78.5,6.4,4.0,8.1,1931,418,0.0,7,53.45788043478261,33.5,13.5,0.0,14.6,42.010412,-87.66214000000002,6,50026.30295641573,78.5,1.0612618104236513,13.5,86.0,70.5,7.0,6.750000000000004,17.27704967997562,0.2282185309356893,65.39865894544346,0,0,0,1,0,0,0
3281,54780,86.0,70.5,78.5,6.4,4.0,8.1,1931,418,0.0,7,53.45788043478261,33.5,13.5,0.0,14.6,41.986921,-87.689778,6,50027.751371115184,78.5,1.060938452163315,13.5,86.0,70.5,7.0,6.750000000000004,17.27300426569165,0.2281489945155383,65.38893967093236,0,0,1,0,0,0,0
3282,54780,86.0,70.5,78.5,6.4,4.0,8.1,1931,418,0.0,7,53.45788043478261,33.5,13.5,0.0,14.6,41.986921,-87.689778,6,50029.198903441975,78.5,1.0606152908924764,13.5,86.0,70.5,7.0,4.650000000000004,17.268961315869632,0.22807950045689815,65.37922631739265,0,0,0,1,0,0,0
3283,54780,86.0,70.5,78.5,6.4,4.0,8.1,1931,418,0.0,7,53.45788043478261,33.5,13.5,0.0,14.6,41.89923,-87.716788,6,50030.64555420219,78.5,1.0602923264311814,13.5,86.0,70.5,7.0,4.650000000000004,17.264920828258223,0.2280100487210709,65.36951887941535,0,0,1,0,0,0,0
3284,54780,86.0,70.5,78.5,6.4,4.0,8.1,1931,418,0.0,7,53.45788043478261,33.5,13.5,0.0,14.6,41.801498,-87.763416,6,50032.091324200905,78.5,1.0599695585996955,13.5,86.0,70.5,7.0,4.650000000000004,17.26088280060883,0.2279406392694054,65.35981735159817,0,1,0,0,0,0,0
3285,54780,86.0,70.5,78.5,6.4,4.0,8.1,1931,418,0.0,7,53.45788043478261,33.5,13.5,0.0,14.6,41.801498,-87.763416,6,50033.53621424224,78.5,1.0596469872185028,13.5,86.0,70.5,7.0,4.650000000000004,17.256847230675593,0.22787127206329785,65.35012172854535,0,0,0,1,0,0,0
3286,54780,86.0,70.5,78.5,6.4,4.0,8.1,1931,418,0.0,7,53.45788043478261,33.5,13.5,0.0,14.6,41.906638,-87.701431,6,50034.9802251293,78.5,1.0593246121083055,13.5,86.0,70.5,7.0,4.650000000000004,17.252814116215394,0.2278019470641913,65.34043200486767,0,0,1,0,0,0,0
3287,54780,86.0,70.5,78.5,6.4,4.0,8.1,1931,418,0.0,7,53.45788043478261,33.5,13.5,0.0,14.6,41.911824,-87.726737,6,50036.42335766424,78.5,1.0590024330900245,13.5,86.0,70.5,7.0,4.650000000000004,17.248783454987837,0.22773266423357566,65.33074817518248,0,0,1,0,0,0,0
3288,54780,86.0,70.5,78.5,6.4,4.0,8.1,1931,418,0.0,7,53.45788043478261,33.5,13.5,0.0,14.6,41.891118,-87.65449100000002,6,50037.865612648224,78.5,1.0586804499847975,13.5,86.0,70.5,7.0,6.400000000000004,17.244755244755243,0.2276634235329877,65.32107023411372,0,0,1,0,0,0,0
3289,54780,86.0,70.5,78.5,6.4,4.0,8.1,1931,418,0.0,7,53.45788043478261,33.5,13.5,0.0,14.6,41.891118,-87.65449100000002,6,50039.306990881465,78.5,1.0583586626139818,13.5,86.0,70.5,7.0,6.400000000000004,17.240729483282674,0.2275942249240112,65.31139817629179,0,0,0,1,0,0,0
3290,54780,86.0,70.5,78.5,6.4,4.0,8.1,1931,418,0.0,7,53.45788043478261,33.5,13.5,0.0,14.6,41.868142,-87.696269,6,50040.747493163166,78.5,1.0580370707991489,13.5,86.0,70.5,7.0,6.400000000000004,17.236706168337893,0.2275250683682761,65.30173199635371,0,0,1,0,0,0,0
3291,54780,86.0,70.5,78.5,6.4,4.0,8.1,1931,418,0.0,7,53.45788043478261,33.5,13.5,0.0,14.6,41.868142,-87.696269,6,50042.18712029161,78.5,1.05771567436209,13.5,86.0,70.5,7.0,6.400000000000004,17.232685297691376,0.2274559538274595,65.2920716889429,0,0,0,1,0,0,0
3292,54780,86.0,70.5,78.5,6.4,4.0,8.1,1931,418,0.0,7,53.45788043478261,33.5,13.5,0.0,14.6,41.868142,-87.696269,6,50043.625873064084,78.5,1.0573944731248102,13.5,86.0,70.5,7.0,6.400000000000004,17.228666869116307,0.22738688126328474,65.28241724870938,0,0,0,0,1,0,0
3293,54780,86.0,70.5,78.5,6.4,4.0,8.1,1931,418,0.0,7,53.45788043478261,33.5,13.5,0.0,14.6,41.867108,-87.654224,6,50045.06375227687,78.5,1.0570734669095323,13.5,86.0,70.5,7.0,6.400000000000004,17.224650880388587,0.2273178506375217,65.27276867030966,0,1,0,0,0,0,0
3294,54780,86.0,70.5,78.5,6.4,4.0,8.1,1931,418,0.0,7,53.45788043478261,33.5,13.5,0.0,14.6,41.867108,-87.654224,6,50046.50075872534,78.5,1.056752655538695,13.5,86.0,70.5,7.0,6.400000000000004,17.220637329286802,0.22724886191198684,65.26312594840668,0,0,1,0,0,0,0
3295,54780,86.0,70.5,78.5,6.4,4.0,8.1,1931,418,0.0,7,53.45788043478261,33.5,13.5,0.0,14.6,41.867108,-87.654224,6,50047.936893203885,78.5,1.0564320388349515,13.5,86.0,70.5,7.0,6.400000000000004,17.21662621359223,0.2271799150485427,65.2534890776699,0,0,0,1,0,0,0
3296,54780,86.0,70.5,78.5,6.4,4.0,8.1,1931,418,0.0,7,53.45788043478261,33.5,13.5,0.0,14.6,41.867108,-87.654224,6,50049.37215650592,78.5,1.0561116166211708,13.5,86.0,70.5,7.0,6.400000000000004,17.212617531088867,0.22711101000909814,65.24385805277525,0,0,0,0,1,0,0
3297,54780,86.0,70.5,78.5,6.4,4.0,8.1,1931,418,0.0,7,53.45788043478261,33.5,13.5,0.0,14.6,41.896282,-87.655232,6,50050.80654942388,78.5,1.0557913887204369,13.5,86.0,70.5,7.0,6.400000000000004,17.20861127956337,0.22704214675560844,65.2342328684051,0,0,1,0,0,0,0
3298,54780,86.0,70.5,78.5,6.4,4.0,8.1,1931,418,0.0,7,53.45788043478261,33.5,13.5,0.0,14.6,41.896282,-87.655232,6,50052.240072749315,78.5,1.0554713549560473,13.5,86.0,70.5,7.0,6.400000000000004,17.204607456805093,0.2269733252500748,65.22461351924825,0,0,0,1,0,0,0
3299,54780,86.0,70.5,78.5,6.4,4.0,8.1,1931,418,0.0,7,53.45788043478261,33.5,13.5,0.0,14.6,41.921965,-87.632085,6,50053.67272727274,78.5,1.0551515151515152,13.5,86.0,70.5,7.0,6.400000000000004,17.20060606060606,0.22690454545454444,65.215,0,0,1,0,0,0,0
3300,54780,86.0,70.5,78.5,6.4,4.0,8.1,1931,418,0.0,7,53.45788043478261,33.5,13.5,0.0,14.6,41.801179,-87.679447,6,50055.1045137837,78.5,1.0548318691305665,13.5,86.0,70.5,7.0,6.400000000000004,17.19660708876098,0.2268358073311108,65.20539230536201,0,0,0,1,0,0,0
3301,54780,86.0,70.5,78.5,6.4,4.0,8.1,1931,418,0.0,7,53.45788043478261,33.5,13.5,0.0,14.6,41.82561,-87.726549,6,50056.53543307087,78.5,1.0545124167171411,13.5,86.0,70.5,7.0,6.400000000000004,17.192610539067232,0.22676711084191295,65.1957904300424,0,0,1,0,0,0,0
3302,54780,86.0,70.5,78.5,6.4,4.0,8.1,1931,418,0.0,7,53.45788043478261,33.5,13.5,0.0,14.6,41.778297,-87.752411,6,50057.965485921886,78.5,1.0541931577353922,13.5,86.0,70.5,7.0,6.400000000000004,17.188616409324855,0.2266984559491361,65.18619436875568,0,0,1,0,0,0,0
3303,54780,86.0,70.5,78.5,6.4,4.0,8.1,1931,418,0.0,7,53.45788043478261,33.5,13.5,0.0,14.6,41.77166,-87.703047,6,50059.39467312348,78.5,1.0538740920096852,13.5,86.0,70.5,7.0,6.400000000000004,17.184624697336563,0.2266298426150111,65.17660411622275,0,0,1,0,0,0,0
3304,54780,86.0,70.5,78.5,6.4,4.0,8.1,1931,418,0.0,7,53.45788043478261,33.5,13.5,0.0,14.6,41.77166,-87.703047,6,50060.822995461414,78.5,1.0535552193645992,13.5,86.0,70.5,7.0,6.400000000000004,17.180635400907715,0.22656127080181446,65.16701966717095,0,0,0,1,0,0,0
3305,54780,86.0,70.5,78.5,6.4,4.0,8.1,1931,418,0.0,7,53.45788043478261,33.5,13.5,0.0,14.6,41.768388,-87.678649,6,50062.25045372051,78.5,1.0532365396249244,13.5,86.0,70.5,7.0,6.400000000000004,17.17664851784634,0.2264927404718683,65.15744101633393,0,0,0,1,0,0,0
3306,54780,86.0,70.5,78.5,6.4,4.0,8.1,1931,418,0.0,7,53.45788043478261,33.5,13.5,0.0,14.6,41.773215,-87.60088,6,50063.67704868461,78.5,1.0529180526156638,13.5,86.0,70.5,7.0,6.400000000000004,17.17266404596311,0.22642425158754054,65.14786815845177,0,0,1,0,0,0,0
3307,54780,86.0,70.5,78.5,6.4,4.0,8.1,1931,418,0.0,7,53.45788043478261,33.5,13.5,0.0,14.6,41.822536,-87.66634300000004,6,50065.102781136644,78.5,1.0525997581620314,13.5,86.0,70.5,7.0,6.400000000000004,17.168681983071338,0.22635580411124445,65.13830108827085,0,0,1,0,0,0,0
3308,54780,86.0,70.5,78.5,6.4,4.0,8.1,1931,418,0.0,7,53.45788043478261,33.5,13.5,0.0,14.6,41.822536,-87.66634300000004,6,50066.52765185857,78.5,1.052281656089453,13.5,86.0,70.5,7.0,6.400000000000004,17.16470232698701,0.2262873980054387,65.12873980054397,0,0,0,1,0,0,0
3309,54780,86.0,70.5,78.5,6.4,4.0,8.1,1931,418,0.0,7,53.45788043478261,33.5,13.5,0.0,14.6,41.754676,-87.612922,6,50067.951661631414,78.5,1.051963746223565,13.5,86.0,70.5,7.0,6.400000000000004,17.160725075528706,0.2262190332326274,65.1191842900302,0,0,1,0,0,0,0
3310,54780,86.0,70.5,78.5,6.4,4.0,8.1,1931,418,0.0,7,53.45788043478261,33.5,13.5,0.0,14.6,41.754292,-87.590773,6,50069.374811235284,78.5,1.0516460283902145,13.5,86.0,70.5,7.0,6.400000000000004,17.15675022651767,0.2261507097553599,65.10963455149503,0,1,0,0,0,0,0
3311,54780,86.0,70.5,78.5,6.4,4.0,8.1,1931,418,0.0,7,53.45788043478261,33.5,13.5,0.0,14.6,41.754292,-87.590773,6,50070.797101449265,78.5,1.0513285024154588,13.5,86.0,70.5,7.0,6.400000000000004,17.15277777777778,0.2260824275362309,65.10009057971014,0,0,1,0,0,0,0
3312,54780,86.0,70.5,78.5,6.4,4.0,8.1,1931,418,0.0,7,53.45788043478261,33.5,13.5,0.0,14.6,41.723195,-87.64997,6,50072.218533051615,78.5,1.051011168125566,13.5,86.0,70.5,7.0,6.400000000000004,17.148807727135527,0.2260141865378801,65.09055236945366,0,0,0,1,0,0,0
3313,54780,86.0,70.5,78.5,6.4,4.0,8.1,1931,418,0.0,7,53.45788043478261,33.5,13.5,0.0,14.6,41.868077,-87.666901,6,50073.63910681955,78.5,1.0506940253470127,13.5,86.0,70.5,7.0,6.400000000000004,17.144840072420035,0.22594598672299235,65.08101991550996,0,0,1,0,0,0,0
3314,54780,86.0,70.5,78.5,6.4,4.0,8.1,1931,418,0.0,7,53.45788043478261,33.5,13.5,0.0,14.6,41.868077,-87.666901,6,50075.05882352941,78.5,1.0503770739064855,13.5,86.0,70.5,7.0,6.400000000000004,17.140874811463046,0.2258778280542976,65.07149321266968,0,0,0,1,0,0,0
3315,54780,86.0,70.5,78.5,6.4,4.0,8.1,1931,418,0.0,7,53.45788043478261,33.5,13.5,0.0,14.6,41.720848,-87.666014,6,50076.477683956575,78.5,1.0500603136308806,13.5,86.0,70.5,7.0,6.400000000000004,17.136911942098912,0.2258097104945708,65.0619722557298,0,0,1,0,0,0,0
3316,54780,86.0,70.5,78.5,6.4,4.0,8.1,1931,418,0.0,7,53.45788043478261,33.5,13.5,0.0,14.6,41.720848,-87.666014,6,50077.89568887549,78.5,1.049743744347302,13.5,86.0,70.5,7.0,6.400000000000004,17.132951462164606,0.2257416340066315,65.05245703949352,0,0,0,1,0,0,0
3317,54780,86.0,70.5,78.5,6.4,4.0,8.1,1931,418,0.0,7,53.45788043478261,33.5,13.5,0.0,14.6,41.704336,-87.70373599999998,6,50079.312839059676,78.5,1.0494273658830622,13.5,86.0,70.5,7.0,6.400000000000004,17.1289933694997,0.2256735985533444,65.04294755877034,0,0,1,0,0,0,0
3318,54780,86.0,70.5,78.5,6.4,4.0,8.1,1931,418,0.0,7,53.45788043478261,33.5,13.5,0.0,14.6,41.798697,-87.736812,6,50080.72913528171,78.5,1.0491111780656823,13.5,86.0,70.5,7.0,6.400000000000004,17.12503766194637,0.2256056040976188,65.03344380837602,0,0,0,1,0,0,0
3319,54780,86.0,70.5,78.5,6.4,4.0,8.1,1931,418,0.0,7,53.45788043478261,33.5,13.5,0.0,14.6,41.673408,-87.599862,6,50082.14457831325,78.5,1.0487951807228917,13.5,86.0,70.5,7.0,6.400000000000004,17.121084337349398,0.22553765060240866,65.02394578313253,0,1,0,0,0,0,0
3320,54780,86.0,70.5,78.5,6.4,4.0,8.1,1931,418,0.0,7,53.45788043478261,33.5,13.5,0.0,14.6,41.673408,-87.599862,6,50083.55916892502,78.5,1.0484793736826257,13.5,86.0,70.5,7.0,6.400000000000004,17.117133393556163,0.22546973803071266,65.01445347786812,0,0,1,0,0,0,0
3321,54780,86.0,70.5,78.5,6.4,4.0,8.1,1931,418,0.0,7,53.45788043478261,33.5,13.5,0.0,14.6,41.673408,-87.599862,6,50084.97290788682,78.5,1.0481637567730282,13.5,86.0,70.5,7.0,6.400000000000004,17.113184828416614,0.225401866345574,65.00496688741723,0,0,0,1,0,0,0
3322,54780,86.0,70.5,78.5,6.4,4.0,8.1,1931,418,0.0,7,53.45788043478261,33.5,13.5,0.0,14.6,41.704572,-87.56566600000002,6,50086.3857959675,78.5,1.0478483298224497,13.5,86.0,70.5,7.0,6.400000000000004,17.109238639783328,0.22533403551008024,64.99548600662052,0,0,1,0,0,0,0
3323,54780,86.0,70.5,78.5,6.4,4.0,8.1,1931,418,0.0,7,53.45788043478261,33.5,13.5,0.0,14.6,41.704572,-87.56566600000002,6,50087.79783393502,78.5,1.0475330926594464,13.5,86.0,70.5,7.0,6.400000000000004,17.105294825511432,0.22526624548736365,64.9860108303249,0,0,0,1,0,0,0
3324,54780,86.0,70.5,78.5,6.4,4.0,8.1,1931,418,0.0,7,53.45788043478261,33.5,13.5,0.0,14.6,41.662014,-87.72460799999998,6,50089.20902255639,78.5,1.047218045112782,13.5,86.0,70.5,7.0,6.400000000000004,17.101353383458648,0.2251984962406005,64.97654135338345,0,0,1,0,0,0,0
3325,54780,86.0,70.5,78.5,6.4,4.0,8.1,1931,418,0.0,7,53.45788043478261,33.5,13.5,0.0,14.6,41.662014,-87.72460799999998,6,50090.61936259772,78.5,1.0469031870114252,13.5,86.0,70.5,7.0,6.400000000000004,17.097414311485267,0.2251307877330116,64.96707757065545,0,0,0,1,0,0,0
3326,54780,86.0,70.5,78.5,6.4,4.0,8.1,1931,418,0.0,7,53.45788043478261,33.5,13.5,0.0,14.6,41.94016,-87.794896,6,50092.02885482417,78.5,1.046588518184551,13.5,86.0,70.5,7.0,6.400000000000004,17.093477607454158,0.22506311992786196,64.95761947700632,0,0,1,0,0,0,0
3327,54780,86.0,70.5,78.5,6.4,4.0,8.1,1931,418,0.0,7,53.45788043478261,33.5,13.5,0.0,14.6,41.94016,-87.794896,6,50093.4375,78.5,1.0462740384615383,13.5,86.0,70.5,7.0,6.400000000000004,17.08954326923077,0.22499549278846054,64.94816706730771,0,0,0,1,0,0,0
3328,54780,86.0,70.5,78.5,6.4,4.0,8.1,1931,418,0.0,7,53.45788043478261,33.5,13.5,0.0,14.6,41.94016,-87.794896,6,50094.84529888856,78.5,1.0459597476719735,13.5,86.0,70.5,7.0,6.400000000000004,17.085611294683087,0.22492790627816064,64.93872033643737,0,0,0,0,1,0,0
3329,54780,86.0,70.5,78.5,6.4,4.0,8.1,1931,418,0.0,7,53.45788043478261,33.5,13.5,0.0,14.6,41.94016,-87.794896,6,50096.252252252256,78.5,1.0456456456456455,13.5,86.0,70.5,7.0,6.400000000000004,17.081681681681687,0.22486036036035936,64.92927927927929,0,0,0,0,0,0,1
3330,54780,86.0,70.5,78.5,6.4,4.0,8.1,1931,418,0.0,7,53.45788043478261,33.5,13.5,0.0,14.6,41.878114,-87.629798,6,50097.6583608526,78.5,1.0453317322125488,13.5,86.0,70.5,7.0,6.400000000000004,17.07775442809967,0.22479285499849794,64.9198438907235,0,0,1,0,0,0,0
3331,54780,86.0,70.5,78.5,6.4,4.0,8.1,1931,418,0.0,7,53.45788043478261,33.5,13.5,0.0,14.6,41.878114,-87.629798,6,50099.06362545019,78.5,1.0450180072028812,13.5,86.0,70.5,7.0,6.400000000000004,17.073829531812724,0.22472539015606144,64.91041416566628,0,0,0,1,0,0,0
3332,54780,86.0,70.5,78.5,6.4,4.0,8.1,1931,418,0.0,7,53.45788043478261,33.5,13.5,0.0,14.6,41.932094,-87.700117,6,50100.46804680468,78.5,1.0447044704470447,13.5,86.0,70.5,7.0,6.400000000000004,17.06990699069907,0.22465796579657865,64.90099009900989,0,0,1,0,0,0,0
3333,54780,86.0,70.5,78.5,6.4,4.0,8.1,1931,418,0.0,7,53.45788043478261,33.5,13.5,0.0,14.6,41.932094,-87.700117,6,50101.871625674874,78.5,1.044391121775645,13.5,86.0,70.5,7.0,6.400000000000004,17.065986802639472,0.22459058188362227,64.89157168566287,0,0,0,1,0,0,0
3334,54780,86.0,70.5,78.5,6.4,4.0,8.1,1931,418,0.0,7,53.45788043478261,33.5,13.5,0.0,14.6,42.01743,-87.68776899999996,6,50103.274362818585,78.5,1.0440779610194904,13.5,86.0,70.5,7.0,6.400000000000004,17.06206896551724,0.2245232383808086,64.88215892053972,0,1,0,0,0,0,0
3335,54780,86.0,70.5,78.5,6.4,4.0,8.1,1931,418,0.0,7,53.45788043478261,33.5,13.5,0.0,14.6,42.01743,-87.68776899999996,6,50104.676258992804,78.5,1.0437649880095925,13.5,86.0,70.5,7.0,6.400000000000004,17.058153477218227,0.22445593525179755,64.87275179856114,0,0,1,0,0,0,0
3336,54780,86.0,70.5,78.5,6.4,4.0,8.1,1931,418,0.0,7,53.45788043478261,33.5,13.5,0.0,14.6,42.01743,-87.68776899999996,6,50106.07731495355,78.5,1.043452202577165,13.5,86.0,70.5,7.0,6.400000000000004,17.054240335630805,0.22438867246029268,64.86335031465389,0,0,0,1,0,0,0
3337,54780,86.0,70.5,78.5,6.4,4.0,8.1,1931,418,0.0,7,53.45788043478261,33.5,13.5,0.0,14.6,41.916265,-87.800515,6,50107.47753145597,78.5,1.043139604553625,13.5,86.0,70.5,7.0,6.400000000000004,17.050329538645894,0.22432144997004091,64.85395446375075,0,0,1,0,0,0,0
3338,54780,86.0,70.5,78.5,6.4,4.0,8.1,1931,418,0.0,7,53.45788043478261,33.5,13.5,0.0,14.6,41.916265,-87.800515,6,50108.87690925426,78.5,1.04282719377059,13.5,86.0,70.5,7.0,6.400000000000004,17.046421084156933,0.2242542677448328,64.84456424079065,0,0,0,1,0,0,0
3339,54780,86.0,70.5,78.5,6.4,4.0,8.1,1931,418,0.0,7,53.45788043478261,33.5,13.5,0.0,14.6,41.846075,-87.716277,6,50110.2754491018,78.5,1.04251497005988,13.5,86.0,70.5,7.0,6.400000000000004,17.04251497005988,0.22418712574850197,64.83517964071856,0,0,1,0,0,0,0
3340,54780,86.0,70.5,78.5,6.4,4.0,8.1,1931,418,0.0,7,53.45788043478261,33.5,13.5,0.0,14.6,41.846075,-87.716277,6,50111.673151750976,78.5,1.0422029332535172,13.5,86.0,70.5,7.0,6.400000000000004,17.038611194253217,0.22412002394492567,64.82580065848548,0,0,0,1,0,0,0
3341,54780,86.0,70.5,78.5,6.4,4.0,8.1,1931,418,0.0,7,53.45788043478261,33.5,13.5,0.0,14.6,41.907645,-87.760886,6,50113.07001795332,78.5,1.0418910831837225,13.5,86.0,70.5,7.0,6.400000000000004,17.03470975463794,0.22405296229802413,64.81642728904848,0,1,0,0,0,0,0
3342,54780,86.0,70.5,78.5,6.4,4.0,8.1,1931,418,0.0,7,53.45788043478261,33.5,13.5,0.0,14.6,41.907645,-87.760886,6,50114.46604845945,78.5,1.0415794196829196,13.5,86.0,70.5,7.0,6.400000000000004,17.030810649117562,0.2239859407717609,64.80705952737064,0,0,1,0,0,0,0
3343,54780,86.0,70.5,78.5,6.4,4.0,8.1,1931,418,0.0,7,53.45788043478261,33.5,13.5,0.0,14.6,41.907645,-87.760886,6,50115.86124401914,78.5,1.041267942583732,13.5,86.0,70.5,7.0,6.400000000000004,17.026913875598087,0.22391895933014253,64.79769736842105,0,0,0,1,0,0,0
3344,54780,86.0,70.5,78.5,6.4,4.0,8.1,1931,418,0.0,7,53.45788043478261,33.5,13.5,0.0,14.6,41.776156,-87.778927,6,50117.25560538117,78.5,1.0409566517189837,13.5,86.0,70.5,7.0,6.400000000000004,17.023019431988043,0.22385201793721876,64.78834080717489,0,0,0,1,0,0,0
3345,54780,86.0,70.5,78.5,6.4,4.0,8.1,1931,418,0.0,7,53.45788043478261,33.5,13.5,0.0,14.6,41.682587,-87.707973,6,50118.649133293475,78.5,1.0406455469216975,13.5,86.0,70.5,7.0,6.400000000000004,17.019127316198443,0.22378511655708208,64.77898983861327,0,0,1,0,0,0,0
3346,54780,86.0,70.5,78.5,6.4,4.0,8.1,1931,418,0.0,7,53.45788043478261,33.5,13.5,0.0,14.6,41.682587,-87.707973,6,50120.041828503134,78.5,1.0403346280250971,13.5,86.0,70.5,7.0,6.400000000000004,17.015237526142815,0.22371825515386812,64.76964445772333,0,0,0,1,0,0,0
3347,54780,86.0,70.5,78.5,6.4,4.0,8.1,1931,418,0.0,7,53.45788043478261,33.5,13.5,0.0,14.6,41.732984,-87.649642,6,50121.433691756276,78.5,1.0400238948626046,13.5,86.0,70.5,7.0,6.400000000000004,17.011350059737158,0.22365143369175527,64.7603046594982,0,0,1,0,0,0,0
3348,54780,86.0,70.5,78.5,6.4,4.0,8.1,1931,418,0.0,7,53.45788043478261,33.5,13.5,0.0,14.6,41.963976,-87.69181,6,50122.824723798156,78.5,1.039713347267841,13.5,86.0,70.5,7.0,6.400000000000004,17.007464914899973,0.22358465213496467,64.750970438937,0,0,1,0,0,0,0
3349,54780,86.0,70.5,78.5,6.4,4.0,8.1,1931,418,0.0,7,53.45788043478261,33.5,13.5,0.0,14.6,41.963976,-87.69181,6,50124.21492537313,78.5,1.0394029850746271,13.5,86.0,70.5,7.0,6.400000000000004,17.00358208955224,0.2235179104477602,64.74164179104477,0,0,0,1,0,0,0
3350,54720,77.5,64.0,71.0,12.8,30.0,13.4,1931,419,0.0,-1,53.45788043478261,61.0,6.0,0.0,28.92,41.750498,-87.605294,6,50125.586392121746,78.5,1.0390928081169801,13.5,86.0,70.5,7.0,6.400000000000004,17.00746045956431,0.2234512085944484,64.74052521635333,0,0,0,1,0,0,0
3351,54720,77.5,64.0,71.0,12.8,30.0,13.4,1931,419,0.0,-1,53.45788043478261,61.0,6.0,0.0,28.92,41.72646500000001,-87.585413,6,50126.957040572786,78.5,1.0387828162291168,13.5,86.0,70.5,7.0,6.400000000000004,17.011336515513126,0.22338454653937848,64.73940930787589,0,0,1,0,0,0,0
3352,54720,77.5,64.0,71.0,12.8,30.0,13.4,1931,419,0.0,-1,53.45788043478261,61.0,6.0,0.0,28.92,41.740641,-87.546587,6,50128.3268714584,78.5,1.038473009245452,13.5,86.0,70.5,7.0,6.400000000000004,17.015210259469132,0.22331792424694205,64.7382940650164,0,0,1,0,0,0,0
3353,54720,77.5,64.0,71.0,12.8,30.0,13.4,1931,419,0.0,-1,53.45788043478261,61.0,6.0,0.0,28.92,41.740641,-87.546587,6,50129.695885509835,78.5,1.0381633870005964,13.5,86.0,70.5,7.0,6.400000000000004,17.019081693500294,0.22325134168157326,64.73717948717949,0,0,0,1,0,0,0
3354,54720,77.5,64.0,71.0,12.8,30.0,13.4,1931,419,0.0,-1,53.45788043478261,61.0,6.0,0.0,28.92,41.680946,-87.535198,6,50131.06408345752,78.5,1.0378539493293593,13.5,86.0,70.5,7.0,6.400000000000004,17.022950819672133,0.22318479880774866,64.73606557377049,0,0,1,0,0,0,0
3355,54720,77.5,64.0,71.0,12.8,30.0,13.4,1931,419,0.0,-1,53.45788043478261,61.0,6.0,0.0,28.92,41.680946,-87.535198,6,50132.43146603098,78.5,1.037544696066746,13.5,86.0,70.5,7.0,6.400000000000004,17.02681764004768,0.22311829558998708,64.73495232419548,0,0,0,1,0,0,0
3356,54720,77.5,64.0,71.0,12.8,30.0,13.4,1931,419,0.0,-1,53.45788043478261,61.0,6.0,0.0,28.92,41.659112,-87.53869300000002,6,50133.79803395889,78.5,1.0372356270479597,13.5,86.0,70.5,7.0,6.400000000000004,17.03068215668752,0.22305183199284975,64.73383973786119,0,0,1,0,0,0,0
3357,54720,77.5,64.0,71.0,12.8,30.0,13.4,1931,419,0.0,-1,53.45788043478261,61.0,6.0,0.0,28.92,41.974689,-87.890615,6,50135.16378796903,71.0,1.036926742108398,6.0,77.5,70.5,-1.0,6.400000000000004,17.03454437164979,0.22298540798094005,64.7327278141751,0,1,0,0,0,0,0
3358,54720,77.5,64.0,71.0,12.8,30.0,13.4,1931,419,0.0,-1,53.45788043478261,61.0,6.0,0.0,28.92,41.974689,-87.890615,6,50136.52872878833,71.0,1.036618041083656,6.0,77.5,70.5,-1.0,6.400000000000004,17.038404286990176,0.22291902351890344,64.73161655254539,0,0,1,0,0,0,0
3359,54720,77.5,64.0,71.0,12.8,30.0,13.4,1931,419,0.0,-1,53.45788043478261,61.0,6.0,0.0,28.92,41.974689,-87.890615,6,50137.892857142855,71.0,1.0363095238095241,6.0,77.5,70.5,-1.0,6.400000000000004,17.042261904761904,0.2228526785714276,64.73050595238095,0,0,0,1,0,0,0
3360,54720,77.5,64.0,71.0,12.8,30.0,13.4,1931,419,0.0,-1,53.45788043478261,61.0,6.0,0.0,28.92,41.957799,-87.930995,6,50139.256173757814,71.0,1.0360011901219874,6.0,77.5,64.0,-1.0,6.400000000000004,17.04611722701577,0.2227863731032421,64.72939601309136,0,0,1,0,0,0,0
3361,54420,85.5,61.5,73.5,5.85,30.5,6.65,1930,423,0.0,1,53.45788043478261,62.5,8.5,0.0,29.17,41.95469,-87.800991,7,50140.52944675788,71.0,1.0356930398572282,6.0,77.5,64.0,-1.0,6.400000000000004,17.050118976799528,0.22272010707911855,64.72873289708507,0,1,0,0,0,0,0
3362,54420,85.5,61.5,73.5,5.85,30.5,6.65,1930,423,0.0,1,53.45788043478261,62.5,8.5,0.0,29.17,41.95469,-87.800991,7,50141.80196253345,71.0,1.0353850728516203,6.0,77.5,64.0,-1.0,6.400000000000004,17.054118346714244,0.22265388046387052,64.7280701754386,0,0,1,0,0,0,0
3363,54420,85.5,61.5,73.5,5.85,30.5,6.65,1930,423,0.0,1,53.45788043478261,62.5,8.5,0.0,29.17,41.95469,-87.800991,7,50143.073721759814,71.0,1.035077288941736,6.0,77.5,64.0,-1.0,6.400000000000004,17.058115338882278,0.22258769322235336,64.72740784780025,0,0,0,1,0,0,0
3364,54420,85.5,61.5,73.5,5.85,30.5,6.65,1930,423,0.0,1,53.45788043478261,62.5,8.5,0.0,29.17,41.964242,-87.757639,7,50144.344725111434,71.0,1.0347696879643389,6.0,77.5,64.0,-1.0,6.400000000000004,17.062109955423473,0.22252154531946408,64.72674591381872,0,0,0,1,0,0,0
3365,54420,85.5,61.5,73.5,5.85,30.5,6.65,1930,423,0.0,1,53.45788043478261,62.5,8.5,0.0,29.17,42.008314,-87.77792099999998,7,50145.61497326203,71.0,1.0344622697563874,6.0,77.5,64.0,-1.0,6.400000000000004,17.06610219845514,0.2224554367201416,64.72608437314321,0,0,1,0,0,0,0
3366,54420,85.5,61.5,73.5,5.85,30.5,6.65,1930,423,0.0,1,53.45788043478261,62.5,8.5,0.0,29.17,41.98196400000001,-87.812827,7,50146.884466884476,71.0,1.034155034155034,6.0,77.5,64.0,-1.0,6.400000000000004,17.07009207009207,0.2223893673893664,64.72542322542323,0,0,0,1,0,0,0
3367,54420,85.5,61.5,73.5,5.85,30.5,6.65,1930,423,0.0,1,53.45788043478261,62.5,8.5,0.0,29.17,41.99247800000001,-87.862995,7,50148.15320665083,71.0,1.0338479809976246,6.0,77.5,64.0,-1.0,6.400000000000004,17.074079572446553,0.22232333729216053,64.72476247030879,0,0,0,1,0,0,0
3368,54420,85.5,61.5,73.5,5.85,30.5,6.65,1930,423,0.0,1,53.45788043478261,62.5,8.5,0.0,29.17,41.944869,-87.832763,7,50149.42119323241,73.5,1.0335411101216978,8.5,85.5,64.0,1.0,6.400000000000004,17.078064707628375,0.2222573463935876,64.72410210745028,0,0,1,0,0,0,0
3369,54420,85.5,61.5,73.5,5.85,30.5,6.65,1930,423,0.0,1,53.45788043478261,62.5,8.5,0.0,29.17,41.944869,-87.832763,7,50150.688427299705,73.5,1.0332344213649851,8.5,85.5,64.0,1.0,6.400000000000004,17.082047477744812,0.22219139465875276,64.72344213649853,0,0,0,1,0,0,0
3370,54420,85.5,61.5,73.5,5.85,30.5,6.65,1930,423,0.0,1,53.45788043478261,62.5,8.5,0.0,29.17,41.991429,-87.747113,7,50151.9549095224,73.5,1.0329279145654109,8.5,85.5,64.0,1.0,6.400000000000004,17.086027884900624,0.22212548205280236,64.72278255710472,0,0,1,0,0,0,0
3371,54420,85.5,61.5,73.5,5.85,30.5,6.65,1930,423,0.0,1,53.45788043478261,62.5,8.5,0.0,29.17,41.991429,-87.747113,7,50153.220640569394,73.5,1.0326215895610913,8.5,85.5,61.5,1.0,6.400000000000004,17.090005931198107,0.22205960854092427,64.72212336892052,0,0,0,1,0,0,0
3372,54420,85.5,61.5,73.5,5.85,30.5,6.65,1930,423,0.0,1,53.45788043478261,62.5,8.5,0.0,29.17,42.011601,-87.81150600000002,7,50154.4856211088,73.5,1.032315446190335,8.5,85.5,61.5,1.0,6.400000000000004,17.09398161873703,0.22199377408834767,64.72146457159798,0,0,1,0,0,0,0
3373,54420,85.5,61.5,73.5,5.85,30.5,6.65,1930,423,0.0,1,53.45788043478261,62.5,8.5,0.0,29.17,42.011601,-87.81150600000002,7,50155.74985180794,73.5,1.032009484291642,8.5,85.5,61.5,1.0,6.400000000000004,17.0979549496147,0.2219279786603428,64.72080616478956,0,0,0,1,0,0,0
3374,54420,85.5,61.5,73.5,5.85,30.5,6.65,1930,423,0.0,1,53.45788043478261,62.5,8.5,0.0,29.17,41.960616,-87.777189,7,50157.01333333334,73.5,1.0317037037037038,8.5,85.5,61.5,1.0,6.400000000000004,17.101925925925926,0.22186222222222124,64.72014814814816,0,1,0,0,0,0,0
3375,54420,85.5,61.5,73.5,5.85,30.5,6.65,1930,423,0.0,1,53.45788043478261,62.5,8.5,0.0,29.17,41.960616,-87.777189,7,50158.27606635072,73.5,1.0313981042654028,8.5,85.5,61.5,1.0,6.400000000000004,17.105894549763033,0.22179650473933551,64.71949052132702,0,0,1,0,0,0,0
3376,54420,85.5,61.5,73.5,5.85,30.5,6.65,1930,423,0.0,1,53.45788043478261,62.5,8.5,0.0,29.17,41.960616,-87.777189,7,50159.53805152502,73.5,1.031092685815813,8.5,85.5,61.5,1.0,6.400000000000004,17.109860823215868,0.2217308261770793,64.71883328397986,0,0,0,0,1,0,0
3377,54420,85.5,61.5,73.5,5.85,30.5,6.65,1930,423,0.0,1,53.45788043478261,62.5,8.5,0.0,29.17,41.986921,-87.689778,7,50160.79928952043,73.5,1.0307874481941977,8.5,85.5,61.5,1.0,6.400000000000004,17.11382474837182,0.22166518650088712,64.71817643576081,0,0,1,0,0,0,0
3378,54420,85.5,61.5,73.5,5.85,30.5,6.65,1930,423,0.0,1,53.45788043478261,62.5,8.5,0.0,29.17,41.986921,-87.689778,7,50162.059781000295,73.5,1.0304823912400118,8.5,85.5,61.5,1.0,12.800000000000002,17.117786327315773,0.22159958567623456,64.71751997632435,0,0,0,1,0,0,0
3379,54420,85.5,61.5,73.5,5.85,30.5,6.65,1930,423,0.0,1,53.45788043478261,62.5,8.5,0.0,29.17,41.89923,-87.716788,7,50163.319526627216,73.5,1.030177514792899,8.5,85.5,61.5,1.0,12.8,17.121745562130176,0.22153402366863809,64.71686390532544,0,0,1,0,0,0,0
3380,54420,85.5,61.5,73.5,5.85,30.5,6.65,1930,423,0.0,1,53.45788043478261,62.5,8.5,0.0,29.17,41.801498,-87.763416,7,50164.578527063,73.5,1.0298728186926944,8.5,85.5,61.5,1.0,12.8,17.125702454895002,0.22146850044365474,64.7162082224194,0,0,1,0,0,0,0
3381,54420,85.5,61.5,73.5,5.85,30.5,6.65,1930,423,0.0,1,53.45788043478261,62.5,8.5,0.0,29.17,41.801498,-87.763416,7,50165.836782968654,73.5,1.0295683027794205,8.5,85.5,61.5,1.0,12.8,17.129657007687758,0.22140301596688253,64.71555292726197,0,0,0,1,0,0,0
3382,54420,85.5,61.5,73.5,5.85,30.5,6.65,1930,423,0.0,1,53.45788043478261,62.5,8.5,0.0,29.17,41.911824,-87.726737,7,50167.094295004434,73.5,1.02926396689329,8.5,85.5,61.5,1.0,12.8,17.133609222583505,0.22133757020395997,64.71489801950929,0,0,1,0,0,0,0
3383,54420,85.5,61.5,73.5,5.85,30.5,6.65,1930,423,0.0,1,53.45788043478261,62.5,8.5,0.0,29.17,41.891118,-87.65449100000002,7,50168.35106382979,73.5,1.0289598108747045,8.5,85.5,61.5,1.0,12.8,17.137559101654848,0.2212721631205664,64.71424349881796,0,1,0,0,0,0,0
3384,54420,85.5,61.5,73.5,5.85,30.5,6.65,1930,423,0.0,1,53.45788043478261,62.5,8.5,0.0,29.17,41.891118,-87.65449100000002,7,50169.607090103396,73.5,1.028655834564254,8.5,85.5,61.5,1.0,12.8,17.14150664697193,0.22120679468242144,64.71358936484489,0,0,1,0,0,0,0
3385,54420,85.5,61.5,73.5,5.85,30.5,6.65,1930,423,0.0,1,53.45788043478261,62.5,8.5,0.0,29.17,41.891118,-87.65449100000002,7,50170.862374483164,73.5,1.0283520378027171,8.5,85.5,61.5,1.0,12.8,17.14545186060248,0.2211414648552855,64.7129356172475,0,0,0,1,0,0,0
3386,54420,85.5,61.5,73.5,5.85,30.5,6.65,1930,423,0.0,1,53.45788043478261,62.5,8.5,0.0,29.17,41.868142,-87.696269,7,50172.11691762622,73.5,1.02804842043106,8.5,85.5,61.5,1.0,12.8,17.14939474461175,0.22107617360495915,64.71228225568349,0,0,1,0,0,0,0
3387,54420,85.5,61.5,73.5,5.85,30.5,6.65,1930,423,0.0,1,53.45788043478261,62.5,8.5,0.0,29.17,41.868142,-87.696269,7,50173.370720188905,73.5,1.0277449822904368,8.5,85.5,61.5,1.0,12.8,17.153335301062572,0.22101092089728355,64.71162927981109,0,0,0,1,0,0,0
3388,54420,85.5,61.5,73.5,5.85,30.5,6.65,1930,423,0.0,1,53.45788043478261,62.5,8.5,0.0,29.17,41.867108,-87.654224,7,50174.623782826784,73.5,1.0274417232221895,8.5,85.5,61.5,1.0,12.8,17.157273532015342,0.22094570669814007,64.71097668928887,0,1,0,0,0,0,0
3389,54420,85.5,61.5,73.5,5.85,30.5,6.65,1930,423,0.0,1,53.45788043478261,62.5,8.5,0.0,29.17,41.867108,-87.654224,7,50175.876106194686,73.5,1.0271386430678466,8.5,85.5,61.5,1.0,5.849999999999998,17.161209439528026,0.22088053097345034,64.71032448377579,0,0,1,0,0,0,0
3390,54420,85.5,61.5,73.5,5.85,30.5,6.65,1930,423,0.0,1,53.45788043478261,62.5,8.5,0.0,29.17,41.867108,-87.654224,7,50177.12769094663,73.5,1.026835741669124,8.5,85.5,61.5,1.0,5.849999999999998,17.16514302565615,0.22081539368917624,64.70967266293128,0,0,0,1,0,0,0
3391,54420,85.5,61.5,73.5,5.85,30.5,6.65,1930,423,0.0,1,53.45788043478261,62.5,8.5,0.0,29.17,41.896282,-87.655232,7,50178.37853773585,73.5,1.0265330188679245,8.5,85.5,61.5,1.0,5.849999999999998,17.16907429245283,0.22075029481131975,64.70902122641509,0,0,1,0,0,0,0
3392,54420,85.5,61.5,73.5,5.85,30.5,6.65,1930,423,0.0,1,53.45788043478261,62.5,8.5,0.0,29.17,41.896282,-87.655232,7,50179.628647214864,73.5,1.0262304745063366,8.5,85.5,61.5,1.0,5.849999999999998,17.173003241968757,0.22068523430592302,64.70837017388743,0,0,0,1,0,0,0
3393,54420,85.5,61.5,73.5,5.85,30.5,6.65,1930,423,0.0,1,53.45788043478261,62.5,8.5,0.0,29.17,41.921965,-87.632085,7,50180.878020035365,73.5,1.0259281084266352,8.5,85.5,61.5,1.0,5.849999999999998,17.17692987625221,0.220620212139068,64.70771950500884,0,0,1,0,0,0,0
3394,54420,85.5,61.5,73.5,5.85,30.5,6.65,1930,423,0.0,1,53.45788043478261,62.5,8.5,0.0,29.17,41.921965,-87.632085,7,50182.126656848304,73.5,1.0256259204712812,8.5,85.5,61.5,1.0,5.849999999999998,17.180854197349042,0.2205552282768768,64.70706921944036,0,0,0,1,0,0,0
3395,54420,85.5,61.5,73.5,5.85,30.5,6.65,1930,423,0.0,1,53.45788043478261,62.5,8.5,0.0,29.17,41.801179,-87.679447,7,50183.374558303876,73.5,1.0253239104829208,8.5,85.5,61.5,1.0,5.849999999999998,17.184776207302708,0.22049028268551135,64.70641931684335,0,0,1,0,0,0,0
3396,54420,85.5,61.5,73.5,5.85,30.5,6.65,1930,423,0.0,1,53.45788043478261,62.5,8.5,0.0,29.17,41.801179,-87.679447,7,50184.621725051526,73.5,1.0250220783043862,8.5,85.5,61.5,1.0,5.849999999999998,17.188695908154255,0.2204253753311736,64.70576979687961,0,0,0,1,0,0,0
3397,54420,85.5,61.5,73.5,5.85,30.5,6.65,1930,423,0.0,1,53.45788043478261,62.5,8.5,0.0,29.17,41.800737,-87.71188000000002,7,50185.868157739846,73.5,1.024720423778693,8.5,85.5,61.5,1.0,5.849999999999998,17.19261330194232,0.22036050618010494,64.70512065921129,0,0,1,0,0,0,0
3398,54420,85.5,61.5,73.5,5.85,30.5,6.65,1930,423,0.0,1,53.45788043478261,62.5,8.5,0.0,29.17,41.82561,-87.726549,7,50187.11385701677,73.5,1.024418946749044,8.5,85.5,61.5,1.0,5.849999999999998,17.19652839070315,0.22029567519858684,64.70447190350103,0,0,1,0,0,0,0
3399,54420,85.5,61.5,73.5,5.85,30.5,6.65,1930,423,0.0,1,53.45788043478261,62.5,8.5,0.0,29.17,41.778297,-87.752411,7,50188.358823529416,73.5,1.0241176470588236,8.5,85.5,61.5,1.0,5.849999999999998,17.200441176470587,0.2202308823529402,64.70382352941175,0,0,0,1,0,0,0
3400,54420,85.5,61.5,73.5,5.85,30.5,6.65,1930,423,0.0,1,53.45788043478261,62.5,8.5,0.0,29.17,41.77166,-87.703047,7,50189.60305792414,73.5,1.0238165245516024,8.5,85.5,61.5,1.0,5.849999999999998,17.204351661276096,0.22016612760952564,64.70317553660688,0,0,1,0,0,0,0
3401,54420,85.5,61.5,73.5,5.85,30.5,6.65,1930,423,0.0,1,53.45788043478261,62.5,8.5,0.0,29.17,41.77166,-87.703047,7,50190.84656084656,73.5,1.0235155790711346,8.5,85.5,61.5,1.0,5.849999999999998,17.208259847148735,0.22010141093474328,64.70252792475014,0,0,0,1,0,0,0
3402,54420,85.5,61.5,73.5,5.85,30.5,6.65,1930,423,0.0,1,53.45788043478261,62.5,8.5,0.0,29.17,41.768388,-87.678649,7,50192.08933294153,73.5,1.0232148104613576,8.5,85.5,61.5,1.0,5.849999999999998,17.212165736115193,0.2200367322950328,64.70188069350573,0,0,1,0,0,0,0
3403,54420,85.5,61.5,73.5,5.85,30.5,6.65,1930,423,0.0,1,53.45788043478261,62.5,8.5,0.0,29.17,41.822536,-87.66634300000004,7,50193.331374853115,73.5,1.0229142185663924,8.5,85.5,61.5,1.0,5.849999999999998,17.216069330199765,0.2199720916568733,64.70123384253819,0,1,0,0,0,0,0
3404,54420,85.5,61.5,73.5,5.85,30.5,6.65,1930,423,0.0,1,53.45788043478261,62.5,8.5,0.0,29.17,41.822536,-87.66634300000004,7,50194.57268722467,73.5,1.0226138032305434,8.5,85.5,61.5,1.0,5.849999999999998,17.219970631424378,0.2199074889867832,64.70058737151248,0,0,1,0,0,0,0
3405,54420,85.5,61.5,73.5,5.85,30.5,6.65,1930,423,0.0,1,53.45788043478261,62.5,8.5,0.0,29.17,41.822536,-87.66634300000004,7,50195.81327069877,73.5,1.0223135642982972,8.5,85.5,61.5,1.0,5.849999999999998,17.223869641808573,0.2198429242513202,64.69994128009395,0,0,0,1,0,0,0
3406,54420,85.5,61.5,73.5,5.85,30.5,6.65,1930,423,0.0,1,53.45788043478261,62.5,8.5,0.0,29.17,41.766202,-87.562889,7,50197.05312591723,73.5,1.0220135016143237,8.5,85.5,61.5,1.0,5.849999999999998,17.227766363369533,0.2197783974170815,64.69929556794834,0,0,1,0,0,0,0
3407,54420,85.5,61.5,73.5,5.85,30.5,6.65,1930,423,0.0,1,53.45788043478261,62.5,8.5,0.0,29.17,41.754676,-87.612922,7,50198.29225352113,73.5,1.0217136150234742,8.5,85.5,61.5,1.0,5.849999999999998,17.231660798122064,0.21971390845070324,64.69865023474179,0,0,1,0,0,0,0
3408,54420,85.5,61.5,73.5,5.85,30.5,6.65,1930,423,0.0,1,53.45788043478261,62.5,8.5,0.0,29.17,41.821582,-87.62779599999998,7,50199.530654150774,73.5,1.0214139043707833,8.5,85.5,61.5,1.0,5.849999999999998,17.235552948078617,0.21964945731886085,64.6980052801408,0,0,0,1,0,0,0
3409,54420,85.5,61.5,73.5,5.85,30.5,6.65,1930,423,0.0,1,53.45788043478261,62.5,8.5,0.0,29.17,41.803423,-87.642984,7,50200.76832844575,73.5,1.0211143695014662,8.5,85.5,61.5,1.0,5.849999999999998,17.239442815249266,0.2195850439882688,64.69736070381232,0,1,0,0,0,0,0
3410,54420,85.5,61.5,73.5,5.85,30.5,6.65,1930,423,0.0,1,53.45788043478261,62.5,8.5,0.0,29.17,41.803423,-87.642984,7,50202.00527704485,73.5,1.0208150102609206,8.5,85.5,61.5,1.0,5.849999999999998,17.243330401641742,0.21952066842568066,64.69671650542361,0,0,1,0,0,0,0
3411,54420,85.5,61.5,73.5,5.85,30.5,6.65,1930,423,0.0,1,53.45788043478261,62.5,8.5,0.0,29.17,41.803423,-87.642984,7,50203.24150058617,73.5,1.0205158264947245,8.5,85.5,61.5,1.0,5.849999999999998,17.24721570926143,0.21945633059788885,64.69607268464244,0,0,0,1,0,0,0
3412,54420,85.5,61.5,73.5,5.85,30.5,6.65,1930,423,0.0,1,53.45788043478261,62.5,8.5,0.0,29.17,41.754292,-87.590773,7,50204.476999707,73.5,1.0202168180486375,8.5,85.5,61.5,1.0,5.849999999999998,17.25109874011134,0.2193920304717248,64.69542924113685,0,0,1,0,0,0,0
3413,54420,85.5,61.5,73.5,5.85,30.5,6.65,1930,423,0.0,1,53.45788043478261,62.5,8.5,0.0,29.17,41.723195,-87.64997,7,50205.711775043936,73.5,1.0199179847686,8.5,85.5,61.5,1.0,5.849999999999998,17.25497949619215,0.2193277680140588,64.69478617457528,0,0,1,0,0,0,0
3414,54420,85.5,61.5,73.5,5.85,30.5,6.65,1930,423,0.0,1,53.45788043478261,62.5,8.5,0.0,29.17,41.868077,-87.666901,7,50206.945827232805,73.5,1.019619326500732,8.5,85.5,61.5,1.0,5.849999999999998,17.258857979502196,0.21926354319179991,64.69414348462665,0,0,1,0,0,0,0
3415,54420,85.5,61.5,73.5,5.85,30.5,6.65,1930,423,0.0,1,53.45788043478261,62.5,8.5,0.0,29.17,41.868077,-87.666901,7,50208.17915690866,73.5,1.019320843091335,8.5,85.5,61.5,1.0,5.849999999999998,17.26273419203747,0.21919935597189602,64.69350117096019,0,0,0,1,0,0,0
3416,54420,85.5,61.5,73.5,5.85,30.5,6.65,1930,423,0.0,1,53.45788043478261,62.5,8.5,0.0,29.17,41.720848,-87.666014,7,50209.41176470588,73.5,1.019022534386889,8.5,85.5,61.5,1.0,5.849999999999998,17.266608135791632,0.21913520632133354,64.69285923324553,0,0,1,0,0,0,0
3417,54420,85.5,61.5,73.5,5.85,30.5,6.65,1930,423,0.0,1,53.45788043478261,62.5,8.5,0.0,29.17,41.704336,-87.70373599999998,7,50210.64365125805,73.5,1.018724400234055,8.5,85.5,61.5,1.0,5.849999999999998,17.270479812755998,0.2190710942071377,64.69221767115272,0,0,1,0,0,0,0
3418,54420,85.5,61.5,73.5,5.85,30.5,6.65,1930,423,0.0,1,53.45788043478261,62.5,8.5,0.0,29.17,41.704336,-87.70373599999998,7,50211.87481719801,73.5,1.0184264404796723,8.5,85.5,61.5,1.0,5.849999999999998,17.27434922491957,0.21900701959637225,64.69157648435215,0,0,0,1,0,0,0
3419,54420,85.5,61.5,73.5,5.85,30.5,6.65,1930,423,0.0,1,53.45788043478261,62.5,8.5,0.0,29.17,41.750498,-87.605294,7,50213.10526315789,73.5,1.0181286549707602,8.5,85.5,61.5,1.0,5.849999999999998,17.278216374269007,0.21894298245613936,64.69093567251463,0,0,1,0,0,0,0
3420,54420,85.5,61.5,73.5,5.85,30.5,6.65,1930,423,0.0,1,53.45788043478261,62.5,8.5,0.0,29.17,41.798697,-87.736812,7,50214.33498976907,73.5,1.017831043554516,8.5,85.5,61.5,1.0,5.849999999999998,17.282081262788658,0.21887898275357984,64.69029523531131,0,0,1,0,0,0,0
3421,54420,85.5,61.5,73.5,5.85,30.5,6.65,1930,423,0.0,1,53.45788043478261,62.5,8.5,0.0,29.17,41.673408,-87.599862,7,50215.563997662175,73.5,1.0175336060783169,8.5,85.5,61.5,1.0,5.849999999999998,17.285943892460548,0.2188150204558728,64.6896551724138,0,0,1,0,0,0,0
3422,54420,85.5,61.5,73.5,5.85,30.5,6.65,1930,423,0.0,1,53.45788043478261,62.5,8.5,0.0,29.17,41.673408,-87.599862,7,50216.79228746714,73.5,1.0172363423897166,8.5,85.5,61.5,1.0,5.849999999999998,17.289804265264387,0.21875109553023567,64.68901548349402,0,0,0,1,0,0,0
3423,54420,85.5,61.5,73.5,5.85,30.5,6.65,1930,423,0.0,1,53.45788043478261,62.5,8.5,0.0,29.17,41.673408,-87.599862,7,50218.01985981309,73.5,1.0169392523364489,8.5,85.5,61.5,1.0,5.849999999999998,17.293662383177573,0.21868720794392427,64.6883761682243,0,0,0,0,0,0,1
3424,54420,85.5,61.5,73.5,5.85,30.5,6.65,1930,423,0.0,1,53.45788043478261,62.5,8.5,0.0,29.17,41.704572,-87.56566600000002,7,50219.24671532847,73.5,1.0166423357664234,8.5,85.5,61.5,1.0,5.849999999999998,17.297518248175184,0.2186233576642326,64.68773722627738,0,1,0,0,0,0,0
3425,54420,85.5,61.5,73.5,5.85,30.5,6.65,1930,423,0.0,1,53.45788043478261,62.5,8.5,0.0,29.17,41.704572,-87.56566600000002,7,50220.472854640975,73.5,1.0163455925277292,8.5,85.5,61.5,1.0,5.849999999999998,17.301371862230006,0.2185595446584929,64.68709865732633,0,0,1,0,0,0,0
3426,54420,85.5,61.5,73.5,5.85,30.5,6.65,1930,423,0.0,1,53.45788043478261,62.5,8.5,0.0,29.17,41.704572,-87.56566600000002,7,50221.69827837759,73.5,1.0160490224686314,8.5,85.5,61.5,1.0,5.849999999999998,17.305223227312514,0.2184957688940755,64.68646046104465,0,0,0,1,0,0,0
3427,54420,85.5,61.5,73.5,5.85,30.5,6.65,1930,423,0.0,1,53.45788043478261,62.5,8.5,0.0,29.17,41.662014,-87.72460799999998,7,50222.92298716453,73.5,1.0157526254375728,8.5,85.5,61.5,1.0,5.849999999999998,17.309072345390902,0.2184320303383888,64.68582263710618,0,1,0,0,0,0,0
3428,54420,85.5,61.5,73.5,5.85,30.5,6.65,1930,423,0.0,1,53.45788043478261,62.5,8.5,0.0,29.17,41.662014,-87.72460799999998,7,50224.146981627295,73.5,1.0154564012831728,8.5,85.5,61.5,1.0,5.849999999999998,17.31291921843103,0.2183683289588792,64.68518518518519,0,0,1,0,0,0,0
3429,54420,85.5,61.5,73.5,5.85,30.5,6.65,1930,423,0.0,1,53.45788043478261,62.5,8.5,0.0,29.17,41.662014,-87.72460799999998,7,50225.370262390665,73.5,1.0151603498542274,8.5,85.5,61.5,1.0,5.849999999999998,17.316763848396498,0.2183046647230311,64.68454810495625,0,0,0,1,0,0,0
3430,54420,85.5,61.5,73.5,5.85,30.5,6.65,1930,423,0.0,1,53.45788043478261,62.5,8.5,0.0,29.17,41.72646500000001,-87.585413,7,50226.59283007869,73.5,1.0148644709997086,8.5,85.5,61.5,1.0,5.849999999999998,17.320606237248615,0.21824103759836685,64.68391139609443,0,1,0,0,0,0,0
3431,54420,85.5,61.5,73.5,5.85,30.5,6.65,1930,423,0.0,1,53.45788043478261,62.5,8.5,0.0,29.17,41.72646500000001,-87.585413,7,50227.814685314675,73.5,1.0145687645687649,8.5,85.5,61.5,1.0,5.849999999999998,17.324446386946388,0.21817744755244656,64.68327505827506,0,0,1,0,0,0,0
3432,54420,85.5,61.5,73.5,5.85,30.5,6.65,1930,423,0.0,1,53.45788043478261,62.5,8.5,0.0,29.17,41.72646500000001,-87.585413,7,50229.03582872124,73.5,1.0142732304107196,8.5,85.5,61.5,1.0,5.849999999999998,17.328284299446548,0.21811389455286825,64.6826390911739,0,0,0,1,0,0,0
3433,54420,85.5,61.5,73.5,5.85,30.5,6.65,1930,423,0.0,1,53.45788043478261,62.5,8.5,0.0,29.17,41.94016,-87.794896,7,50230.256260920214,73.5,1.0139778683750729,8.5,85.5,61.5,1.0,5.849999999999998,17.332119976703552,0.21805037856726756,64.68200349446711,0,0,1,0,0,0,0
3434,54420,85.5,61.5,73.5,5.85,30.5,6.65,1930,423,0.0,1,53.45788043478261,62.5,8.5,0.0,29.17,41.94016,-87.794896,7,50231.47598253276,73.5,1.0136826783114992,8.5,85.5,61.5,1.0,5.849999999999998,17.33595342066958,0.21798689956331785,64.68136826783115,0,0,0,1,0,0,0
3435,54420,85.5,61.5,73.5,5.85,30.5,6.65,1930,423,0.0,1,53.45788043478261,62.5,8.5,0.0,29.17,41.878114,-87.629798,7,50232.69499417928,73.5,1.0133876600698486,8.5,85.5,61.5,1.0,5.849999999999998,17.339784633294528,0.2179234575087301,64.68073341094296,0,0,0,1,0,0,0
3436,54420,85.5,61.5,73.5,5.85,30.5,6.65,1930,423,0.0,1,53.45788043478261,62.5,8.5,0.0,29.17,41.932094,-87.700117,7,50233.91329647949,73.5,1.0130928135001456,8.5,85.5,61.5,1.0,5.849999999999998,17.34361361652604,0.21786005237125305,64.68009892347979,0,0,1,0,0,0,0
3437,54420,85.5,61.5,73.5,5.85,30.5,6.65,1930,423,0.0,1,53.45788043478261,62.5,8.5,0.0,29.17,41.932094,-87.700117,7,50235.130890052365,73.5,1.0127981384525888,8.5,85.5,61.5,1.0,5.849999999999998,17.347440372309478,0.21779668411867267,64.67946480511925,0,0,0,1,0,0,0
3438,54420,85.5,61.5,73.5,5.85,30.5,6.65,1930,423,0.0,1,53.45788043478261,62.5,8.5,0.0,29.17,42.01743,-87.68776899999996,7,50236.34777551613,73.5,1.0125036347775516,8.5,85.5,61.5,1.0,5.849999999999998,17.35126490258796,0.21773335271881264,64.6788310555394,0,1,0,0,0,0,0
3439,54420,85.5,61.5,73.5,5.85,30.5,6.65,1930,423,0.0,1,53.45788043478261,62.5,8.5,0.0,29.17,42.01743,-87.68776899999996,7,50237.56395348837,73.5,1.0122093023255814,8.5,85.5,61.5,1.0,5.849999999999998,17.355087209302326,0.2176700581395339,64.6781976744186,0,0,1,0,0,0,0
3440,54420,85.5,61.5,73.5,5.85,30.5,6.65,1930,423,0.0,1,53.45788043478261,62.5,8.5,0.0,29.17,42.01743,-87.68776899999996,7,50238.77942458588,73.5,1.011915140947399,8.5,85.5,61.5,1.0,5.849999999999998,17.358907294391166,0.21760680034873486,64.67756466143561,0,0,0,1,0,0,0
3441,54420,85.5,61.5,73.5,5.85,30.5,6.65,1930,423,0.0,1,53.45788043478261,62.5,8.5,0.0,29.17,41.916265,-87.800515,7,50239.994189424746,73.5,1.011621150493899,8.5,85.5,61.5,1.0,5.849999999999998,17.36272515979082,0.21754357931435114,64.67693201626962,0,0,1,0,0,0,0
3442,54420,85.5,61.5,73.5,5.85,30.5,6.65,1930,423,0.0,1,53.45788043478261,62.5,8.5,0.0,29.17,41.916265,-87.800515,7,50241.20824862039,73.5,1.0113273308161488,8.5,85.5,61.5,1.0,5.849999999999998,17.366540807435378,0.2174803950043557,64.67629973860006,0,0,0,0,0,0,1
3443,54420,85.5,61.5,73.5,5.85,30.5,6.65,1930,423,0.0,1,53.45788043478261,62.5,8.5,0.0,29.17,41.846075,-87.716277,7,50242.421602787465,73.5,1.011033681765389,8.5,85.5,61.5,1.0,5.849999999999998,17.370354239256674,0.2174172473867586,64.67566782810685,0,0,1,0,0,0,0
3444,54420,85.5,61.5,73.5,5.85,30.5,6.65,1930,423,0.0,1,53.45788043478261,62.5,8.5,0.0,29.17,41.846075,-87.716277,7,50243.63425253992,73.5,1.0107402031930337,8.5,85.5,61.5,1.0,5.849999999999998,17.374165457184326,0.2173541364296072,64.67503628447025,0,0,0,1,0,0,0
3445,54420,85.5,61.5,73.5,5.85,30.5,6.65,1930,423,0.0,1,53.45788043478261,62.5,8.5,0.0,29.17,41.776156,-87.778927,7,50244.846198490995,73.5,1.0104468949506675,8.5,85.5,61.5,1.0,5.849999999999998,17.377974463145677,0.2172910621009857,64.67440510737086,0,0,1,0,0,0,0
3446,54420,85.5,61.5,73.5,5.85,30.5,6.65,1930,423,0.0,1,53.45788043478261,62.5,8.5,0.0,29.17,41.682587,-87.707973,7,50246.05744125327,73.5,1.0101537568900494,8.5,85.5,61.5,1.0,5.849999999999998,17.381781259065853,0.2172280243690156,64.67377429648971,0,0,1,0,0,0,0
3447,54420,85.5,61.5,73.5,5.85,30.5,6.65,1930,423,0.0,1,53.45788043478261,62.5,8.5,0.0,29.17,41.682587,-87.707973,7,50247.26798143852,73.5,1.009860788863109,8.5,85.5,61.5,1.0,5.849999999999998,17.385585846867748,0.2171650232018552,64.67314385150812,0,0,0,1,0,0,0
3448,54420,85.5,61.5,73.5,5.85,30.5,6.65,1930,423,0.0,1,53.45788043478261,62.5,8.5,0.0,29.17,41.732984,-87.649642,7,50248.47781965787,73.5,1.0095679907219484,8.5,85.5,61.5,1.0,5.849999999999998,17.389388228472022,0.21710205856769985,64.67251377210786,0,0,1,0,0,0,0
3449,54420,85.5,61.5,73.5,5.85,30.5,6.65,1930,423,0.0,1,53.45788043478261,62.5,8.5,0.0,29.17,41.732984,-87.649642,7,50249.686956521735,73.5,1.0092753623188406,8.5,85.5,61.5,1.0,5.849999999999998,17.3931884057971,0.21703913043478165,64.67188405797101,0,0,0,1,0,0,0
3450,54420,85.5,61.5,73.5,5.85,30.5,6.65,1930,423,0.0,1,53.45788043478261,62.5,8.5,0.0,29.17,41.903002,-87.68826700000002,7,50250.89539263982,73.5,1.0089829035062299,8.5,85.5,61.5,1.0,5.849999999999998,17.396986380759202,0.21697623877136965,64.67125470878007,0,0,1,0,0,0,0
3451,54420,85.5,61.5,73.5,5.85,30.5,6.65,1930,423,0.0,1,53.45788043478261,62.5,8.5,0.0,29.17,41.903002,-87.68826700000002,7,50252.103128621085,73.5,1.0086906141367322,8.5,85.5,61.5,1.0,5.849999999999998,17.400782155272307,0.2169133835457696,64.67062572421784,0,0,0,1,0,0,0
3452,54420,85.5,61.5,73.5,5.85,30.5,6.65,1930,423,0.0,1,53.45788043478261,62.5,8.5,0.0,29.17,41.678618,-87.559308,7,50253.310165073846,73.5,1.0083984940631334,8.5,85.5,61.5,1.0,5.849999999999998,17.40457573124819,0.216850564726324,64.66999710396756,0,0,1,0,0,0,0
3453,54420,85.5,61.5,73.5,5.85,30.5,6.65,1930,423,0.0,1,53.45788043478261,62.5,8.5,0.0,29.17,41.740641,-87.546587,7,50254.516502605664,73.5,1.0081065431383902,8.5,85.5,61.5,1.0,5.849999999999998,17.408367110596412,0.21678778228141188,64.66936884771279,0,0,1,0,0,0,0
3454,54420,85.5,61.5,73.5,5.85,30.5,6.65,1930,423,0.0,1,53.45788043478261,62.5,8.5,0.0,29.17,41.680946,-87.535198,7,50255.72214182345,73.5,1.0078147612156296,8.5,85.5,61.5,1.0,5.849999999999998,17.412156295224314,0.2167250361794491,64.66874095513747,0,0,1,0,0,0,0
3455,54420,85.5,61.5,73.5,5.85,30.5,6.65,1930,423,0.0,1,53.45788043478261,62.5,8.5,0.0,29.17,41.680946,-87.535198,7,50256.92708333334,73.5,1.007523148148148,8.5,85.5,61.5,1.0,5.849999999999998,17.415943287037038,0.21666232638888794,64.66811342592592,0,0,0,1,0,0,0
3456,54420,85.5,61.5,73.5,5.85,30.5,6.65,1930,423,0.0,1,53.45788043478261,62.5,8.5,0.0,29.17,41.948167,-87.730698,7,50258.13132774082,73.5,1.0072317037894127,8.5,85.5,61.5,1.0,5.849999999999998,17.419728087937518,0.21659965287821714,64.6674862597628,0,1,0,0,0,0,0
3457,54420,85.5,61.5,73.5,5.85,30.5,6.65,1930,423,0.0,1,53.45788043478261,62.5,8.5,0.0,29.17,41.948167,-87.730698,7,50259.33487565067,73.5,1.0069404279930596,8.5,85.5,61.5,1.0,5.849999999999998,17.42351069982649,0.21653701561596206,64.66685945633314,0,0,0,1,0,0,0
3458,54420,85.5,61.5,73.5,5.85,30.5,6.65,1930,423,0.0,1,53.45788043478261,62.5,8.5,0.0,29.17,41.963976,-87.69181,7,50260.53772766695,73.5,1.006649320612894,8.5,85.5,61.5,1.0,5.849999999999998,17.42729112460249,0.2164744145706842,64.66623301532235,0,1,0,0,0,0,0
3459,54420,85.5,61.5,73.5,5.85,30.5,6.65,1930,423,0.0,1,53.45788043478261,62.5,8.5,0.0,29.17,41.963976,-87.69181,7,50261.73988439306,73.5,1.0063583815028905,8.5,85.5,61.5,1.0,5.849999999999998,17.43106936416185,0.2164118497109817,64.66560693641618,0,0,1,0,0,0,0
3460,54420,85.5,61.5,73.5,5.85,30.5,6.65,1930,423,0.0,1,53.45788043478261,62.5,8.5,0.0,29.17,41.974689,-87.890615,7,50262.94134643167,73.5,1.0060676105171915,8.5,85.5,61.5,1.0,5.849999999999998,17.43484542039873,0.2163493210054888,64.66498121930078,0,1,0,0,0,0,0
3461,54420,85.5,61.5,73.5,5.85,30.5,6.65,1930,423,0.0,1,53.45788043478261,62.5,8.5,0.0,29.17,41.974689,-87.890615,7,50264.14211438475,73.5,1.0057770075101098,8.5,85.5,61.5,1.0,5.849999999999998,17.438619295205086,0.216286828422876,64.66435586366262,0,0,1,0,0,0,0
3462,54420,85.5,61.5,73.5,5.85,30.5,6.65,1930,423,0.0,1,53.45788043478261,62.5,8.5,0.0,29.17,41.974689,-87.890615,7,50265.3421888536,73.5,1.0054865723361248,8.5,85.5,61.5,1.0,5.849999999999998,17.442390990470688,0.21622437193185004,64.66373086918857,0,0,0,1,0,0,0
3463,54240,83.0,65.0,74.5,4.0,21.0,4.75,1929,425,0.0,0,53.45788043478261,67.5,9.5,0.1,29.375,41.95469,-87.800991,7,50266.4896073903,73.5,1.0051963048498844,8.5,85.5,61.5,1.0,5.849999999999998,17.443418013856814,0.2161908198614309,64.66454965357968,0,1,0,0,0,0,0
3464,54240,83.0,65.0,74.5,4.0,21.0,4.75,1929,425,0.0,0,53.45788043478261,67.5,9.5,0.1,29.375,41.95469,-87.800991,7,50267.63636363637,73.5,1.004906204906205,8.5,85.5,61.5,1.0,5.849999999999998,17.444444444444443,0.21615728715728624,64.66536796536796,0,0,1,0,0,0,0
3465,54240,83.0,65.0,74.5,4.0,21.0,4.75,1929,425,0.0,0,53.45788043478261,67.5,9.5,0.1,29.375,41.95469,-87.800991,7,50268.78245816504,73.5,1.0046162723600691,8.5,85.5,61.5,1.0,5.849999999999998,17.445470282746683,0.2161237738026534,64.6661858049625,0,0,0,1,0,0,0
3466,54240,83.0,65.0,74.5,4.0,21.0,4.75,1929,425,0.0,0,53.45788043478261,67.5,9.5,0.1,29.375,41.964242,-87.757639,7,50269.92789154889,73.5,1.0043265070666283,8.5,85.5,61.5,1.0,5.849999999999998,17.44649552927603,0.21609027978078935,64.66700317277184,0,0,1,0,0,0,0
3467,54240,83.0,65.0,74.5,4.0,21.0,4.75,1929,425,0.0,0,53.45788043478261,67.5,9.5,0.1,29.375,41.964242,-87.757639,7,50271.07266435986,73.5,1.0040369088811996,8.5,85.5,61.5,1.0,5.849999999999998,17.447520184544402,0.21605680507497024,64.66782006920415,0,0,0,1,0,0,0
3468,54240,83.0,65.0,74.5,4.0,21.0,4.75,1929,425,0.0,0,53.45788043478261,67.5,9.5,0.1,29.375,41.964242,-87.757639,7,50272.21677716921,73.5,1.003747477659268,8.5,85.5,61.5,1.0,5.849999999999998,17.448544249063133,0.21602334966849146,64.66863649466707,0,0,0,0,1,0,0
3469,54240,83.0,65.0,74.5,4.0,21.0,4.75,1929,425,0.0,0,53.45788043478261,67.5,9.5,0.1,29.375,42.008314,-87.77792099999998,7,50273.36023054755,73.5,1.0034582132564842,8.5,85.5,61.5,1.0,5.849999999999998,17.449567723342938,0.21598991354466768,64.66945244956773,0,0,1,0,0,0,0
3470,54240,83.0,65.0,74.5,4.0,21.0,4.75,1929,425,0.0,0,53.45788043478261,67.5,9.5,0.1,29.375,42.008314,-87.77792099999998,7,50274.50302506481,74.5,1.0031691155286662,9.5,83.0,61.5,0.0,5.849999999999998,17.45059060789398,0.21595649668683287,64.67026793431289,0,0,0,1,0,0,0
3471,54240,83.0,65.0,74.5,4.0,21.0,4.75,1929,425,0.0,0,53.45788043478261,67.5,9.5,0.1,29.375,41.98196400000001,-87.812827,7,50275.64516129033,74.5,1.0028801843317972,9.5,83.0,61.5,0.0,5.849999999999998,17.451612903225804,0.21592309907834006,64.67108294930875,0,0,1,0,0,0,0
3472,54240,83.0,65.0,74.5,4.0,21.0,4.75,1929,425,0.0,0,53.45788043478261,67.5,9.5,0.1,29.375,41.99247800000001,-87.862995,7,50276.786639792685,74.5,1.0025914195220271,9.5,83.0,61.5,0.0,5.849999999999998,17.452634609847394,0.21588972070256174,64.67189749496113,0,0,1,0,0,0,0
3473,54240,83.0,65.0,74.5,4.0,21.0,4.75,1929,425,0.0,0,53.45788043478261,67.5,9.5,0.1,29.375,41.944869,-87.832763,7,50277.927461139894,74.5,1.0023028209556708,9.5,83.0,65.0,0.0,5.849999999999998,17.453655728267126,0.21585636154288915,64.67271157167531,0,0,1,0,0,0,0
3474,54240,83.0,65.0,74.5,4.0,21.0,4.75,1929,425,0.0,0,53.45788043478261,67.5,9.5,0.1,29.375,41.944869,-87.832763,7,50279.067625899275,74.5,1.0020143884892083,9.5,83.0,65.0,0.0,5.849999999999998,17.454676258992805,0.21582302158273287,64.67352517985611,0,0,0,1,0,0,0
3475,54240,83.0,65.0,74.5,4.0,21.0,4.75,1929,425,0.0,0,53.45788043478261,67.5,9.5,0.1,29.375,41.991429,-87.747113,7,50280.207134637516,74.5,1.0017261219792866,9.5,83.0,65.0,0.0,5.849999999999998,17.455696202531644,0.2157897008055227,64.67433831990795,0,0,1,0,0,0,0
3476,54240,83.0,65.0,74.5,4.0,21.0,4.75,1929,425,0.0,0,53.45788043478261,67.5,9.5,0.1,29.375,42.011601,-87.81150600000002,7,50281.34598792061,74.5,1.001438021282715,9.5,83.0,65.0,0.0,5.849999999999998,17.45671555939028,0.2157563991947072,64.67515099223469,0,0,1,0,0,0,0
3477,54240,83.0,65.0,74.5,4.0,21.0,4.75,1929,425,0.0,0,53.45788043478261,67.5,9.5,0.1,29.375,42.011601,-87.81150600000002,7,50282.484186313966,74.5,1.0011500862564693,9.5,83.0,65.0,0.0,5.849999999999998,17.457734330074757,0.21572311673375416,64.6759631972398,0,0,0,1,0,0,0
3478,54240,83.0,65.0,74.5,4.0,21.0,4.75,1929,425,0.0,0,53.45788043478261,67.5,9.5,0.1,29.375,41.960616,-87.777189,7,50283.621730382285,74.5,1.0008623167576889,9.5,83.0,65.0,0.0,5.849999999999998,17.458752515090545,0.21568985340615035,64.67677493532625,0,0,1,0,0,0,0
3479,54240,83.0,65.0,74.5,4.0,21.0,4.75,1929,425,0.0,0,53.45788043478261,67.5,9.5,0.1,29.375,42.010412,-87.66214000000002,7,50284.758620689645,74.5,1.000574712643678,9.5,83.0,65.0,0.0,5.849999999999998,17.45977011494253,0.21565660919540144,64.67758620689655,0,0,1,0,0,0,0
3480,54240,83.0,65.0,74.5,4.0,21.0,4.75,1929,425,0.0,0,53.45788043478261,67.5,9.5,0.1,29.375,42.010412,-87.66214000000002,7,50285.89485779948,74.5,1.0002872737719046,9.5,83.0,65.0,0.0,5.849999999999998,17.460787130135017,0.2156233840850322,64.67839701235278,0,0,0,1,0,0,0
3481,54240,83.0,65.0,74.5,4.0,21.0,4.75,1929,425,0.0,0,53.45788043478261,67.5,9.5,0.1,29.375,41.986921,-87.689778,7,50287.03044227456,74.5,1.0,9.5,83.0,65.0,0.0,5.849999999999998,17.461803561171738,0.21559017805858616,64.6792073520965,0,1,0,0,0,0,0
3482,54240,83.0,65.0,74.5,4.0,21.0,4.75,1929,425,0.0,0,53.45788043478261,67.5,9.5,0.1,29.375,41.986921,-87.689778,7,50288.165374677,74.5,0.9997128911857596,9.5,83.0,65.0,0.0,5.849999999999998,17.462819408555838,0.21555699109962592,64.68001722652886,0,0,1,0,0,0,0
3483,54240,83.0,65.0,74.5,4.0,21.0,4.75,1929,425,0.0,0,53.45788043478261,67.5,9.5,0.1,29.375,41.986921,-87.689778,7,50289.29965556831,74.5,0.9994259471871412,9.5,83.0,65.0,0.0,5.849999999999998,17.463834672789897,0.21552382319173286,64.68082663605051,0,0,0,1,0,0,0
3484,54240,83.0,65.0,74.5,4.0,21.0,4.75,1929,425,0.0,0,53.45788043478261,67.5,9.5,0.1,29.375,41.89923,-87.716788,7,50290.433285509316,74.5,0.9991391678622668,9.5,83.0,65.0,0.0,5.849999999999998,17.464849354375893,0.21549067431850707,64.68163558106171,0,0,1,0,0,0,0
3485,54240,83.0,65.0,74.5,4.0,21.0,4.75,1929,425,0.0,0,53.45788043478261,67.5,9.5,0.1,29.375,41.89923,-87.716788,7,50291.56626506023,74.5,0.9988525530694206,9.5,83.0,65.0,0.0,5.849999999999998,17.46586345381526,0.21545754446356774,64.68244406196214,0,0,0,1,0,0,0
3486,54240,83.0,65.0,74.5,4.0,21.0,4.75,1929,425,0.0,0,53.45788043478261,67.5,9.5,0.1,29.375,41.801498,-87.763416,7,50292.69859478062,74.5,0.998566102667049,9.5,83.0,65.0,0.0,5.849999999999998,17.466876971608833,0.2154244336105527,64.68325207915113,0,1,0,0,0,0,0
3487,54240,83.0,65.0,74.5,4.0,21.0,4.75,1929,425,0.0,0,53.45788043478261,67.5,9.5,0.1,29.375,41.801498,-87.763416,7,50293.83027522937,74.5,0.9982798165137616,9.5,83.0,65.0,0.0,5.849999999999998,17.467889908256883,0.21539134174311847,64.68405963302753,0,0,1,0,0,0,0
3488,54240,83.0,65.0,74.5,4.0,21.0,4.75,1929,425,0.0,0,53.45788043478261,67.5,9.5,0.1,29.375,41.801498,-87.763416,7,50294.961306964746,74.5,0.9979936944683292,9.5,83.0,65.0,0.0,5.849999999999998,17.4689022642591,0.21535826884494047,64.68486672398969,0,0,0,1,0,0,0
3489,54240,83.0,65.0,74.5,4.0,21.0,4.75,1929,425,0.0,0,53.45788043478261,67.5,9.5,0.1,29.375,41.906638,-87.701431,7,50296.09169054442,74.5,0.9977077363896848,9.5,83.0,65.0,0.0,5.849999999999998,17.469914040114613,0.21532521489971268,64.68567335243553,0,0,1,0,0,0,0
3490,54240,83.0,65.0,74.5,4.0,21.0,4.75,1929,425,0.0,0,53.45788043478261,67.5,9.5,0.1,29.375,41.906638,-87.701431,7,50297.22142652535,74.5,0.9974219421369236,9.5,83.0,65.0,0.0,5.849999999999998,17.47092523632197,0.2152921798911479,64.68647951876254,0,0,0,1,0,0,0
3491,54240,83.0,65.0,74.5,4.0,21.0,4.75,1929,425,0.0,0,53.45788043478261,67.5,9.5,0.1,29.375,41.857402,-87.694991,7,50298.35051546391,74.5,0.9971363115693012,9.5,83.0,65.0,0.0,3.9999999999999982,17.47193585337915,0.21525916380297747,64.6872852233677,0,0,1,0,0,0,0
3492,54240,83.0,65.0,74.5,4.0,21.0,4.75,1929,425,0.0,0,53.45788043478261,67.5,9.5,0.1,29.375,41.857402,-87.694991,7,50299.47895791583,74.5,0.9968508445462352,9.5,83.0,65.0,0.0,3.9999999999999982,17.472945891783567,0.21522616661895144,64.68809046664758,0,0,0,1,0,0,0
3493,54240,83.0,65.0,74.5,4.0,21.0,4.75,1929,425,0.0,0,53.45788043478261,67.5,9.5,0.1,29.375,41.868142,-87.696269,7,50300.60675443618,74.5,0.996565540927304,9.5,83.0,65.0,0.0,3.9999999999999982,17.473955352032053,0.2151931883228384,64.68889524899828,0,0,1,0,0,0,0
3494,54240,83.0,65.0,74.5,4.0,21.0,4.75,1929,425,0.0,0,53.45788043478261,67.5,9.5,0.1,29.375,41.867108,-87.654224,7,50301.73390557941,74.5,0.996280400572246,9.5,83.0,65.0,0.0,3.9999999999999982,17.474964234620884,0.2151602288984256,64.68969957081545,0,1,0,0,0,0,0
3495,54240,83.0,65.0,74.5,4.0,21.0,4.75,1929,425,0.0,0,53.45788043478261,67.5,9.5,0.1,29.375,41.867108,-87.654224,7,50302.86041189932,74.5,0.9959954233409613,9.5,83.0,65.0,0.0,3.9999999999999982,17.475972540045767,0.21512728832951872,64.69050343249428,0,0,1,0,0,0,0
3496,54240,83.0,65.0,74.5,4.0,21.0,4.75,1929,425,0.0,0,53.45788043478261,67.5,9.5,0.1,29.375,41.867108,-87.654224,7,50303.9862739491,74.5,0.9957106090935088,9.5,83.0,65.0,0.0,3.9999999999999982,17.476980268801828,0.21509436659994208,64.69130683442951,0,0,0,1,0,0,0
3497,54240,83.0,65.0,74.5,4.0,21.0,4.75,1929,425,0.0,0,53.45788043478261,67.5,9.5,0.1,29.375,41.896282,-87.655232,7,50305.11149228131,74.5,0.9954259576901088,9.5,83.0,65.0,0.0,3.9999999999999982,17.47798742138365,0.21506146369353846,64.69210977701543,0,0,1,0,0,0,0
3498,54240,83.0,65.0,74.5,4.0,21.0,4.75,1929,425,0.0,0,53.45788043478261,67.5,9.5,0.1,29.375,41.896282,-87.655232,7,50306.23606744784,74.5,0.9951414689911404,9.5,83.0,65.0,0.0,3.9999999999999982,17.478993998285226,0.21502857959416904,64.6929122606459,0,0,0,1,0,0,0
3499,54240,83.0,65.0,74.5,4.0,21.0,4.75,1929,425,0.0,0,53.45788043478261,67.5,9.5,0.1,29.375,41.921965,-87.632085,7,50307.36,74.5,0.9948571428571428,9.5,83.0,65.0,0.0,3.9999999999999982,17.48,0.2149957142857136,64.69371428571428,0,0,1,0,0,0,0
3500,54240,83.0,65.0,74.5,4.0,21.0,4.75,1929,425,0.0,0,53.45788043478261,67.5,9.5,0.1,29.375,41.921965,-87.632085,7,50308.483290488424,74.5,0.9945729791488146,9.5,83.0,65.0,0.0,3.9999999999999982,17.48100542702085,0.21496286775207013,64.69451585261353,0,0,0,1,0,0,0
3501,54240,83.0,65.0,74.5,4.0,21.0,4.75,1929,425,0.0,0,53.45788043478261,67.5,9.5,0.1,29.375,41.801179,-87.679447,7,50309.60593946317,74.5,0.9942889777270132,9.5,83.0,65.0,0.0,3.9999999999999982,17.482010279840093,0.2149300399771552,64.69531696173614,0,0,1,0,0,0,0
3502,54240,83.0,65.0,74.5,4.0,21.0,4.75,1929,425,0.0,0,53.45788043478261,67.5,9.5,0.1,29.375,41.82561,-87.726549,7,50310.727947473584,74.5,0.9940051384527548,9.5,83.0,65.0,0.0,3.9999999999999982,17.48301455894947,0.21489723094490368,64.69611761347417,0,0,1,0,0,0,0
3503,54240,83.0,65.0,74.5,4.0,21.0,4.75,1929,425,0.0,0,53.45788043478261,67.5,9.5,0.1,29.375,41.82561,-87.726549,7,50311.849315068495,74.5,0.9937214611872146,9.5,83.0,65.0,0.0,3.9999999999999982,17.484018264840184,0.2148644406392687,64.69691780821917,0,0,0,1,0,0,0
3504,54240,83.0,65.0,74.5,4.0,21.0,4.75,1929,425,0.0,0,53.45788043478261,67.5,9.5,0.1,29.375,41.778297,-87.752411,7,50312.970042796005,74.5,0.993437945791726,9.5,83.0,65.0,0.0,3.9999999999999982,17.48502139800285,0.21483166904422185,64.69771754636234,0,0,1,0,0,0,0
3505,54240,83.0,65.0,74.5,4.0,21.0,4.75,1929,425,0.0,0,53.45788043478261,67.5,9.5,0.1,29.375,41.77166,-87.703047,7,50314.09013120365,74.5,0.9931545921277808,9.5,83.0,65.0,0.0,3.9999999999999982,17.486023958927554,0.2147989161437529,64.69851682829436,0,0,1,0,0,0,0
3506,54240,83.0,65.0,74.5,4.0,21.0,4.75,1929,425,0.0,0,53.45788043478261,67.5,9.5,0.1,29.375,41.768388,-87.678649,7,50315.209580838324,74.5,0.9928714000570288,9.5,83.0,65.0,0.0,3.9999999999999982,17.487025948103792,0.2147661819218699,64.69931565440548,0,0,1,0,0,0,0
3507,54240,83.0,65.0,74.5,4.0,21.0,4.75,1929,425,0.0,0,53.45788043478261,67.5,9.5,0.1,29.375,41.768388,-87.678649,7,50316.32839224629,74.5,0.9925883694412769,9.5,83.0,65.0,0.0,3.9999999999999982,17.488027366020525,0.2147334663625991,64.70011402508554,0,0,0,1,0,0,0
3508,54240,83.0,65.0,74.5,4.0,21.0,4.75,1929,425,0.0,0,53.45788043478261,67.5,9.5,0.1,29.375,41.773215,-87.60088,7,50317.446565973216,74.5,0.9923055001424907,9.5,83.0,65.0,0.0,3.9999999999999982,17.489028213166144,0.2147007694499851,64.70091194072386,0,1,0,0,0,0,0
3509,54240,83.0,65.0,74.5,4.0,21.0,4.75,1929,425,0.0,0,53.45788043478261,67.5,9.5,0.1,29.375,41.773215,-87.60088,7,50318.5641025641,74.5,0.992022792022792,9.5,83.0,65.0,0.0,3.9999999999999982,17.49002849002849,0.21466809116809046,64.70170940170941,0,0,1,0,0,0,0
3510,54240,83.0,65.0,74.5,4.0,21.0,4.75,1929,425,0.0,0,53.45788043478261,67.5,9.5,0.1,29.375,41.773215,-87.60088,7,50319.68100256338,74.5,0.9917402449444602,9.5,83.0,65.0,0.0,3.9999999999999982,17.491028197094845,0.21463543150099626,64.70250640843065,0,0,0,1,0,0,0
3511,54240,83.0,65.0,74.5,4.0,21.0,4.75,1929,425,0.0,0,53.45788043478261,67.5,9.5,0.1,29.375,41.822536,-87.66634300000004,7,50320.797266514805,74.5,0.9914578587699316,9.5,83.0,65.0,0.0,3.9999999999999982,17.492027334851937,0.2146027904328012,64.70330296127564,0,1,0,0,0,0,0
3512,54240,83.0,65.0,74.5,4.0,21.0,4.75,1929,425,0.0,0,53.45788043478261,67.5,9.5,0.1,29.375,41.822536,-87.66634300000004,7,50321.91289496157,74.5,0.9911756333617991,9.5,83.0,65.0,0.0,3.9999999999999982,17.493025903785938,0.2145701679476225,64.70409906063193,0,0,1,0,0,0,0
3513,54240,83.0,65.0,74.5,4.0,21.0,4.75,1929,425,0.0,0,53.45788043478261,67.5,9.5,0.1,29.375,41.822536,-87.66634300000004,7,50323.027888446224,74.5,0.9908935685828116,9.5,83.0,65.0,0.0,3.9999999999999982,17.49402390438247,0.21453756402959528,64.70489470688673,0,0,0,1,0,0,0
3514,54240,83.0,65.0,74.5,4.0,21.0,4.75,1929,425,0.0,0,53.45788043478261,67.5,9.5,0.1,29.375,41.766202,-87.562889,7,50324.14224751067,74.5,0.9906116642958748,9.5,83.0,65.0,0.0,3.9999999999999982,17.4950213371266,0.2145049786628728,64.70568990042675,0,0,1,0,0,0,0
3515,54240,83.0,65.0,74.5,4.0,21.0,4.75,1929,425,0.0,0,53.45788043478261,67.5,9.5,0.1,29.375,41.754676,-87.612922,7,50325.25597269624,74.5,0.99032992036405,9.5,83.0,65.0,0.0,3.9999999999999982,17.496018202502846,0.21447241183162624,64.70648464163823,0,0,1,0,0,0,0
3516,54240,83.0,65.0,74.5,4.0,21.0,4.75,1929,425,0.0,0,53.45788043478261,67.5,9.5,0.1,29.375,41.754676,-87.612922,7,50326.369064543636,74.5,0.9900483366505544,9.5,83.0,65.0,0.0,3.9999999999999982,17.497014500995167,0.2144398635200449,64.70727893090702,0,0,0,1,0,0,0
3517,54240,83.0,65.0,74.5,4.0,21.0,4.75,1929,425,0.0,0,53.45788043478261,67.5,9.5,0.1,29.375,41.821582,-87.62779599999998,7,50327.48152359295,74.5,0.9897669130187606,9.5,83.0,65.0,0.0,3.9999999999999982,17.49801023308698,0.214407333712336,64.70807276861854,0,0,1,0,0,0,0
3518,54240,83.0,65.0,74.5,4.0,21.0,4.75,1929,425,0.0,0,53.45788043478261,67.5,9.5,0.1,29.375,41.803423,-87.642984,7,50328.59335038364,74.5,0.9894856493321966,9.5,83.0,65.0,0.0,3.9999999999999982,17.499005399261154,0.21437482239272465,64.70886615515772,0,0,1,0,0,0,0
3519,54240,83.0,65.0,74.5,4.0,21.0,4.75,1929,425,0.0,0,53.45788043478261,67.5,9.5,0.1,29.375,41.803423,-87.642984,7,50329.704545454544,74.5,0.9892045454545456,9.5,83.0,65.0,0.0,3.9999999999999982,17.5,0.214342329545454,64.70965909090908,0,0,0,1,0,0,0
3520,54240,83.0,65.0,74.5,4.0,21.0,4.75,1929,425,0.0,0,53.45788043478261,67.5,9.5,0.1,29.375,41.868077,-87.666901,7,50330.81510934394,74.5,0.9889236012496451,9.5,83.0,65.0,0.0,3.9999999999999982,17.50099403578529,0.21430985515478498,64.71045157625674,0,1,0,0,0,0,0
3521,54240,83.0,65.0,74.5,4.0,21.0,4.75,1929,425,0.0,0,53.45788043478261,67.5,9.5,0.1,29.375,41.868077,-87.666901,7,50331.92504258944,74.5,0.9886428165814878,9.5,83.0,65.0,0.0,3.9999999999999982,17.501987507098242,0.2142773992049966,64.71124361158432,0,0,1,0,0,0,0
3522,54240,83.0,65.0,74.5,4.0,21.0,4.75,1929,425,0.0,0,53.45788043478261,67.5,9.5,0.1,29.375,41.868077,-87.666901,7,50333.034345728076,74.5,0.9883621913142208,9.5,83.0,65.0,0.0,3.9999999999999982,17.50298041441953,0.21424496168038548,64.71203519727504,0,0,0,1,0,0,0
3523,54240,83.0,65.0,74.5,4.0,21.0,4.75,1929,425,0.0,0,53.45788043478261,67.5,9.5,0.1,29.375,41.704336,-87.70373599999998,7,50334.14301929625,74.5,0.9880817253121452,9.5,83.0,65.0,0.0,3.9999999999999982,17.503972758229285,0.2142125425652662,64.71282633371169,0,0,1,0,0,0,0
3524,54240,83.0,65.0,74.5,4.0,21.0,4.75,1929,425,0.0,0,53.45788043478261,67.5,9.5,0.1,29.375,41.704336,-87.70373599999998,7,50335.25106382978,74.5,0.9878014184397164,9.5,83.0,65.0,0.0,3.9999999999999982,17.50496453900709,0.21418014184397108,64.7136170212766,0,0,0,1,0,0,0
3525,54240,83.0,65.0,74.5,4.0,21.0,4.75,1929,425,0.0,0,53.45788043478261,67.5,9.5,0.1,29.375,41.798697,-87.736812,7,50336.35847986387,74.5,0.9875212705615428,9.5,83.0,65.0,0.0,3.9999999999999982,17.50595575723199,0.21414775950085027,64.71440726035168,0,1,0,0,0,0,0
3526,54240,83.0,65.0,74.5,4.0,21.0,4.75,1929,425,0.0,0,53.45788043478261,67.5,9.5,0.1,29.375,41.798697,-87.736812,7,50337.46526793308,74.5,0.9872412815423872,9.5,83.0,65.0,0.0,3.9999999999999982,17.50694641338248,0.21411539552027165,64.7151970513184,0,0,1,0,0,0,0
3527,54240,83.0,65.0,74.5,4.0,21.0,4.75,1929,425,0.0,0,53.45788043478261,67.5,9.5,0.1,29.375,41.798697,-87.736812,7,50338.571428571435,74.5,0.9869614512471656,9.5,83.0,65.0,0.0,3.9999999999999982,17.50793650793651,0.2140830498866208,64.71598639455782,0,0,0,1,0,0,0
3528,54240,83.0,65.0,74.5,4.0,21.0,4.75,1929,425,0.0,0,53.45788043478261,67.5,9.5,0.1,29.375,41.662014,-87.72460799999998,7,50339.67696231227,74.5,0.9866817795409464,9.5,83.0,65.0,0.0,3.9999999999999982,17.508926041371492,0.21405072258430102,64.71677529045057,0,0,0,1,0,0,0
3529,54240,83.0,65.0,74.5,4.0,21.0,4.75,1929,425,0.0,0,53.45788043478261,67.5,9.5,0.1,29.375,41.94016,-87.794896,7,50340.78186968839,74.5,0.986402266288952,9.5,83.0,65.0,0.0,3.9999999999999982,17.509915014164307,0.2140184135977332,64.71756373937677,0,0,1,0,0,0,0
3530,54240,83.0,65.0,74.5,4.0,21.0,4.75,1929,425,0.0,0,53.45788043478261,67.5,9.5,0.1,29.375,41.94016,-87.794896,7,50341.886151231956,74.5,0.9861229113565562,9.5,83.0,65.0,0.0,3.9999999999999982,17.510903426791273,0.21398612291135605,64.71835174171622,0,0,0,1,0,0,0
3531,54240,83.0,65.0,74.5,4.0,21.0,4.75,1929,425,0.0,0,53.45788043478261,67.5,9.5,0.1,29.375,41.932094,-87.700117,7,50342.98980747452,74.5,0.9858437146092864,9.5,83.0,65.0,0.0,3.9999999999999982,17.511891279728196,0.2139538505096258,64.71913929784824,0,0,1,0,0,0,0
3532,54240,83.0,65.0,74.5,4.0,21.0,4.75,1929,425,0.0,0,53.45788043478261,67.5,9.5,0.1,29.375,41.932094,-87.700117,7,50344.09283894707,74.5,0.985564675912822,9.5,83.0,65.0,0.0,3.9999999999999982,17.512878573450326,0.21392159637701624,64.71992640815171,0,0,0,1,0,0,0
3533,54240,83.0,65.0,74.5,4.0,21.0,4.75,1929,425,0.0,0,53.45788043478261,67.5,9.5,0.1,29.375,42.01743,-87.68776899999996,7,50345.195246179974,74.5,0.9852857951329936,9.5,83.0,65.0,0.0,3.9999999999999982,17.513865308432376,0.2138893604980188,64.7207130730051,0,1,0,0,0,0,0
3534,54240,83.0,65.0,74.5,4.0,21.0,4.75,1929,425,0.0,0,53.45788043478261,67.5,9.5,0.1,29.375,42.01743,-87.68776899999996,7,50346.29702970297,74.5,0.9850070721357851,9.5,83.0,65.0,0.0,3.9999999999999982,17.514851485148515,0.2138571428571424,64.72149929278643,0,0,1,0,0,0,0
3535,54240,83.0,65.0,74.5,4.0,21.0,4.75,1929,425,0.0,0,53.45788043478261,67.5,9.5,0.1,29.375,42.01743,-87.68776899999996,7,50347.398190045256,74.5,0.9847285067873304,9.5,83.0,65.0,0.0,3.9999999999999982,17.5158371040724,0.2138249434389136,64.7222850678733,0,0,0,1,0,0,0
3536,54240,83.0,65.0,74.5,4.0,21.0,4.75,1929,425,0.0,0,53.45788043478261,67.5,9.5,0.1,29.375,41.916265,-87.800515,7,50348.49872773537,74.5,0.9844500989539158,9.5,83.0,65.0,0.0,3.9999999999999982,17.516822165677127,0.21379276222787627,64.72307039864292,0,1,0,0,0,0,0
3537,54240,83.0,65.0,74.5,4.0,21.0,4.75,1929,425,0.0,0,53.45788043478261,67.5,9.5,0.1,29.375,41.916265,-87.800515,7,50349.5986433013,74.5,0.9841718485019784,9.5,83.0,65.0,0.0,3.9999999999999982,17.517806670435277,0.213760599208592,64.72385528547201,0,0,1,0,0,0,0
3538,54240,83.0,65.0,74.5,4.0,21.0,4.75,1929,425,0.0,0,53.45788043478261,67.5,9.5,0.1,29.375,41.916265,-87.800515,7,50350.69793727042,74.5,0.9838937552981069,9.5,83.0,65.0,0.0,3.9999999999999982,17.518790618818873,0.2137284543656396,64.72463972873693,0,0,0,1,0,0,0
3539,54240,83.0,65.0,74.5,4.0,21.0,4.75,1929,425,0.0,0,53.45788043478261,67.5,9.5,0.1,29.375,41.846075,-87.716277,7,50351.79661016949,74.5,0.9836158192090396,9.5,83.0,65.0,0.0,3.9999999999999982,17.519774011299436,0.21369632768361535,64.72542372881354,0,0,1,0,0,0,0
3540,54240,83.0,65.0,74.5,4.0,21.0,4.75,1929,425,0.0,0,53.45788043478261,67.5,9.5,0.1,29.375,41.846075,-87.716277,7,50352.89466252472,74.5,0.983338040101666,9.5,83.0,65.0,0.0,3.9999999999999982,17.520756848347926,0.21366421914713316,64.72620728607738,0,0,0,1,0,0,0
3541,54240,83.0,65.0,74.5,4.0,21.0,4.75,1929,425,0.0,0,53.45788043478261,67.5,9.5,0.1,29.375,41.907645,-87.760886,7,50353.992094861664,74.5,0.9830604178430266,9.5,83.0,65.0,0.0,3.9999999999999982,17.52173913043478,0.213632128740824,64.72699040090346,0,1,0,0,0,0,0
3542,54240,83.0,65.0,74.5,4.0,21.0,4.75,1929,425,0.0,0,53.45788043478261,67.5,9.5,0.1,29.375,41.907645,-87.760886,7,50355.08890770533,74.5,0.9827829523003104,9.5,83.0,65.0,0.0,3.9999999999999982,17.522720858029913,0.2136000564493363,64.72777307366638,0,0,1,0,0,0,0
3543,54240,83.0,65.0,74.5,4.0,21.0,4.75,1929,425,0.0,0,53.45788043478261,67.5,9.5,0.1,29.375,41.907645,-87.760886,7,50356.18510158014,74.5,0.9825056433408578,9.5,83.0,65.0,0.0,3.9999999999999982,17.523702031602713,0.21356800225733594,64.72855530474041,0,0,0,1,0,0,0
3544,54240,83.0,65.0,74.5,4.0,21.0,4.75,1929,425,0.0,0,53.45788043478261,67.5,9.5,0.1,29.375,41.682587,-87.707973,7,50357.28067700988,74.5,0.982228490832158,9.5,83.0,65.0,0.0,3.9999999999999982,17.524682651622,0.21353596614950596,64.72933709449929,0,0,1,0,0,0,0
3545,54240,83.0,65.0,74.5,4.0,21.0,4.75,1929,425,0.0,0,53.45788043478261,67.5,9.5,0.1,29.375,41.948167,-87.730698,7,50358.375634517775,74.5,0.98195149464185,9.5,83.0,65.0,0.0,3.9999999999999982,17.525662718556116,0.21350394811054668,64.7301184433164,0,0,1,0,0,0,0
3546,54240,83.0,65.0,74.5,4.0,21.0,4.75,1929,425,0.0,0,53.45788043478261,67.5,9.5,0.1,29.375,41.948167,-87.730698,7,50359.469974626445,74.5,0.9816746546377221,9.5,83.0,65.0,0.0,3.9999999999999982,17.52664223287285,0.2134719481251758,64.7308993515647,0,0,0,1,0,0,0
3547,54240,83.0,65.0,74.5,4.0,21.0,4.75,1929,425,0.0,0,53.45788043478261,67.5,9.5,0.1,29.375,41.963976,-87.69181,7,50360.56369785795,74.5,0.9813979706877114,9.5,83.0,65.0,0.0,3.9999999999999982,17.527621195039462,0.21343996617812813,64.73167981961669,0,1,0,0,0,0,0
3548,54240,83.0,65.0,74.5,4.0,21.0,4.75,1929,425,0.0,0,53.45788043478261,67.5,9.5,0.1,29.375,41.963976,-87.69181,7,50361.65680473373,74.5,0.9811214426599042,9.5,83.0,65.0,0.0,3.9999999999999982,17.528599605522682,0.2134080022541557,64.73245984784447,0,0,1,0,0,0,0
3549,54240,83.0,65.0,74.5,4.0,21.0,4.75,1929,425,0.0,0,53.45788043478261,67.5,9.5,0.1,29.375,41.963976,-87.69181,7,50362.74929577465,74.5,0.9808450704225352,9.5,83.0,65.0,0.0,3.9999999999999982,17.529577464788733,0.21337605633802775,64.73323943661971,0,0,0,1,0,0,0
3550,53940,78.5,63.5,71.0,5.3,7.0,6.6,1927,428,0.0,-3,53.45788043478261,58.0,6.0,0.0,29.385,41.868142,-87.696269,7,50363.756688256835,74.5,0.9805688538439876,9.5,83.0,65.0,0.0,3.9999999999999982,17.52661222190932,0.2133159673331452,64.73134328358209,0,1,0,0,0,0,0
3551,53940,78.5,63.5,71.0,5.3,7.0,6.6,1927,428,0.0,-3,53.45788043478261,58.0,6.0,0.0,29.385,41.868142,-87.696269,7,50364.76351351351,74.5,0.9802927927927928,9.5,83.0,65.0,0.0,3.9999999999999982,17.52364864864865,0.21325591216216175,64.7294481981982,0,0,0,1,0,0,0
3552,53940,78.5,63.5,71.0,5.3,7.0,6.6,1927,428,0.0,-3,53.45788043478261,58.0,6.0,0.0,29.385,41.723195,-87.64997,7,50365.76977202363,74.5,0.98001688713763,9.5,83.0,65.0,0.0,3.9999999999999982,17.52068674359696,0.2131958907965096,64.72755417956657,0,1,0,0,0,0,0
3553,53940,78.5,63.5,71.0,5.3,7.0,6.6,1927,428,0.0,-3,53.45788043478261,58.0,6.0,0.0,29.385,41.723195,-87.64997,7,50366.775464265615,74.5,0.979741136747327,9.5,83.0,65.0,0.0,3.9999999999999982,17.51772650534609,0.21313590320765294,64.72566122678671,0,0,1,0,0,0,0
3554,53940,78.5,63.5,71.0,5.3,7.0,6.6,1927,428,0.0,-3,53.45788043478261,58.0,6.0,0.0,29.385,41.723195,-87.64997,7,50367.7805907173,74.5,0.9794655414908578,9.5,83.0,65.0,0.0,3.9999999999999982,17.514767932489452,0.21307594936708826,64.72376933895922,0,0,0,1,0,0,0
3555,53940,78.5,63.5,71.0,5.3,7.0,6.6,1927,428,0.0,-3,53.45788043478261,58.0,6.0,0.0,29.385,41.720848,-87.666014,7,50368.78515185601,74.5,0.9791901012373452,9.5,83.0,65.0,0.0,3.9999999999999982,17.511811023622048,0.21301602924634386,64.72187851518561,0,1,0,0,0,0,0
3556,53940,78.5,63.5,71.0,5.3,7.0,6.6,1927,428,0.0,-3,53.45788043478261,58.0,6.0,0.0,29.385,41.720848,-87.666014,7,50369.78914815856,74.5,0.9789148158560584,9.5,83.0,65.0,0.0,3.9999999999999982,17.508855777340454,0.21295614281698025,64.71998875456846,0,0,1,0,0,0,0
3557,53940,78.5,63.5,71.0,5.3,7.0,6.6,1927,428,0.0,-3,53.45788043478261,58.0,6.0,0.0,29.385,41.720848,-87.666014,7,50370.79258010118,71.0,0.9786396852164138,6.0,78.5,65.0,-3.0,3.9999999999999982,17.505902192242832,0.21289629005058985,64.71810005621136,0,0,0,1,0,0,0
3558,53940,78.5,63.5,71.0,5.3,7.0,6.6,1927,428,0.0,-3,53.45788043478261,58.0,6.0,0.0,29.385,41.750498,-87.605294,7,50371.7954481596,71.0,0.978364709187974,6.0,78.5,65.0,-3.0,3.9999999999999982,17.502950266928913,0.21283647091879704,64.71621241921888,0,1,0,0,0,0,0
3559,53940,78.5,63.5,71.0,5.3,7.0,6.6,1927,428,0.0,-3,53.45788043478261,58.0,6.0,0.0,29.385,41.750498,-87.605294,7,50372.79775280898,71.0,0.9780898876404496,6.0,78.5,65.0,-3.0,3.9999999999999982,17.5,0.21277668539325809,64.71432584269662,0,0,1,0,0,0,0
3560,53940,78.5,63.5,71.0,5.3,7.0,6.6,1927,428,0.0,-3,53.45788043478261,58.0,6.0,0.0,29.385,41.750498,-87.605294,7,50373.79949452401,71.0,0.9778152204436956,6.0,78.5,63.5,-3.0,3.9999999999999982,17.49705139005897,0.21271693344566092,64.71244032575119,0,0,0,1,0,0,0
3561,53940,78.5,63.5,71.0,5.3,7.0,6.6,1927,428,0.0,-3,53.45788043478261,58.0,6.0,0.0,29.385,41.673408,-87.599862,7,50374.80067377877,71.0,0.9775407074677148,6.0,78.5,63.5,-3.0,3.9999999999999982,17.494104435710277,0.2126572150477256,64.71055586749017,0,1,0,0,0,0,0
3562,53940,78.5,63.5,71.0,5.3,7.0,6.6,1927,428,0.0,-3,53.45788043478261,58.0,6.0,0.0,29.385,41.673408,-87.599862,7,50375.80129104687,71.0,0.977266348582655,6.0,78.5,63.5,-3.0,3.9999999999999982,17.491159135559922,0.21259753017120367,64.70867246702217,0,0,1,0,0,0,0
3563,53940,78.5,63.5,71.0,5.3,7.0,6.6,1927,428,0.0,-3,53.45788043478261,58.0,6.0,0.0,29.385,41.673408,-87.599862,7,50376.801346801345,71.0,0.9769921436588104,6.0,78.5,63.5,-3.0,3.9999999999999982,17.488215488215488,0.2125378787878784,64.70679012345678,0,0,0,1,0,0,0
3564,53940,78.5,63.5,71.0,5.3,7.0,6.6,1927,428,0.0,-3,53.45788043478261,58.0,6.0,0.0,29.385,41.662014,-87.72460799999998,7,50377.80084151473,71.0,0.97671809256662,6.0,78.5,63.5,-3.0,3.9999999999999982,17.485273492286115,0.21247826086956484,64.70490883590463,0,1,0,0,0,0,0
3565,53940,78.5,63.5,71.0,5.3,7.0,6.6,1927,428,0.0,-3,53.45788043478261,58.0,6.0,0.0,29.385,41.662014,-87.72460799999998,7,50378.799775659005,71.0,0.9764441951766686,6.0,78.5,63.5,-3.0,3.9999999999999982,17.4823331463825,0.21241867638810955,64.70302860347728,0,0,1,0,0,0,0
3566,53940,78.5,63.5,71.0,5.3,7.0,6.6,1927,428,0.0,-3,53.45788043478261,58.0,6.0,0.0,29.385,41.72646500000001,-87.585413,7,50379.79814970563,71.0,0.9761704513596859,6.0,78.5,63.5,-3.0,3.9999999999999982,17.479394449116906,0.2123591253153907,64.70114942528735,0,0,1,0,0,0,0
3567,53940,78.5,63.5,71.0,5.3,7.0,6.6,1927,428,0.0,-3,53.45788043478261,58.0,6.0,0.0,29.385,41.72646500000001,-87.585413,7,50380.795964125566,71.0,0.975896860986547,6.0,78.5,63.5,-3.0,3.9999999999999982,17.47645739910314,0.21229960762331798,64.69927130044843,0,0,0,1,0,0,0
3568,53940,78.5,63.5,71.0,5.3,7.0,6.6,1927,428,0.0,-3,53.45788043478261,58.0,6.0,0.0,29.385,41.72646500000001,-87.585413,7,50381.79321938918,71.0,0.9756234239282712,6.0,78.5,63.5,-3.0,3.9999999999999982,17.47352199495657,0.21224012328383265,64.6973942280751,0,0,0,0,0,0,1
3569,53940,78.5,63.5,71.0,5.3,7.0,6.6,1927,428,0.0,-3,53.45788043478261,58.0,6.0,0.0,29.385,41.682587,-87.707973,7,50382.78991596639,71.0,0.9753501400560224,6.0,78.5,63.5,-3.0,3.9999999999999982,17.470588235294116,0.2121806722689072,64.69551820728293,0,1,0,0,0,0,0
3570,53940,78.5,63.5,71.0,5.3,7.0,6.6,1927,428,0.0,-3,53.45788043478261,58.0,6.0,0.0,29.385,41.682587,-87.707973,7,50383.78605432653,71.0,0.9750770092411091,6.0,78.5,63.5,-3.0,3.9999999999999982,17.467656118734247,0.21212125455054567,64.69364323718847,0,0,1,0,0,0,0
3571,53940,78.5,63.5,71.0,5.3,7.0,6.6,1927,428,0.0,-3,53.45788043478261,58.0,6.0,0.0,29.385,41.682587,-87.707973,7,50384.78163493841,71.0,0.9748040313549832,6.0,78.5,63.5,-3.0,3.9999999999999982,17.464725643896976,0.2120618701007835,64.69176931690929,0,0,0,1,0,0,0
3572,53940,78.5,63.5,71.0,5.3,7.0,6.6,1927,428,0.0,-3,53.45788043478261,58.0,6.0,0.0,29.385,41.732984,-87.649642,7,50385.77665827036,71.0,0.9745312062692416,6.0,78.5,63.5,-3.0,3.9999999999999982,17.461796809403857,0.21200251889168728,64.68989644556396,0,1,0,0,0,0,0
3573,53940,78.5,63.5,71.0,5.3,7.0,6.6,1927,428,0.0,-3,53.45788043478261,58.0,6.0,0.0,29.385,41.732984,-87.649642,7,50386.771124790146,71.0,0.974258533855624,6.0,78.5,63.5,-3.0,3.9999999999999982,17.458869613878008,0.21194320089535496,64.68802462227197,0,0,1,0,0,0,0
3574,53940,78.5,63.5,71.0,5.3,7.0,6.6,1927,428,0.0,-3,53.45788043478261,58.0,6.0,0.0,29.385,41.732984,-87.649642,7,50387.765034965036,71.0,0.973986013986014,6.0,78.5,63.5,-3.0,3.9999999999999982,17.455944055944055,0.2118839160839157,64.68615384615384,0,0,0,1,0,0,0
3575,53940,78.5,63.5,71.0,5.3,7.0,6.6,1927,428,0.0,-3,53.45788043478261,58.0,6.0,0.0,29.385,41.903002,-87.68826700000002,7,50388.75838926175,71.0,0.9737136465324384,6.0,78.5,63.5,-3.0,3.9999999999999982,17.453020134228186,0.21182466442952985,64.6842841163311,0,1,0,0,0,0,0
3576,53940,78.5,63.5,71.0,5.3,7.0,6.6,1927,428,0.0,-3,53.45788043478261,58.0,6.0,0.0,29.385,41.903002,-87.68826700000002,7,50389.75118814648,71.0,0.9734414313670674,6.0,78.5,63.5,-3.0,3.9999999999999982,17.450097847358123,0.2117654459043888,64.6824154319262,0,0,1,0,0,0,0
3577,53940,78.5,63.5,71.0,5.3,7.0,6.6,1927,428,0.0,-3,53.45788043478261,58.0,6.0,0.0,29.385,41.903002,-87.68826700000002,7,50390.743432084964,71.0,0.9731693683622136,6.0,78.5,63.5,-3.0,3.9999999999999982,17.447177193963107,0.2117062604807151,64.68054779206261,0,0,0,1,0,0,0
3578,53940,78.5,63.5,71.0,5.3,7.0,6.6,1927,428,0.0,-3,53.45788043478261,58.0,6.0,0.0,29.385,41.678618,-87.559308,7,50391.73512154233,71.0,0.9728974573903324,6.0,78.5,63.5,-3.0,5.299999999999997,17.44425817267393,0.2116471081307624,64.67868119586477,0,1,0,0,0,0,0
3579,53940,78.5,63.5,71.0,5.3,7.0,6.6,1927,428,0.0,-3,53.45788043478261,58.0,6.0,0.0,29.385,41.678618,-87.559308,7,50392.726256983246,71.0,0.9726256983240223,6.0,78.5,63.5,-3.0,5.299999999999998,17.441340782122904,0.2115879888268153,64.67681564245811,0,0,1,0,0,0,0
3580,53940,78.5,63.5,71.0,5.3,7.0,6.6,1927,428,0.0,-3,53.45788043478261,58.0,6.0,0.0,29.385,41.678618,-87.559308,7,50393.71683887181,71.0,0.9723540910360234,6.0,78.5,63.5,-3.0,5.299999999999998,17.438425020943868,0.2115289025411892,64.674951130969,0,0,0,1,0,0,0
3581,53940,78.5,63.5,71.0,5.3,7.0,6.6,1927,428,0.0,-3,53.45788043478261,58.0,6.0,0.0,29.385,41.740641,-87.546587,7,50394.7068676717,71.0,0.9720826353992184,6.0,78.5,63.5,-3.0,5.299999999999998,17.435510887772196,0.2114698492462308,64.67308766052484,0,0,1,0,0,0,0
3582,53940,78.5,63.5,71.0,5.3,7.0,6.6,1927,428,0.0,-3,53.45788043478261,58.0,6.0,0.0,29.385,41.740641,-87.546587,7,50395.696343845935,71.0,0.9718113312866312,6.0,78.5,63.5,-3.0,5.299999999999998,17.432598381244766,0.21141082891431726,64.67122523025397,0,0,0,1,0,0,0
3583,53940,78.5,63.5,71.0,5.3,7.0,6.6,1927,428,0.0,-3,53.45788043478261,58.0,6.0,0.0,29.385,41.680946,-87.535198,7,50396.685267857145,71.0,0.9715401785714286,6.0,78.5,63.5,-3.0,5.299999999999998,17.4296875,0.2113518415178568,64.66936383928571,0,0,1,0,0,0,0
3584,53940,78.5,63.5,71.0,5.3,7.0,6.6,1927,428,0.0,-3,53.45788043478261,58.0,6.0,0.0,29.385,41.680946,-87.535198,7,50397.67364016736,71.0,0.9712691771269176,6.0,78.5,63.5,-3.0,5.299999999999998,17.426778242677823,0.21129288702928836,64.66750348675035,0,0,0,1,0,0,0
3585,53940,78.5,63.5,71.0,5.3,7.0,6.6,1927,428,0.0,-3,53.45788043478261,58.0,6.0,0.0,29.385,41.659112,-87.53869300000002,7,50398.66146123815,71.0,0.9709983268265476,6.0,78.5,63.5,-3.0,5.299999999999998,17.423870607919692,0.2112339654210816,64.66564417177914,0,0,1,0,0,0,0
3586,53940,78.5,63.5,71.0,5.3,7.0,6.6,1927,428,0.0,-3,53.45788043478261,58.0,6.0,0.0,29.385,41.659112,-87.53869300000002,7,50399.64873153053,71.0,0.9707276275439084,6.0,78.5,63.5,-3.0,5.299999999999998,17.420964594368552,0.21117507666573698,64.66378589350433,0,0,0,1,0,0,0
3587,53940,78.5,63.5,71.0,5.3,7.0,6.6,1927,428,0.0,-3,53.45788043478261,58.0,6.0,0.0,29.385,41.974689,-87.890615,7,50400.63545150502,71.0,0.9704570791527312,6.0,78.5,63.5,-3.0,5.299999999999998,17.418060200668894,0.2111162207357856,64.6619286510591,0,1,0,0,0,0,0
3588,53940,78.5,63.5,71.0,5.3,7.0,6.6,1927,428,0.0,-3,53.45788043478261,58.0,6.0,0.0,29.385,41.974689,-87.890615,7,50401.62162162162,71.0,0.9701866815268876,6.0,78.5,63.5,-3.0,5.299999999999998,17.415157425466706,0.21105739760378894,64.6600724435776,0,0,1,0,0,0,0
3589,53940,78.5,63.5,71.0,5.3,7.0,6.6,1927,428,0.0,-3,53.45788043478261,58.0,6.0,0.0,29.385,41.974689,-87.890615,7,50402.60724233984,71.0,0.9699164345403901,6.0,78.5,63.5,-3.0,5.299999999999998,17.41225626740947,0.21099860724233946,64.65821727019498,0,0,0,1,0,0,0
3590,53940,78.5,63.5,71.0,5.3,7.0,6.6,1927,428,0.0,-3,53.45788043478261,58.0,6.0,0.0,29.385,41.957799,-87.930995,7,50403.592314118636,71.0,0.9696463380673906,6.0,78.5,63.5,-3.0,5.299999999999998,17.4093567251462,0.21093984962405976,64.65636313004734,0,1,0,0,0,0,0
3591,53940,78.5,63.5,71.0,5.3,7.0,6.6,1927,428,0.0,-3,53.45788043478261,58.0,6.0,0.0,29.385,41.957799,-87.930995,7,50404.57683741648,71.0,0.9693763919821826,6.0,78.5,63.5,-3.0,5.299999999999998,17.406458797327396,0.2108811247216032,64.65451002227171,0,0,1,0,0,0,0
3592,53940,78.5,63.5,71.0,5.3,7.0,6.6,1927,428,0.0,-3,53.45788043478261,58.0,6.0,0.0,29.385,41.957799,-87.930995,7,50405.560812691336,71.0,0.9691065961591984,6.0,78.5,63.5,-3.0,5.299999999999998,17.403562482605064,0.2108224325076534,64.65265794600613,0,0,0,1,0,0,0
3593,53640,70.0,57.5,64.0,10.35,29.5,10.6,1925,431,1.0,-10,53.45788043478261,56.5,0.0,0.0,29.18,41.95469,-87.800991,7,50406.460767946584,71.0,0.9691151919866444,6.0,78.5,63.5,-3.0,5.299999999999998,17.406928213689486,0.2107637729549245,64.6503895381191,0,1,0,0,0,0,0
3594,53640,70.0,57.5,64.0,10.35,29.5,10.6,1925,431,1.0,-10,53.45788043478261,56.5,0.0,0.0,29.18,41.95469,-87.800991,7,50407.360222531286,71.0,0.9691237830319888,6.0,78.5,63.5,-3.0,5.299999999999998,17.41029207232267,0.21070514603616095,64.6481223922114,0,0,1,0,0,0,0
3595,53640,70.0,57.5,64.0,10.35,29.5,10.6,1925,431,1.0,-10,53.45788043478261,56.5,0.0,0.0,29.18,41.95469,-87.800991,7,50408.25917686318,71.0,0.9691323692992212,6.0,78.5,63.5,-3.0,5.299999999999998,17.41365406006674,0.21064655172413754,64.64585650723025,0,0,0,1,0,0,0
3596,53640,70.0,57.5,64.0,10.35,29.5,10.6,1925,431,1.0,-10,53.45788043478261,56.5,0.0,0.0,29.18,41.964242,-87.757639,7,50409.15763135946,71.0,0.9691409507923271,6.0,78.5,63.5,-3.0,5.299999999999998,17.41701417848207,0.2105879899916593,64.643591882124,0,0,1,0,0,0,0
3597,53640,70.0,57.5,64.0,10.35,29.5,10.6,1925,431,1.0,-10,53.45788043478261,56.5,0.0,0.0,29.18,41.964242,-87.757639,7,50410.055586436916,71.0,0.9691495275152864,6.0,78.5,63.5,-3.0,5.299999999999998,17.420372429127294,0.2105294608115616,64.64132851584213,0,0,0,1,0,0,0
3598,53640,70.0,57.5,64.0,10.35,29.5,10.6,1925,431,1.0,-10,53.45788043478261,56.5,0.0,0.0,29.18,42.008314,-87.77792099999998,7,50410.953042511814,71.0,0.9691580994720757,6.0,78.5,63.5,-3.0,5.299999999999998,17.423728813559322,0.21047096415670985,64.63906640733539,0,1,0,0,0,0,0
3599,53640,70.0,57.5,64.0,10.35,29.5,10.6,1925,431,1.0,-10,53.45788043478261,56.5,0.0,0.0,29.18,42.008314,-87.77792099999998,7,50411.85,71.0,0.9691666666666666,6.0,78.5,63.5,-3.0,5.299999999999998,17.427083333333332,0.2104124999999996,64.63680555555554,0,0,1,0,0,0,0
3600,53640,70.0,57.5,64.0,10.35,29.5,10.6,1925,431,1.0,-10,53.45788043478261,56.5,0.0,0.0,29.18,42.008314,-87.77792099999998,7,50412.746459316855,64.0,0.9691752291030268,0.0,70.0,63.5,-10.0,5.299999999999998,17.430435990002778,0.21035406831435674,64.6345459594557,0,0,0,1,0,0,0
3601,53640,70.0,57.5,64.0,10.35,29.5,10.6,1925,431,1.0,-10,53.45788043478261,56.5,0.0,0.0,29.18,41.98196400000001,-87.812827,7,50413.64242087729,64.0,0.9691837867851194,0.0,70.0,63.5,-10.0,5.299999999999998,17.433786785119377,0.21029566907273697,64.63228761799,0,1,0,0,0,0,0
3602,53640,70.0,57.5,64.0,10.35,29.5,10.6,1925,431,1.0,-10,53.45788043478261,56.5,0.0,0.0,29.18,41.99247800000001,-87.862995,7,50414.537885095764,64.0,0.9691923397169026,0.0,70.0,63.5,-10.0,5.299999999999998,17.43713572023314,0.21023730224812615,64.63003053011379,0,1,0,0,0,0,0
3603,53640,70.0,57.5,64.0,10.35,29.5,10.6,1925,431,1.0,-10,53.45788043478261,56.5,0.0,0.0,29.18,41.98196400000001,-87.812827,7,50415.43285238624,64.0,0.9692008879023308,0.0,70.0,57.5,-10.0,5.299999999999998,17.440482796892343,0.21017896781354012,64.62777469478357,0,0,1,0,0,0,0
3604,53640,70.0,57.5,64.0,10.35,29.5,10.6,1925,431,1.0,-10,53.45788043478261,56.5,0.0,0.0,29.18,41.99247800000001,-87.862995,7,50416.327323162266,64.0,0.9692094313453536,0.0,70.0,57.5,-10.0,5.299999999999998,17.44382801664355,0.2101206657420246,64.625520110957,0,0,1,0,0,0,0
3605,53640,70.0,57.5,64.0,10.35,29.5,10.6,1925,431,1.0,-10,53.45788043478261,56.5,0.0,0.0,29.18,41.98196400000001,-87.812827,7,50417.221297836935,64.0,0.9692179700499168,0.0,70.0,57.5,-10.0,5.299999999999998,17.447171381031612,0.2100623960066552,64.6232667775929,0,0,0,1,0,0,0
3606,53640,70.0,57.5,64.0,10.35,29.5,10.6,1925,431,1.0,-10,53.45788043478261,56.5,0.0,0.0,29.18,41.99247800000001,-87.862995,7,50418.114776822855,64.0,0.9692265040199612,0.0,70.0,57.5,-10.0,5.299999999999998,17.45051289159967,0.21000415858053748,64.62101469365123,0,0,0,1,0,0,0
3607,53640,70.0,57.5,64.0,10.35,29.5,10.6,1925,431,1.0,-10,53.45788043478261,56.5,0.0,0.0,29.18,41.944869,-87.832763,7,50419.00776053215,64.0,0.9692350332594236,0.0,70.0,57.5,-10.0,5.299999999999998,17.453852549889135,0.20994595343680672,64.61876385809313,0,0,1,0,0,0,0
3608,53640,70.0,57.5,64.0,10.35,29.5,10.6,1925,431,1.0,-10,53.45788043478261,56.5,0.0,0.0,29.18,41.944869,-87.832763,7,50419.900249376566,64.0,0.969243557772236,0.0,70.0,57.5,-10.0,5.299999999999998,17.457190357439735,0.20988778054862808,64.61651426988085,0,0,0,1,0,0,0
3609,53640,70.0,57.5,64.0,10.35,29.5,10.6,1925,431,1.0,-10,53.45788043478261,56.5,0.0,0.0,29.18,41.991429,-87.747113,7,50420.79224376731,64.0,0.9692520775623268,0.0,70.0,57.5,-10.0,5.299999999999998,17.460526315789473,0.2098296398891963,64.61426592797785,0,0,1,0,0,0,0
3610,53640,70.0,57.5,64.0,10.35,29.5,10.6,1925,431,1.0,-10,53.45788043478261,56.5,0.0,0.0,29.18,41.991429,-87.747113,7,50421.683744115195,64.0,0.9692605926336196,0.0,70.0,57.5,-10.0,5.299999999999998,17.46386042647466,0.20977153143173602,64.61201883134866,0,0,0,1,0,0,0
3611,53640,70.0,57.5,64.0,10.35,29.5,10.6,1925,431,1.0,-10,53.45788043478261,56.5,0.0,0.0,29.18,42.011601,-87.81150600000002,7,50422.574750830565,64.0,0.9692691029900332,0.0,70.0,57.5,-10.0,5.299999999999998,17.4671926910299,0.2097134551495013,64.60977297895903,0,0,1,0,0,0,0
3612,53640,70.0,57.5,64.0,10.35,29.5,10.6,1925,431,1.0,-10,53.45788043478261,56.5,0.0,0.0,29.18,42.011601,-87.81150600000002,7,50423.465264323284,64.0,0.969277608635483,0.0,70.0,57.5,-10.0,5.299999999999998,17.470523110988093,0.209655411015776,64.6075283697758,0,0,0,1,0,0,0
3613,53640,70.0,57.5,64.0,10.35,29.5,10.6,1925,431,1.0,-10,53.45788043478261,56.5,0.0,0.0,29.18,42.010412,-87.66214000000002,7,50424.35528500277,64.0,0.9692861095738794,0.0,70.0,57.5,-10.0,5.299999999999998,17.473851687880465,0.20959739900387345,64.60528500276702,0,0,1,0,0,0,0
3614,53640,70.0,57.5,64.0,10.35,29.5,10.6,1925,431,1.0,-10,53.45788043478261,56.5,0.0,0.0,29.18,41.986921,-87.689778,7,50425.244813278005,64.0,0.9692946058091286,0.0,70.0,57.5,-10.0,5.299999999999998,17.47717842323651,0.20953941908713652,64.6030428769018,0,1,0,0,0,0,0
3615,53640,70.0,57.5,64.0,10.35,29.5,10.6,1925,431,1.0,-10,53.45788043478261,56.5,0.0,0.0,29.18,41.986921,-87.689778,7,50426.13384955753,64.0,0.9693030973451328,0.0,70.0,57.5,-10.0,5.299999999999998,17.48050331858407,0.20948147123893768,64.60080199115046,0,0,1,0,0,0,0
3616,53640,70.0,57.5,64.0,10.35,29.5,10.6,1925,431,1.0,-10,53.45788043478261,56.5,0.0,0.0,29.18,41.986921,-87.689778,7,50427.022394249376,64.0,0.9693115841857892,0.0,70.0,57.5,-10.0,5.299999999999998,17.48382637544927,0.20942355543267865,64.59856234448439,0,0,0,1,0,0,0
3617,53640,70.0,57.5,64.0,10.35,29.5,10.6,1925,431,1.0,-10,53.45788043478261,56.5,0.0,0.0,29.18,41.89923,-87.716788,7,50427.91044776119,64.0,0.9693200663349916,0.0,70.0,57.5,-10.0,5.299999999999998,17.48714759535655,0.20936567164179068,64.59632393587617,0,0,1,0,0,0,0
3618,53640,70.0,57.5,64.0,10.35,29.5,10.6,1925,431,1.0,-10,53.45788043478261,56.5,0.0,0.0,29.18,41.89923,-87.716788,7,50428.79801050013,64.0,0.9693285437966288,0.0,70.0,57.5,-10.0,5.299999999999998,17.490466979828682,0.2093078198397344,64.59408676429953,0,0,0,1,0,0,0
3619,53640,70.0,57.5,64.0,10.35,29.5,10.6,1925,431,1.0,-10,53.45788043478261,56.5,0.0,0.0,29.18,41.801498,-87.763416,7,50429.68508287293,64.0,0.9693370165745856,0.0,70.0,57.5,-10.0,5.299999999999998,17.49378453038674,0.20924999999999966,64.59185082872928,0,1,0,0,0,0,0
3620,53640,70.0,57.5,64.0,10.35,29.5,10.6,1925,431,1.0,-10,53.45788043478261,56.5,0.0,0.0,29.18,41.801498,-87.763416,7,50430.57166528583,64.0,0.9693454846727424,0.0,70.0,57.5,-10.0,5.299999999999998,17.497100248550126,0.20919221209610567,64.5896161281414,0,0,1,0,0,0,0
3621,53640,70.0,57.5,64.0,10.35,29.5,10.6,1925,431,1.0,-10,53.45788043478261,56.5,0.0,0.0,29.18,41.801498,-87.763416,7,50431.457758144665,64.0,0.9693539480949752,0.0,70.0,57.5,-10.0,10.349999999999998,17.500414135836554,0.20913445610160092,64.58738266151298,0,0,0,1,0,0,0
3622,53640,70.0,57.5,64.0,10.35,29.5,10.6,1925,431,1.0,-10,53.45788043478261,56.5,0.0,0.0,29.18,41.911824,-87.726737,7,50432.343361854815,64.0,0.969362406845156,0.0,70.0,57.5,-10.0,10.349999999999996,17.503726193762073,0.2090767319900631,64.58515042782224,0,0,1,0,0,0,0
3623,53640,70.0,57.5,64.0,10.35,29.5,10.6,1925,431,1.0,-10,53.45788043478261,56.5,0.0,0.0,29.18,41.857402,-87.694991,7,50433.22847682119,64.0,0.9693708609271524,0.0,70.0,57.5,-10.0,10.349999999999996,17.50703642384106,0.20901903973509894,64.58291942604856,0,1,0,0,0,0,0
3624,53640,70.0,57.5,64.0,10.35,29.5,10.6,1925,431,1.0,-10,53.45788043478261,56.5,0.0,0.0,29.18,41.857402,-87.694991,7,50434.11310344828,64.0,0.9693793103448276,0.0,70.0,57.5,-10.0,10.349999999999996,17.510344827586206,0.20896137931034445,64.58068965517242,0,0,1,0,0,0,0
3625,53640,70.0,57.5,64.0,10.35,29.5,10.6,1925,431,1.0,-10,53.45788043478261,56.5,0.0,0.0,29.18,41.857402,-87.694991,7,50434.997242140096,64.0,0.9693877551020408,0.0,70.0,57.5,-10.0,10.349999999999996,17.51365140650855,0.2089037506894646,64.5784611141754,0,0,0,1,0,0,0
3626,53640,70.0,57.5,64.0,10.35,29.5,10.6,1925,431,1.0,-10,53.45788043478261,56.5,0.0,0.0,29.18,41.891118,-87.65449100000002,7,50435.88089330025,64.0,0.9693961952026467,0.0,70.0,57.5,-10.0,10.349999999999996,17.516956162117452,0.2088461538461535,64.57623380204025,0,1,0,0,0,0,0
3627,53640,70.0,57.5,64.0,10.35,29.5,10.6,1925,431,1.0,-10,53.45788043478261,56.5,0.0,0.0,29.18,41.891118,-87.65449100000002,7,50436.76405733186,64.0,0.969404630650496,0.0,70.0,57.5,-10.0,10.349999999999996,17.52025909592062,0.2087885887541341,64.57400771775083,0,0,1,0,0,0,0
3628,53640,70.0,57.5,64.0,10.35,29.5,10.6,1925,431,1.0,-10,53.45788043478261,56.5,0.0,0.0,29.18,41.891118,-87.65449100000002,7,50437.646734637645,64.0,0.9694130614494352,0.0,70.0,57.5,-10.0,10.349999999999996,17.523560209424087,0.20873105538715864,64.57178286029209,0,0,0,1,0,0,0
3629,53640,70.0,57.5,64.0,10.35,29.5,10.6,1925,431,1.0,-10,53.45788043478261,56.5,0.0,0.0,29.18,41.891118,-87.65449100000002,7,50438.52892561984,64.0,0.9694214876033058,0.0,70.0,57.5,-10.0,10.349999999999996,17.526859504132233,0.2086735537190079,64.56955922865014,0,0,0,0,1,0,0
3630,53640,70.0,57.5,64.0,10.35,29.5,10.6,1925,431,1.0,-10,53.45788043478261,56.5,0.0,0.0,29.18,41.868142,-87.696269,7,50439.410630680264,64.0,0.969429909115946,0.0,70.0,57.5,-10.0,10.349999999999996,17.530156981547783,0.20861608372349175,64.56733682181218,0,1,0,0,0,0,0
3631,53640,70.0,57.5,64.0,10.35,29.5,10.6,1925,431,1.0,-10,53.45788043478261,56.5,0.0,0.0,29.18,41.868142,-87.696269,7,50440.291850220274,64.0,0.9694383259911894,0.0,70.0,57.5,-10.0,10.349999999999996,17.533452643171803,0.20855864537444896,64.56511563876651,0,0,1,0,0,0,0
3632,53640,70.0,57.5,64.0,10.35,29.5,10.6,1925,431,1.0,-10,53.45788043478261,56.5,0.0,0.0,29.18,41.868142,-87.696269,7,50441.17258464079,64.0,0.9694467382328654,0.0,70.0,57.5,-10.0,10.349999999999996,17.536746490503713,0.20850123864574693,64.56289567850261,0,0,0,1,0,0,0
3633,53640,70.0,57.5,64.0,10.35,29.5,10.6,1925,431,1.0,-10,53.45788043478261,56.5,0.0,0.0,29.18,41.867108,-87.654224,7,50442.052834342314,64.0,0.9694551458447992,0.0,70.0,57.5,-10.0,10.349999999999996,17.540038525041275,0.208443863511282,64.56067694001099,0,0,1,0,0,0,0
3634,53640,70.0,57.5,64.0,10.35,29.5,10.6,1925,431,1.0,-10,53.45788043478261,56.5,0.0,0.0,29.18,41.867108,-87.654224,7,50442.932599724896,64.0,0.9694635488308116,0.0,70.0,57.5,-10.0,10.349999999999996,17.543328748280608,0.20838651994497898,64.55845942228336,0,0,0,1,0,0,0
3635,53640,70.0,57.5,64.0,10.35,29.5,10.6,1925,431,1.0,-10,53.45788043478261,56.5,0.0,0.0,29.18,41.896282,-87.655232,7,50443.811881188114,64.0,0.9694719471947196,0.0,70.0,57.5,-10.0,10.349999999999996,17.54661716171617,0.2083292079207917,64.55624312431243,0,0,1,0,0,0,0
3636,53640,70.0,57.5,64.0,10.35,29.5,10.6,1925,431,1.0,-10,53.45788043478261,56.5,0.0,0.0,29.18,41.896282,-87.655232,7,50444.690679131156,64.0,0.9694803409403354,0.0,70.0,57.5,-10.0,10.349999999999996,17.549903766840803,0.2082719274127024,64.55402804509211,0,0,0,1,0,0,0
3637,53640,70.0,57.5,64.0,10.35,29.5,10.6,1925,431,1.0,-10,53.45788043478261,56.5,0.0,0.0,29.18,41.921965,-87.632085,7,50445.568993952715,64.0,0.969488730071468,0.0,70.0,57.5,-10.0,10.349999999999996,17.553188565145685,0.20821467839472196,64.55181418361737,0,1,0,0,0,0,0
3638,53640,70.0,57.5,64.0,10.35,29.5,10.6,1925,431,1.0,-10,53.45788043478261,56.5,0.0,0.0,29.18,41.921965,-87.632085,7,50446.44682605111,64.0,0.9694971145919208,0.0,70.0,57.5,-10.0,10.349999999999996,17.556471558120364,0.20815746084089,64.5496015388843,0,0,1,0,0,0,0
3639,53640,70.0,57.5,64.0,10.35,29.5,10.6,1925,431,1.0,-10,53.45788043478261,56.5,0.0,0.0,29.18,41.921965,-87.632085,7,50447.32417582418,64.0,0.9695054945054944,0.0,70.0,57.5,-10.0,10.349999999999996,17.559752747252748,0.20810027472527434,64.54739010989012,0,0,0,1,0,0,0
3640,53640,70.0,57.5,64.0,10.35,29.5,10.6,1925,431,1.0,-10,53.45788043478261,56.5,0.0,0.0,29.18,41.921965,-87.632085,7,50448.201043669316,64.0,0.9695138698159846,0.0,70.0,57.5,-10.0,10.349999999999996,17.56303213402911,0.2080431200219716,64.54517989563307,0,0,0,0,1,0,0
3641,53640,70.0,57.5,64.0,10.35,29.5,10.6,1925,431,1.0,-10,53.45788043478261,56.5,0.0,0.0,29.18,41.801179,-87.679447,7,50449.077429983525,64.0,0.9695222405271828,0.0,70.0,57.5,-10.0,10.349999999999996,17.566309719934107,0.2079859967051067,64.54297089511257,0,0,1,0,0,0,0
3642,53640,70.0,57.5,64.0,10.35,29.5,10.6,1925,431,1.0,-10,53.45788043478261,56.5,0.0,0.0,29.18,41.800737,-87.71188000000002,7,50449.95333516333,64.0,0.9695306066428768,0.0,70.0,57.5,-10.0,10.349999999999996,17.56958550645073,0.20792890474883305,64.54076310732913,0,0,1,0,0,0,0
3643,53640,70.0,57.5,64.0,10.35,29.5,10.6,1925,431,1.0,-10,53.45788043478261,56.5,0.0,0.0,29.18,41.800737,-87.71188000000002,7,50450.82875960483,64.0,0.9695389681668496,0.0,70.0,57.5,-10.0,10.349999999999996,17.572859495060374,0.20787184412733226,64.5385565312843,0,0,0,1,0,0,0
3644,53640,70.0,57.5,64.0,10.35,29.5,10.6,1925,431,1.0,-10,53.45788043478261,56.5,0.0,0.0,29.18,41.82561,-87.726549,7,50451.7037037037,64.0,0.9695473251028808,0.0,70.0,57.5,-10.0,10.349999999999996,17.5761316872428,0.20781481481481445,64.53635116598079,0,1,0,0,0,0,0
3645,53640,70.0,57.5,64.0,10.35,29.5,10.6,1925,431,1.0,-10,53.45788043478261,56.5,0.0,0.0,29.18,41.82561,-87.726549,7,50452.57816785519,64.0,0.9695556774547448,0.0,70.0,57.5,-10.0,10.349999999999996,17.57940208447614,0.207757816785518,64.53414701042239,0,0,0,1,0,0,0
3646,53640,70.0,57.5,64.0,10.35,29.5,10.6,1925,431,1.0,-10,53.45788043478261,56.5,0.0,0.0,29.18,41.82561,-87.726549,7,50453.45215245407,64.0,0.9695640252262132,0.0,70.0,57.5,-10.0,10.349999999999996,17.582670688236902,0.20770085001370955,64.53194406361393,0,0,0,0,1,0,0
3647,53640,70.0,57.5,64.0,10.35,29.5,10.6,1925,431,1.0,-10,53.45788043478261,56.5,0.0,0.0,29.18,41.778297,-87.752411,7,50454.32565789473,64.0,0.9695723684210528,0.0,70.0,57.5,-10.0,10.349999999999996,17.5859375,0.20764391447368385,64.5297423245614,0,0,0,1,0,0,0
3648,53640,70.0,57.5,64.0,10.35,29.5,10.6,1925,431,1.0,-10,53.45788043478261,56.5,0.0,0.0,29.18,41.77166,-87.703047,7,50455.19868457112,64.0,0.9695807070430256,0.0,70.0,57.5,-10.0,10.349999999999996,17.589202521238693,0.20758701013976394,64.52754179227186,0,0,1,0,0,0,0
3649,53640,70.0,57.5,64.0,10.35,29.5,10.6,1925,431,1.0,-10,53.45788043478261,56.5,0.0,0.0,29.18,41.768388,-87.678649,7,50456.07123287671,64.0,0.9695890410958904,0.0,70.0,57.5,-10.0,10.349999999999996,17.592465753424662,0.20753013698630102,64.52534246575343,0,0,1,0,0,0,0
3650,53640,70.0,57.5,64.0,10.35,29.5,10.6,1925,431,1.0,-10,53.45788043478261,56.5,0.0,0.0,29.18,41.768388,-87.678649,7,50456.9433032046,64.0,0.9695973705834018,0.0,70.0,57.5,-10.0,10.349999999999996,17.595727198027934,0.20747329498767425,64.52314434401534,0,0,0,1,0,0,0
3651,53640,70.0,57.5,64.0,10.35,29.5,10.6,1925,431,1.0,-10,53.45788043478261,56.5,0.0,0.0,29.18,41.773215,-87.60088,7,50457.814895947435,64.0,0.9696056955093101,0.0,70.0,57.5,-10.0,10.349999999999996,17.598986856516976,0.20741648411829094,64.52094742606789,0,1,0,0,0,0,0
3652,53640,70.0,57.5,64.0,10.35,29.5,10.6,1925,431,1.0,-10,53.45788043478261,56.5,0.0,0.0,29.18,41.773215,-87.60088,7,50458.686011497404,64.0,0.9696140158773612,0.0,70.0,57.5,-10.0,10.349999999999996,17.60224473035861,0.20735970435258652,64.51875171092253,0,0,1,0,0,0,0
3653,53640,70.0,57.5,64.0,10.35,29.5,10.6,1925,431,1.0,-10,53.45788043478261,56.5,0.0,0.0,29.18,41.773215,-87.60088,7,50459.55665024631,64.0,0.9696223316912972,0.0,70.0,57.5,-10.0,10.349999999999996,17.605500821018058,0.20730295566502427,64.51655719759168,0,0,0,1,0,0,0
3654,53640,70.0,57.5,64.0,10.35,29.5,10.6,1925,431,1.0,-10,53.45788043478261,56.5,0.0,0.0,29.18,41.822536,-87.66634300000004,7,50460.4268125855,64.0,0.9696306429548563,0.0,70.0,57.5,-10.0,10.349999999999996,17.60875512995896,0.2072462380300954,64.51436388508893,0,0,1,0,0,0,0
3655,53640,70.0,57.5,64.0,10.35,29.5,10.6,1925,431,1.0,-10,53.45788043478261,56.5,0.0,0.0,29.18,41.822536,-87.66634300000004,7,50461.29649890591,64.0,0.9696389496717724,0.0,70.0,57.5,-10.0,10.349999999999996,17.612007658643325,0.2071895514223191,64.5121717724289,0,0,0,1,0,0,0
3656,53640,70.0,57.5,64.0,10.35,29.5,10.6,1925,431,1.0,-10,53.45788043478261,56.5,0.0,0.0,29.18,41.766202,-87.562889,7,50462.165709598026,64.0,0.9696472518457752,0.0,70.0,57.5,-10.0,10.349999999999996,17.615258408531588,0.20713289581624245,64.50998085862729,0,0,1,0,0,0,0
3657,53640,70.0,57.5,64.0,10.35,29.5,10.6,1925,431,1.0,-10,53.45788043478261,56.5,0.0,0.0,29.18,41.754676,-87.612922,7,50463.03444505193,64.0,0.9696555494805904,0.0,70.0,57.5,-10.0,10.349999999999996,17.61850738108256,0.2070762711864403,64.50779114270092,0,0,1,0,0,0,0
3658,53640,70.0,57.5,64.0,10.35,29.5,10.6,1925,431,1.0,-10,53.45788043478261,56.5,0.0,0.0,29.18,41.754676,-87.612922,7,50463.90270565729,64.0,0.96966384257994,0.0,70.0,57.5,-10.0,10.349999999999996,17.621754577753485,0.20701967750751532,64.50560262366767,0,0,0,1,0,0,0
3659,53640,70.0,57.5,64.0,10.35,29.5,10.6,1925,431,1.0,-10,53.45788043478261,56.5,0.0,0.0,29.18,41.821582,-87.62779599999998,7,50464.77049180328,64.0,0.9696721311475409,0.0,70.0,57.5,-10.0,10.349999999999996,17.625,0.206963114754098,64.50341530054645,0,0,1,0,0,0,0
3660,53640,70.0,57.5,64.0,10.35,29.5,10.6,1925,431,1.0,-10,53.45788043478261,56.5,0.0,0.0,29.18,41.803423,-87.642984,7,50465.63780387872,64.0,0.9696804151871072,0.0,70.0,57.5,-10.0,10.349999999999996,17.628243649276158,0.2069065829008464,64.50122917235728,0,0,1,0,0,0,0
3661,53640,70.0,57.5,64.0,10.35,29.5,10.6,1925,431,1.0,-10,53.45788043478261,56.5,0.0,0.0,29.18,41.803423,-87.642984,7,50466.50464227198,64.0,0.9696886947023484,0.0,70.0,57.5,-10.0,10.349999999999996,17.631485527034407,0.2068500819224464,64.49904423812124,0,0,0,1,0,0,0
3662,53640,70.0,57.5,64.0,10.35,29.5,10.6,1925,431,1.0,-10,53.45788043478261,56.5,0.0,0.0,29.18,41.754292,-87.590773,7,50467.37100737102,64.0,0.9696969696969696,0.0,70.0,57.5,-10.0,10.349999999999996,17.634725634725633,0.2067936117936114,64.49686049686049,0,0,1,0,0,0,0
3663,53640,70.0,57.5,64.0,10.35,29.5,10.6,1925,431,1.0,-10,53.45788043478261,56.5,0.0,0.0,29.18,41.723195,-87.64997,7,50468.23689956332,64.0,0.9697052401746724,0.0,70.0,57.5,-10.0,10.349999999999996,17.637963973799128,0.2067371724890826,64.49467794759825,0,0,1,0,0,0,0
3664,53640,70.0,57.5,64.0,10.35,29.5,10.6,1925,431,1.0,-10,53.45788043478261,56.5,0.0,0.0,29.18,41.868077,-87.666901,7,50469.102319236015,64.0,0.9697135061391542,0.0,70.0,57.5,-10.0,10.349999999999996,17.641200545702592,0.20668076398362856,64.4924965893588,0,0,1,0,0,0,0
3665,53640,70.0,57.5,64.0,10.35,29.5,10.6,1925,431,1.0,-10,53.45788043478261,56.5,0.0,0.0,29.18,41.868077,-87.666901,7,50469.967266775784,64.0,0.9697217675941079,0.0,70.0,57.5,-10.0,10.349999999999996,17.644435351882166,0.20662438625204546,64.49031642116749,0,0,0,1,0,0,0
3666,53640,70.0,57.5,64.0,10.35,29.5,10.6,1925,431,1.0,-10,53.45788043478261,56.5,0.0,0.0,29.18,41.720848,-87.666014,7,50470.831742568866,64.0,0.9697300245432232,0.0,70.0,57.5,-10.0,10.349999999999996,17.647668393782382,0.20656803926915696,64.48813744205073,0,0,1,0,0,0,0
3667,53640,70.0,57.5,64.0,10.35,29.5,10.6,1925,431,1.0,-10,53.45788043478261,56.5,0.0,0.0,29.18,41.720848,-87.666014,7,50471.69574700108,64.0,0.9697382769901852,0.0,70.0,57.5,-10.0,10.349999999999996,17.650899672846233,0.20651172300981424,64.48595965103597,0,0,0,1,0,0,0
3668,53640,70.0,57.5,64.0,10.35,29.5,10.6,1925,431,1.0,-10,53.45788043478261,56.5,0.0,0.0,29.18,41.704336,-87.70373599999998,7,50472.55928045789,64.0,0.9697465249386754,0.0,70.0,57.5,-10.0,10.349999999999996,17.65412919051513,0.2064554374488958,64.48378304715182,0,0,1,0,0,0,0
3669,53640,70.0,57.5,64.0,10.35,29.5,10.6,1925,431,1.0,-10,53.45788043478261,56.5,0.0,0.0,29.18,41.704336,-87.70373599999998,7,50473.42234332425,64.0,0.9697547683923706,0.0,70.0,57.5,-10.0,10.349999999999996,17.657356948228887,0.20639918256130754,64.4816076294278,0,0,0,1,0,0,0
3670,53640,70.0,57.5,64.0,10.35,29.5,10.6,1925,431,1.0,-10,53.45788043478261,56.5,0.0,0.0,29.18,41.750498,-87.605294,7,50474.284935984746,64.0,0.969763007354944,0.0,70.0,57.5,-10.0,10.349999999999996,17.66058294742577,0.20634295832198274,64.47943339689458,0,1,0,0,0,0,0
3671,53640,70.0,57.5,64.0,10.35,29.5,10.6,1925,431,1.0,-10,53.45788043478261,56.5,0.0,0.0,29.18,41.750498,-87.605294,7,50475.14705882353,64.0,0.9697712418300654,0.0,70.0,57.5,-10.0,10.349999999999996,17.663807189542485,0.206286764705882,64.47726034858388,0,0,1,0,0,0,0
3672,53640,70.0,57.5,64.0,10.35,29.5,10.6,1925,431,1.0,-10,53.45788043478261,56.5,0.0,0.0,29.18,41.750498,-87.605294,7,50476.008712224335,64.0,0.9697794718213996,0.0,70.0,57.5,-10.0,10.349999999999996,17.667029676014156,0.2062306016879931,64.47508848352845,0,0,0,1,0,0,0
3673,53640,70.0,57.5,64.0,10.35,29.5,10.6,1925,431,1.0,-10,53.45788043478261,56.5,0.0,0.0,29.18,41.798697,-87.736812,7,50476.8698965705,64.0,0.9697876973326076,0.0,70.0,57.5,-10.0,10.349999999999996,17.67025040827436,0.2061744692433312,64.47291780076212,0,1,0,0,0,0,0
3674,53640,70.0,57.5,64.0,10.35,29.5,10.6,1925,431,1.0,-10,53.45788043478261,56.5,0.0,0.0,29.18,41.798697,-87.736812,7,50477.7306122449,64.0,0.9697959183673468,0.0,70.0,57.5,-10.0,10.349999999999996,17.6734693877551,0.2061183673469384,64.47074829931971,0,0,1,0,0,0,0
3675,53640,70.0,57.5,64.0,10.35,29.5,10.6,1925,431,1.0,-10,53.45788043478261,56.5,0.0,0.0,29.18,41.798697,-87.736812,7,50478.590859630036,64.0,0.9698041349292711,0.0,70.0,57.5,-10.0,10.349999999999996,17.67668661588683,0.20606229597388429,64.46857997823722,0,0,0,1,0,0,0
3676,53640,70.0,57.5,64.0,10.35,29.5,10.6,1925,431,1.0,-10,53.45788043478261,56.5,0.0,0.0,29.18,41.673408,-87.599862,7,50479.45063910797,64.0,0.9698123470220288,0.0,70.0,57.5,-10.0,10.349999999999996,17.67990209409845,0.20600625509926532,64.46641283655154,0,0,1,0,0,0,0
3677,53640,70.0,57.5,64.0,10.35,29.5,10.6,1925,431,1.0,-10,53.45788043478261,56.5,0.0,0.0,29.18,41.704572,-87.56566600000002,7,50480.309951060364,64.0,0.969820554649266,0.0,70.0,57.5,-10.0,10.349999999999996,17.683115823817293,0.2059502446982052,64.46424687330071,0,0,1,0,0,0,0
3678,53640,70.0,57.5,64.0,10.35,29.5,10.6,1925,431,1.0,-10,53.45788043478261,56.5,0.0,0.0,29.18,41.704572,-87.56566600000002,7,50481.168795868434,64.0,0.9698287578146236,0.0,70.0,57.5,-10.0,10.349999999999996,17.686327806469148,0.20589426474585448,64.46208208752378,0,0,0,1,0,0,0
3679,53640,70.0,57.5,64.0,10.35,29.5,10.6,1925,431,1.0,-10,53.45788043478261,56.5,0.0,0.0,29.18,41.662014,-87.72460799999998,7,50482.02717391304,64.0,0.9698369565217392,0.0,70.0,57.5,-10.0,10.349999999999996,17.68953804347826,0.20583831521739093,64.45991847826087,0,1,0,0,0,0,0
3680,53640,70.0,57.5,64.0,10.35,29.5,10.6,1925,431,1.0,-10,53.45788043478261,56.5,0.0,0.0,29.18,41.662014,-87.72460799999998,7,50482.88508557457,64.0,0.9698451507742462,0.0,70.0,57.5,-10.0,10.349999999999996,17.692746536267315,0.2057823960880192,64.45775604455311,0,0,1,0,0,0,0
3681,53640,70.0,57.5,64.0,10.35,29.5,10.6,1925,431,1.0,-10,53.45788043478261,56.5,0.0,0.0,29.18,41.662014,-87.72460799999998,7,50483.742531233016,64.0,0.969853340575774,0.0,70.0,57.5,-10.0,10.349999999999996,17.69595328625747,0.20572650733297085,64.4555947854427,0,0,0,1,0,0,0
3682,53640,70.0,57.5,64.0,10.35,29.5,10.6,1925,431,1.0,-10,53.45788043478261,56.5,0.0,0.0,29.18,41.72646500000001,-87.585413,7,50484.59951126799,64.0,0.9698615259299485,0.0,70.0,57.5,-10.0,10.349999999999996,17.699158294868315,0.2056706489275044,64.45343469997285,0,1,0,0,0,0,0
3683,53640,70.0,57.5,64.0,10.35,29.5,10.6,1925,431,1.0,-10,53.45788043478261,56.5,0.0,0.0,29.18,41.72646500000001,-87.585413,7,50485.45602605863,64.0,0.9698697068403908,0.0,70.0,57.5,-10.0,10.349999999999996,17.702361563517915,0.2056148208469052,64.45127578718784,0,0,1,0,0,0,0
3684,53640,70.0,57.5,64.0,10.35,29.5,10.6,1925,431,1.0,-10,53.45788043478261,56.5,0.0,0.0,29.18,41.72646500000001,-87.585413,7,50486.31207598372,64.0,0.9698778833107192,0.0,70.0,57.5,-10.0,10.349999999999996,17.705563093622796,0.20555902306648535,64.44911804613297,0,0,0,1,0,0,0
3685,53640,70.0,57.5,64.0,10.35,29.5,10.6,1925,431,1.0,-10,53.45788043478261,56.5,0.0,0.0,29.18,41.94016,-87.794896,7,50487.167661421605,64.0,0.9698860553445471,0.0,70.0,57.5,-10.0,10.349999999999996,17.708762886597942,0.20550325556158397,64.44696147585458,0,0,1,0,0,0,0
3686,53640,70.0,57.5,64.0,10.35,29.5,10.6,1925,431,1.0,-10,53.45788043478261,56.5,0.0,0.0,29.18,41.878114,-87.629798,7,50488.022782750195,64.0,0.969894222945484,0.0,70.0,57.5,-10.0,10.349999999999996,17.7119609438568,0.2054475183075668,64.44480607540005,0,0,1,0,0,0,0
3687,53640,70.0,57.5,64.0,10.35,29.5,10.6,1925,431,1.0,-10,53.45788043478261,56.5,0.0,0.0,29.18,42.01743,-87.68776899999996,7,50488.87744034707,64.0,0.9699023861171366,0.0,70.0,57.5,-10.0,10.349999999999996,17.715157266811282,0.2053918112798261,64.44265184381779,0,1,0,0,0,0,0
3688,53640,70.0,57.5,64.0,10.35,29.5,10.6,1925,431,1.0,-10,53.45788043478261,56.5,0.0,0.0,29.18,42.01743,-87.68776899999996,7,50489.73163458932,64.0,0.9699105448631066,0.0,70.0,57.5,-10.0,10.349999999999996,17.71835185687178,0.2053361344537812,64.44049878015723,0,0,1,0,0,0,0
3689,53640,70.0,57.5,64.0,10.35,29.5,10.6,1925,431,1.0,-10,53.45788043478261,56.5,0.0,0.0,29.18,42.01743,-87.68776899999996,7,50490.585365853665,64.0,0.969918699186992,0.0,70.0,57.5,-10.0,10.349999999999996,17.721544715447155,0.20528048780487768,64.43834688346885,0,0,0,1,0,0,0
3690,53640,70.0,57.5,64.0,10.35,29.5,10.6,1925,431,1.0,-10,53.45788043478261,56.5,0.0,0.0,29.18,41.916265,-87.800515,7,50491.438634516395,64.0,0.9699268490923868,0.0,70.0,57.5,-10.0,10.349999999999996,17.724735843944735,0.2052248713085881,64.4361961528041,0,0,1,0,0,0,0
3691,53640,70.0,57.5,64.0,10.35,29.5,10.6,1925,431,1.0,-10,53.45788043478261,56.5,0.0,0.0,29.18,41.846075,-87.716277,7,50492.291440953406,64.0,0.969934994582882,0.0,70.0,57.5,-10.0,10.349999999999996,17.727925243770315,0.2051692849404113,64.4340465872156,0,0,1,0,0,0,0
3692,53640,70.0,57.5,64.0,10.35,29.5,10.6,1925,431,1.0,-10,53.45788043478261,56.5,0.0,0.0,29.18,41.846075,-87.716277,7,50493.14378554022,64.0,0.9699431356620634,0.0,70.0,57.5,-10.0,10.349999999999996,17.731112916328193,0.2051137286758729,64.43189818575685,0,0,0,1,0,0,0
3693,53640,70.0,57.5,64.0,10.35,29.5,10.6,1925,431,1.0,-10,53.45788043478261,56.5,0.0,0.0,29.18,41.907645,-87.760886,7,50493.99566865186,64.0,0.969951272333514,0.0,70.0,57.5,-10.0,10.349999999999996,17.734298863021113,0.2050582024905248,64.42975094748239,0,0,1,0,0,0,0
3694,53640,70.0,57.5,64.0,10.35,29.5,10.6,1925,431,1.0,-10,53.45788043478261,56.5,0.0,0.0,29.18,41.907645,-87.760886,7,50494.84709066307,64.0,0.969959404600812,0.0,70.0,57.5,-10.0,10.349999999999996,17.73748308525034,0.2050027063599455,64.4276048714479,0,0,0,1,0,0,0
3695,53640,70.0,57.5,64.0,10.35,29.5,10.6,1925,431,1.0,-10,53.45788043478261,56.5,0.0,0.0,29.18,41.776156,-87.778927,7,50495.69805194805,64.0,0.9699675324675324,0.0,70.0,57.5,-10.0,10.349999999999996,17.740665584415584,0.2049472402597399,64.42545995670996,0,0,1,0,0,0,0
3696,53640,70.0,57.5,64.0,10.35,29.5,10.6,1925,431,1.0,-10,53.45788043478261,56.5,0.0,0.0,29.18,41.776156,-87.778927,7,50496.54855288071,64.0,0.9699756559372464,0.0,70.0,57.5,-10.0,10.349999999999996,17.743846361915065,0.2048918041655393,64.4233162023262,0,0,0,1,0,0,0
3697,53640,70.0,57.5,64.0,10.35,29.5,10.6,1925,431,1.0,-10,53.45788043478261,56.5,0.0,0.0,29.18,41.682587,-87.707973,7,50497.398593834514,64.0,0.9699837750135208,0.0,70.0,57.5,-10.0,10.349999999999996,17.747025419145483,0.20483639805300125,64.42117360735533,0,1,0,0,0,0,0
3698,53640,70.0,57.5,64.0,10.35,29.5,10.6,1925,431,1.0,-10,53.45788043478261,56.5,0.0,0.0,29.18,41.682587,-87.707973,7,50498.24817518248,64.0,0.9699918896999188,0.0,70.0,57.5,-10.0,10.349999999999996,17.750202757502027,0.20478102189780986,64.419032170857,0,0,1,0,0,0,0
3699,53640,70.0,57.5,64.0,10.35,29.5,10.6,1925,431,1.0,-10,53.45788043478261,56.5,0.0,0.0,29.18,41.682587,-87.707973,7,50499.097297297296,64.0,0.97,0.0,70.0,57.5,-10.0,10.349999999999996,17.75337837837838,0.20472567567567526,64.4168918918919,0,0,0,1,0,0,0
3700,53640,70.0,57.5,64.0,10.35,29.5,10.6,1925,431,1.0,-10,53.45788043478261,56.5,0.0,0.0,29.18,41.732984,-87.649642,7,50499.9459605512,64.0,0.9700081059173196,0.0,70.0,57.5,-10.0,10.349999999999996,17.756552283166712,0.20467035936233413,64.41475276952175,0,1,0,0,0,0,0
3701,53640,70.0,57.5,64.0,10.35,29.5,10.6,1925,431,1.0,-10,53.45788043478261,56.5,0.0,0.0,29.18,41.732984,-87.649642,7,50500.794165316045,64.0,0.9700162074554296,0.0,70.0,57.5,-10.0,10.349999999999996,17.759724473257698,0.20461507293354908,64.41261480280929,0,0,1,0,0,0,0
3702,53640,70.0,57.5,64.0,10.35,29.5,10.6,1925,431,1.0,-10,53.45788043478261,56.5,0.0,0.0,29.18,41.732984,-87.649642,7,50501.64191196327,64.0,0.9700243046178774,0.0,70.0,57.5,-10.0,10.349999999999996,17.762894950040508,0.20455981636510898,64.41047799081825,0,0,0,1,0,0,0
3703,53640,70.0,57.5,64.0,10.35,29.5,10.6,1925,431,1.0,-10,53.45788043478261,56.5,0.0,0.0,29.18,41.732984,-87.649642,7,50502.489200863936,64.0,0.9700323974082072,0.0,70.0,57.5,-10.0,10.349999999999996,17.766063714902803,0.20450458963282897,64.40834233261339,0,0,0,0,1,0,0
3704,53640,70.0,57.5,64.0,10.35,29.5,10.6,1925,431,1.0,-10,53.45788043478261,56.5,0.0,0.0,29.18,41.903002,-87.68826700000002,7,50503.33603238866,64.0,0.9700404858299596,0.0,70.0,57.5,-10.0,10.349999999999996,17.76923076923077,0.20444939271255025,64.40620782726046,0,1,0,0,0,0,0
3705,53640,70.0,57.5,64.0,10.35,29.5,10.6,1925,431,1.0,-10,53.45788043478261,56.5,0.0,0.0,29.18,41.903002,-87.68826700000002,7,50504.18240690771,64.0,0.9700485698866704,0.0,70.0,57.5,-10.0,10.349999999999996,17.772396114409066,0.20439422558013995,64.40407447382623,0,0,1,0,0,0,0
3706,53640,70.0,57.5,64.0,10.35,29.5,10.6,1925,431,1.0,-10,53.45788043478261,56.5,0.0,0.0,29.18,41.903002,-87.68826700000002,7,50505.02832479094,64.0,0.970056649581872,0.0,70.0,57.5,-10.0,10.349999999999996,17.77555975182088,0.2043390882114914,64.40194227137847,0,0,0,1,0,0,0
3707,53640,70.0,57.5,64.0,10.35,29.5,10.6,1925,431,1.0,-10,53.45788043478261,56.5,0.0,0.0,29.18,41.678618,-87.559308,7,50505.87378640777,64.0,0.970064724919094,0.0,70.0,57.5,-10.0,10.349999999999996,17.778721682847895,0.2042839805825239,64.39981121898597,0,0,0,1,0,0,0
3708,53640,70.0,57.5,64.0,10.35,29.5,10.6,1925,431,1.0,-10,53.45788043478261,56.5,0.0,0.0,29.18,41.740641,-87.546587,7,50506.718792127256,64.0,0.9700727959018604,0.0,70.0,57.5,-10.0,10.349999999999996,17.781881908870314,0.2042289026691827,64.39768131571853,0,1,0,0,0,0,0
3709,53640,70.0,57.5,64.0,10.35,29.5,10.6,1925,431,1.0,-10,53.45788043478261,56.5,0.0,0.0,29.18,41.740641,-87.546587,7,50507.56334231807,64.0,0.9700808625336927,0.0,70.0,57.5,-10.0,10.349999999999996,17.785040431266847,0.204173854447439,64.39555256064689,0,0,1,0,0,0,0
3710,53640,70.0,57.5,64.0,10.35,29.5,10.6,1925,431,1.0,-10,53.45788043478261,56.5,0.0,0.0,29.18,41.740641,-87.546587,7,50508.407437348425,64.0,0.9700889248181084,0.0,70.0,57.5,-10.0,10.349999999999996,17.78819725141471,0.20411883589328986,64.3934249528429,0,0,0,1,0,0,0
3711,53640,70.0,57.5,64.0,10.35,29.5,10.6,1925,431,1.0,-10,53.45788043478261,56.5,0.0,0.0,29.18,41.680946,-87.535198,7,50509.25107758621,64.0,0.9700969827586208,0.0,70.0,57.5,-10.0,10.349999999999996,17.79135237068966,0.20406384698275826,64.39129849137932,0,1,0,0,0,0,0
3712,53640,70.0,57.5,64.0,10.35,29.5,10.6,1925,431,1.0,-10,53.45788043478261,56.5,0.0,0.0,29.18,41.680946,-87.535198,7,50510.09426339887,64.0,0.9701050363587396,0.0,70.0,57.5,-10.0,10.349999999999996,17.79450579046593,0.20400888769189301,64.38917317532993,0,0,1,0,0,0,0
3713,53640,70.0,57.5,64.0,10.35,29.5,10.6,1925,431,1.0,-10,53.45788043478261,56.5,0.0,0.0,29.18,41.680946,-87.535198,7,50510.936995153475,64.0,0.9701130856219708,0.0,70.0,57.5,-10.0,10.349999999999996,17.797657512116317,0.20395395799676866,64.38704900376952,0,0,0,1,0,0,0
3714,53640,70.0,57.5,64.0,10.35,29.5,10.6,1925,431,1.0,-10,53.45788043478261,56.5,0.0,0.0,29.18,41.948167,-87.730698,7,50511.77927321669,64.0,0.9701211305518168,0.0,70.0,57.5,-10.0,10.349999999999996,17.800807537012112,0.2038990578734855,64.3849259757739,0,1,0,0,0,0,0
3715,53640,70.0,57.5,64.0,10.35,29.5,10.6,1925,431,1.0,-10,53.45788043478261,56.5,0.0,0.0,29.18,41.948167,-87.730698,7,50512.62109795478,64.0,0.970129171151776,0.0,70.0,57.5,-10.0,10.349999999999996,17.803955866523143,0.20384418729816967,64.38280409041981,0,0,1,0,0,0,0
3716,53640,70.0,57.5,64.0,10.35,29.5,10.6,1925,431,1.0,-10,53.45788043478261,56.5,0.0,0.0,29.18,41.948167,-87.730698,7,50513.462469733655,64.0,0.9701372074253429,0.0,70.0,57.5,-10.0,10.349999999999996,17.807102502017752,0.203789346246973,64.38068334678505,0,0,0,1,0,0,0
3717,53640,70.0,57.5,64.0,10.35,29.5,10.6,1925,431,1.0,-10,53.45788043478261,56.5,0.0,0.0,29.18,41.963976,-87.69181,7,50514.30338891877,64.0,0.9701452393760086,0.0,70.0,57.5,-10.0,10.349999999999996,17.810247444862828,0.2037345346960728,64.37856374394835,0,1,0,0,0,0,0
3718,53640,70.0,57.5,64.0,10.35,29.5,10.6,1925,431,1.0,-10,53.45788043478261,56.5,0.0,0.0,29.18,41.963976,-87.69181,7,50515.143855875234,64.0,0.97015326700726,0.0,70.0,57.5,-10.0,10.349999999999996,17.81339069642377,0.20367975262167207,64.3764452809895,0,0,1,0,0,0,0
3719,53640,70.0,57.5,64.0,10.35,29.5,10.6,1925,431,1.0,-10,53.45788043478261,56.5,0.0,0.0,29.18,41.963976,-87.69181,7,50515.983870967735,64.0,0.9701612903225808,0.0,70.0,57.5,-10.0,10.349999999999996,17.816532258064516,0.20362499999999964,64.37432795698925,0,0,0,1,0,0,0
3720,53640,70.0,57.5,64.0,10.35,29.5,10.6,1925,431,1.0,-10,53.45788043478261,56.5,0.0,0.0,29.18,41.659112,-87.53869300000002,7,50516.823434560596,64.0,0.9701693093254502,0.0,70.0,57.5,-10.0,10.349999999999996,17.819672131147538,0.2035702768073095,64.3722117710293,0,1,0,0,0,0,0
3721,53640,70.0,57.5,64.0,10.35,29.5,10.6,1925,431,1.0,-10,53.45788043478261,56.5,0.0,0.0,29.18,41.659112,-87.53869300000002,7,50517.66254701773,64.0,0.9701773240193444,0.0,70.0,57.5,-10.0,10.349999999999996,17.822810317033852,0.20351558301988146,64.37009672219236,0,0,1,0,0,0,0
3722,53640,70.0,57.5,64.0,10.35,29.5,10.6,1925,431,1.0,-10,53.45788043478261,56.5,0.0,0.0,29.18,41.659112,-87.53869300000002,7,50518.50120870266,64.0,0.9701853344077356,0.0,70.0,57.5,-10.0,10.349999999999996,17.825946817082997,0.20346091861402055,64.36798280956218,0,0,0,1,0,0,0
3723,53640,70.0,57.5,64.0,10.35,29.5,10.6,1925,431,1.0,-10,53.45788043478261,56.5,0.0,0.0,29.18,41.925198,-87.746381,7,50519.33941997852,64.0,0.9701933404940924,0.0,70.0,57.5,-10.0,10.349999999999996,17.829081632653057,0.20340628356605764,64.36587003222341,0,1,0,0,0,0,0
3724,53640,70.0,57.5,64.0,10.35,29.5,10.6,1925,431,1.0,-10,53.45788043478261,56.5,0.0,0.0,29.18,41.925198,-87.746381,7,50520.177181208055,64.0,0.9702013422818792,0.0,70.0,57.5,-10.0,10.349999999999996,17.832214765100673,0.20335167785234864,64.36375838926175,0,0,1,0,0,0,0
3725,53640,70.0,57.5,64.0,10.35,29.5,10.6,1925,431,1.0,-10,53.45788043478261,56.5,0.0,0.0,29.18,41.925198,-87.746381,7,50521.01449275362,64.0,0.9702093397745571,0.0,70.0,57.5,-10.0,10.349999999999996,17.835346215780998,0.203297101449275,64.36164787976382,0,0,0,1,0,0,0
3726,53640,70.0,57.5,64.0,10.35,29.5,10.6,1925,431,1.0,-10,53.45788043478261,56.5,0.0,0.0,29.18,41.973845,-87.805059,7,50521.851354977196,64.0,0.9702173329755835,0.0,70.0,57.5,-10.0,10.349999999999996,17.838475986047758,0.20324255433324356,64.35953850281727,0,1,0,0,0,0,0
3727,53640,70.0,57.5,64.0,10.35,29.5,10.6,1925,431,1.0,-10,53.45788043478261,56.5,0.0,0.0,29.18,41.743402,-87.731435,7,50522.68776824034,64.0,0.9702253218884119,0.0,70.0,57.5,-10.0,10.349999999999996,17.84160407725322,0.20318803648068634,64.35743025751073,0,1,0,0,0,0,0
3728,53640,70.0,57.5,64.0,10.35,29.5,10.6,1925,431,1.0,-10,53.45788043478261,56.5,0.0,0.0,29.18,41.743402,-87.731435,7,50523.523732904265,64.0,0.9702333065164924,0.0,70.0,57.5,-10.0,10.349999999999996,17.84473049074819,0.2031335478680608,64.35532314293376,0,0,1,0,0,0,0
3729,53640,70.0,57.5,64.0,10.35,29.5,10.6,1925,431,1.0,-10,53.45788043478261,56.5,0.0,0.0,29.18,41.743402,-87.731435,7,50524.35924932977,64.0,0.9702412868632708,0.0,70.0,57.5,-10.0,10.349999999999996,17.847855227882036,0.2030790884718495,64.35321715817696,0,0,0,1,0,0,0
3730,53640,70.0,57.5,64.0,10.35,29.5,10.6,1925,431,1.0,-10,53.45788043478261,56.5,0.0,0.0,29.18,41.728495,-87.60096300000002,7,50525.194317877234,64.0,0.9702492629321896,0.0,70.0,57.5,-10.0,10.349999999999996,17.85097829000268,0.20302465826856034,64.35111230233181,0,0,1,0,0,0,0
3731,53640,70.0,57.5,64.0,10.35,29.5,10.6,1925,431,1.0,-10,53.45788043478261,56.5,0.0,0.0,29.18,41.974689,-87.890615,7,50526.028938906755,64.0,0.970257234726688,0.0,70.0,57.5,-10.0,10.349999999999996,17.854099678456592,0.20297025723472634,64.3490085744909,0,1,0,0,0,0,0
3732,53640,70.0,57.5,64.0,10.35,29.5,10.6,1925,431,1.0,-10,53.45788043478261,56.5,0.0,0.0,29.18,41.974689,-87.890615,7,50526.86311277793,64.0,0.970265202250201,0.0,70.0,57.5,-10.0,10.349999999999996,17.857219394588803,0.2029158853469056,64.34690597374764,0,0,1,0,0,0,0
3733,53640,70.0,57.5,64.0,10.35,29.5,10.6,1925,431,1.0,-10,53.45788043478261,56.5,0.0,0.0,29.18,41.974689,-87.890615,7,50527.69683985002,64.0,0.9702731655061596,0.0,70.0,57.5,-10.0,10.349999999999996,17.860337439742906,0.2028615425816815,64.34480449919657,0,0,0,1,0,0,0
3734,53640,70.0,57.5,64.0,10.35,29.5,10.6,1925,431,1.0,-10,53.45788043478261,56.5,0.0,0.0,29.18,41.957799,-87.930995,7,50528.530120481926,64.0,0.9702811244979921,0.0,70.0,57.5,-10.0,10.349999999999996,17.863453815261042,0.2028072289156623,64.34270414993307,0,1,0,0,0,0,0
3735,53640,70.0,57.5,64.0,10.35,29.5,10.6,1925,431,1.0,-10,53.45788043478261,56.5,0.0,0.0,29.18,41.957799,-87.930995,7,50529.36295503212,64.0,0.970289079229122,0.0,70.0,57.5,-10.0,10.349999999999996,17.86656852248394,0.20275294432548144,64.34060492505353,0,0,1,0,0,0,0
3736,53640,70.0,57.5,64.0,10.35,29.5,10.6,1925,431,1.0,-10,53.45788043478261,56.5,0.0,0.0,29.18,41.957799,-87.930995,7,50530.19534385871,64.0,0.9702970297029704,0.0,70.0,57.5,-10.0,10.349999999999996,17.86968156275087,0.20269868878779732,64.33850682365535,0,0,0,1,0,0,0
3737,52920,83.0,61.5,72.5,8.8,23.0,9.7,1919,437,0.0,-2,53.45788043478261,64.5,7.5,0.165,29.11,41.95469,-87.800991,7,50530.83467094703,64.0,0.9700374531835206,0.0,70.0,57.5,-10.0,10.349999999999996,17.871054039593364,0.20268860353129975,64.33855002675227,0,1,0,0,0,0,0
3738,52920,83.0,61.5,72.5,8.8,23.0,9.7,1919,437,0.0,-2,53.45788043478261,64.5,7.5,0.165,29.11,41.95469,-87.800991,7,50531.47365605777,64.0,0.969778015512169,0.0,70.0,57.5,-10.0,10.349999999999996,17.87242578229473,0.20267852366943,64.33859320673977,0,0,1,0,0,0,0
3739,52920,83.0,61.5,72.5,8.8,23.0,9.7,1919,437,0.0,-2,53.45788043478261,64.5,7.5,0.165,29.11,41.95469,-87.800991,7,50532.11229946523,64.0,0.96951871657754,0.0,70.0,57.5,-10.0,10.349999999999996,17.87379679144385,0.20266844919786056,64.33863636363637,0,0,0,1,0,0,0
3740,52920,83.0,61.5,72.5,8.8,23.0,9.7,1919,437,0.0,-2,53.45788043478261,64.5,7.5,0.165,29.11,41.964242,-87.757639,7,50532.75060144347,64.0,0.9692595562683776,0.0,70.0,57.5,-10.0,10.349999999999996,17.875167067628976,0.20265838011226905,64.33867949746056,0,0,1,0,0,0,0
3741,52920,83.0,61.5,72.5,8.8,23.0,9.7,1919,437,0.0,-2,53.45788043478261,64.5,7.5,0.165,29.11,41.964242,-87.757639,7,50533.38856226617,64.0,0.9690005344735436,0.0,70.0,57.5,-10.0,10.349999999999996,17.876536611437736,0.2026483164083374,64.3387226082309,0,0,0,1,0,0,0
3742,52920,83.0,61.5,72.5,8.8,23.0,9.7,1919,437,0.0,-2,53.45788043478261,64.5,7.5,0.165,29.11,42.008314,-87.77792099999998,7,50534.026182206784,64.0,0.9687416510820198,0.0,70.0,57.5,-10.0,10.349999999999996,17.877905423457122,0.20263825808175215,64.33876569596579,0,0,1,0,0,0,0
3743,52920,83.0,61.5,72.5,8.8,23.0,9.7,1919,437,0.0,-2,53.45788043478261,64.5,7.5,0.165,29.11,42.008314,-87.77792099999998,7,50534.66346153847,64.0,0.9684829059829059,0.0,70.0,57.5,-10.0,10.349999999999996,17.879273504273502,0.2026282051282047,64.33880876068376,0,0,0,1,0,0,0
3744,52920,83.0,61.5,72.5,8.8,23.0,9.7,1919,437,0.0,-2,53.45788043478261,64.5,7.5,0.165,29.11,41.98196400000001,-87.812827,7,50535.300400534055,72.5,0.9682242990654204,7.5,83.0,57.5,-2.0,10.349999999999996,17.88064085447263,0.20261815754339074,64.3388518024032,0,0,1,0,0,0,0
3745,52920,83.0,61.5,72.5,8.8,23.0,9.7,1919,437,0.0,-2,53.45788043478261,64.5,7.5,0.165,29.11,41.99247800000001,-87.862995,7,50535.936999466096,72.5,0.9679658302189,7.5,83.0,57.5,-2.0,10.349999999999996,17.882007474639614,0.2026081153230108,64.33889482114255,0,0,1,0,0,0,0
3746,52920,83.0,61.5,72.5,8.8,23.0,9.7,1919,437,0.0,-2,53.45788043478261,64.5,7.5,0.165,29.11,41.98196400000001,-87.812827,7,50536.573258606884,72.5,0.9677074993327996,7.5,83.0,57.5,-2.0,10.349999999999996,17.883373365358953,0.20259807846276973,64.33893781692021,0,0,0,1,0,0,0
3747,52920,83.0,61.5,72.5,8.8,23.0,9.7,1919,437,0.0,-2,53.45788043478261,64.5,7.5,0.165,29.11,41.99247800000001,-87.862995,7,50537.20917822839,72.5,0.9674493062966916,7.5,83.0,61.5,-2.0,10.349999999999996,17.884738527214516,0.20258804695837732,64.33898078975453,0,0,0,1,0,0,0
3748,52920,83.0,61.5,72.5,8.8,23.0,9.7,1919,437,0.0,-2,53.45788043478261,64.5,7.5,0.165,29.11,41.944869,-87.832763,7,50537.844758602296,72.5,0.9671912510002668,7.5,83.0,61.5,-2.0,10.349999999999996,17.886102960789547,0.20257802080554768,64.33902373966393,0,1,0,0,0,0,0
3749,52920,83.0,61.5,72.5,8.8,23.0,9.7,1919,437,0.0,-2,53.45788043478261,64.5,7.5,0.165,29.11,41.944869,-87.832763,7,50538.48,72.5,0.9669333333333332,7.5,83.0,61.5,-2.0,10.349999999999996,17.887466666666672,0.20256799999999955,64.33906666666667,0,0,1,0,0,0,0
3750,52920,83.0,61.5,72.5,8.8,23.0,9.7,1919,437,0.0,-2,53.45788043478261,64.5,7.5,0.165,29.11,41.944869,-87.832763,7,50539.11490269261,72.5,0.9666755531858172,7.5,83.0,61.5,-2.0,10.349999999999996,17.888829645427887,0.2025579845374562,64.33910957078112,0,0,0,1,0,0,0
3751,52920,83.0,61.5,72.5,8.8,23.0,9.7,1919,437,0.0,-2,53.45788043478261,64.5,7.5,0.165,29.11,42.011601,-87.81150600000002,7,50539.74946695097,72.5,0.9664179104477612,7.5,83.0,61.5,-2.0,10.349999999999996,17.890191897654585,0.20254797441364555,64.3391524520256,0,1,0,0,0,0,0
3752,52920,83.0,61.5,72.5,8.8,23.0,9.7,1919,437,0.0,-2,53.45788043478261,64.5,7.5,0.165,29.11,42.011601,-87.81150600000002,7,50540.383693045565,72.5,0.966160405009326,7.5,83.0,61.5,-2.0,10.349999999999996,17.891553423927522,0.20253796962430004,64.33919531041833,0,0,1,0,0,0,0
3753,52920,83.0,61.5,72.5,8.8,23.0,9.7,1919,437,0.0,-2,53.45788043478261,64.5,7.5,0.165,29.11,42.011601,-87.81150600000002,7,50541.01758124667,72.5,0.9659030367607884,7.5,83.0,61.5,-2.0,10.349999999999996,17.89291422482685,0.20252797016515664,64.33923814597762,0,0,0,1,0,0,0
3754,52920,83.0,61.5,72.5,8.8,23.0,9.7,1919,437,0.0,-2,53.45788043478261,64.5,7.5,0.165,29.11,41.960616,-87.777189,7,50541.65113182424,72.5,0.9656458055925432,7.5,83.0,61.5,-2.0,10.349999999999996,17.89427430093209,0.20251797603195684,64.3392809587217,0,0,1,0,0,0,0
3755,52920,83.0,61.5,72.5,8.8,23.0,9.7,1919,437,0.0,-2,53.45788043478261,64.5,7.5,0.165,29.11,41.960616,-87.777189,7,50542.28434504793,72.5,0.9653887113951012,7.5,83.0,61.5,-2.0,10.349999999999996,17.895633652822152,0.20250798722044674,64.33932374866879,0,0,0,1,0,0,0
3756,52920,83.0,61.5,72.5,8.8,23.0,9.7,1919,437,0.0,-2,53.45788043478261,64.5,7.5,0.165,29.11,41.986921,-87.689778,7,50542.91722118712,72.5,0.9651317540590896,7.5,83.0,61.5,-2.0,10.349999999999996,17.896992281075327,0.20249800372637689,64.3393665158371,0,1,0,0,0,0,0
3757,52920,83.0,61.5,72.5,8.8,23.0,9.7,1919,437,0.0,-2,53.45788043478261,64.5,7.5,0.165,29.11,41.986921,-87.689778,7,50543.549760510905,72.5,0.9648749334752528,7.5,83.0,61.5,-2.0,10.349999999999996,17.898350186269287,0.20248802554550235,64.33940926024479,0,0,1,0,0,0,0
3758,52920,83.0,61.5,72.5,8.8,23.0,9.7,1919,437,0.0,-2,53.45788043478261,64.5,7.5,0.165,29.11,41.986921,-87.689778,7,50544.181963288116,72.5,0.9646182495344506,7.5,83.0,61.5,-2.0,10.349999999999996,17.899707368981108,0.2024780526735828,64.3394519819101,0,0,0,1,0,0,0
3759,52920,83.0,61.5,72.5,8.8,23.0,9.7,1919,437,0.0,-2,53.45788043478261,64.5,7.5,0.165,29.11,41.89923,-87.716788,7,50544.813829787236,72.5,0.9643617021276596,7.5,83.0,61.5,-2.0,10.349999999999996,17.901063829787237,0.2024680851063824,64.33949468085106,0,0,1,0,0,0,0
3760,52920,83.0,61.5,72.5,8.8,23.0,9.7,1919,437,0.0,-2,53.45788043478261,64.5,7.5,0.165,29.11,41.801498,-87.763416,7,50545.44536027652,72.5,0.9641052911459718,7.5,83.0,61.5,-2.0,10.349999999999996,17.902419569263493,0.2024581228396697,64.33953735708589,0,1,0,0,0,0,0
3761,52920,83.0,61.5,72.5,8.8,23.0,9.7,1919,437,0.0,-2,53.45788043478261,64.5,7.5,0.165,29.11,41.801498,-87.763416,7,50546.076555023916,72.5,0.9638490164805954,7.5,83.0,61.5,-2.0,10.349999999999996,17.90377458798511,0.2024481658692179,64.33958001063264,0,0,1,0,0,0,0
3762,52920,83.0,61.5,72.5,8.8,23.0,9.7,1919,437,0.0,-2,53.45788043478261,64.5,7.5,0.165,29.11,41.801498,-87.763416,7,50546.7074142971,72.5,0.963592878022854,7.5,83.0,61.5,-2.0,10.349999999999996,17.905128886526708,0.2024382141908046,64.33962264150944,0,0,0,1,0,0,0
3763,52920,83.0,61.5,72.5,8.8,23.0,9.7,1919,437,0.0,-2,53.45788043478261,64.5,7.5,0.165,29.11,41.801498,-87.763416,7,50547.337938363446,72.5,0.963336875664187,7.5,83.0,61.5,-2.0,10.349999999999996,17.906482465462275,0.20242826780021192,64.33966524973431,0,0,0,0,0,0,1
3764,52920,83.0,61.5,72.5,8.8,23.0,9.7,1919,437,0.0,-2,53.45788043478261,64.5,7.5,0.165,29.11,41.906638,-87.701431,7,50547.968127490036,72.5,0.9630810092961488,7.5,83.0,61.5,-2.0,10.349999999999996,17.907835325365202,0.20241832669322649,64.33970783532537,0,0,1,0,0,0,0
3765,52920,83.0,61.5,72.5,8.8,23.0,9.7,1919,437,0.0,-2,53.45788043478261,64.5,7.5,0.165,29.11,41.906638,-87.701431,7,50548.5979819437,72.5,0.9628252788104088,7.5,83.0,61.5,-2.0,8.799999999999997,17.909187466808287,0.2024083908656393,64.33975039830058,0,0,0,1,0,0,0
3766,52920,83.0,61.5,72.5,8.8,23.0,9.7,1919,437,0.0,-2,53.45788043478261,64.5,7.5,0.165,29.11,41.911824,-87.726737,7,50549.227501990965,72.5,0.9625696840987524,7.5,83.0,61.5,-2.0,8.8,17.910538890363682,0.202398460313246,64.33979293867799,0,0,1,0,0,0,0
3767,52920,83.0,61.5,72.5,8.8,23.0,9.7,1919,437,0.0,-2,53.45788043478261,64.5,7.5,0.165,29.11,41.857402,-87.694991,7,50549.856687898086,72.5,0.9623142250530784,7.5,83.0,61.5,-2.0,8.8,17.911889596602972,0.20238853503184648,64.33983545647558,0,0,1,0,0,0,0
3768,52920,83.0,61.5,72.5,8.8,23.0,9.7,1919,437,0.0,-2,53.45788043478261,64.5,7.5,0.165,29.11,41.891118,-87.65449100000002,7,50550.48553993102,72.5,0.962058901565402,7.5,83.0,61.5,-2.0,8.8,17.91323958609711,0.2023786150172453,64.33987795171133,0,0,1,0,0,0,0
3769,52920,83.0,61.5,72.5,8.8,23.0,9.7,1919,437,0.0,-2,53.45788043478261,64.5,7.5,0.165,29.11,41.868142,-87.696269,7,50551.11405835544,72.5,0.9618037135278514,7.5,83.0,61.5,-2.0,8.8,17.914588859416444,0.2023687002652513,64.33992042440319,0,0,1,0,0,0,0
3770,52920,83.0,61.5,72.5,8.8,23.0,9.7,1919,437,0.0,-2,53.45788043478261,64.5,7.5,0.165,29.11,41.868142,-87.696269,7,50551.742243436755,72.5,0.9615486608326704,7.5,83.0,61.5,-2.0,8.8,17.915937417130735,0.20235879077167795,64.33996287456908,0,0,0,1,0,0,0
3771,52920,83.0,61.5,72.5,8.8,23.0,9.7,1919,437,0.0,-2,53.45788043478261,64.5,7.5,0.165,29.11,41.867108,-87.654224,7,50552.370095440085,72.5,0.9612937433722164,7.5,83.0,61.5,-2.0,8.8,17.917285259809123,0.2023488865323429,64.34000530222693,0,1,0,0,0,0,0
3772,52920,83.0,61.5,72.5,8.8,23.0,9.7,1919,437,0.0,-2,53.45788043478261,64.5,7.5,0.165,29.11,41.867108,-87.654224,7,50552.997614630265,72.5,0.9610389610389609,7.5,83.0,61.5,-2.0,8.8,17.918632388020143,0.20233898754306848,64.34004770739465,0,0,1,0,0,0,0
3773,52920,83.0,61.5,72.5,8.8,23.0,9.7,1919,437,0.0,-2,53.45788043478261,64.5,7.5,0.165,29.11,41.867108,-87.654224,7,50553.624801271864,72.5,0.9607843137254902,7.5,83.0,61.5,-2.0,8.8,17.919978802331745,0.2023290937996813,64.3400900900901,0,0,0,1,0,0,0
3774,52920,83.0,61.5,72.5,8.8,23.0,9.7,1919,437,0.0,-2,53.45788043478261,64.5,7.5,0.165,29.11,41.867108,-87.654224,7,50554.25165562914,72.5,0.9605298013245032,7.5,83.0,61.5,-2.0,8.8,17.921324503311258,0.20231920529801253,64.34013245033114,0,0,0,0,1,0,0
3775,52920,83.0,61.5,72.5,8.8,23.0,9.7,1919,437,0.0,-2,53.45788043478261,64.5,7.5,0.165,29.11,41.921965,-87.632085,7,50554.8781779661,72.5,0.9602754237288136,7.5,83.0,61.5,-2.0,8.8,17.922669491525422,0.2023093220338976,64.3401747881356,0,0,1,0,0,0,0
3776,52920,83.0,61.5,72.5,8.8,23.0,9.7,1919,437,0.0,-2,53.45788043478261,64.5,7.5,0.165,29.11,41.921965,-87.632085,7,50555.50436854646,72.5,0.9600211808313476,7.5,83.0,61.5,-2.0,8.8,17.924013767540377,0.2022994440031764,64.34021710352131,0,0,0,1,0,0,0
3777,52920,83.0,61.5,72.5,8.8,23.0,9.7,1919,437,0.0,-2,53.45788043478261,64.5,7.5,0.165,29.11,41.801179,-87.679447,7,50556.13022763367,72.5,0.9597670725251456,7.5,83.0,61.5,-2.0,8.8,17.925357331921653,0.20228957120169327,64.34025939650608,0,0,1,0,0,0,0
3778,52920,83.0,61.5,72.5,8.8,23.0,9.7,1919,437,0.0,-2,53.45788043478261,64.5,7.5,0.165,29.11,41.77166,-87.703047,7,50556.75575549087,72.5,0.9595130987033608,7.5,83.0,61.5,-2.0,8.8,17.926700185234193,0.20227970362529693,64.34030166710771,0,1,0,0,0,0,0
3779,52920,83.0,61.5,72.5,8.8,23.0,9.7,1919,437,0.0,-2,53.45788043478261,64.5,7.5,0.165,29.11,41.77166,-87.703047,7,50557.380952380954,72.5,0.9592592592592591,7.5,83.0,61.5,-2.0,8.8,17.928042328042327,0.2022698412698405,64.34034391534392,0,0,1,0,0,0,0
3780,52920,83.0,61.5,72.5,8.8,23.0,9.7,1919,437,0.0,-2,53.45788043478261,64.5,7.5,0.165,29.11,41.77166,-87.703047,7,50558.005818566526,72.5,0.9590055540862206,7.5,83.0,61.5,-2.0,8.8,17.929383760909808,0.20225998413118146,64.34038614123247,0,0,0,1,0,0,0
3781,52920,83.0,61.5,72.5,8.8,23.0,9.7,1919,437,0.0,-2,53.45788043478261,64.5,7.5,0.165,29.11,41.773215,-87.60088,7,50558.630354309884,72.5,0.9587519830777368,7.5,83.0,61.5,-2.0,8.8,17.93072448439979,0.20225013220518165,64.34042834479112,0,0,1,0,0,0,0
3782,52920,83.0,61.5,72.5,8.8,23.0,9.7,1919,437,0.0,-2,53.45788043478261,64.5,7.5,0.165,29.11,41.773215,-87.60088,7,50559.254559873116,72.5,0.958498546127412,7.5,83.0,61.5,-2.0,8.8,17.93206449907481,0.20224028548770734,64.34047052603754,0,0,0,1,0,0,0
3783,52920,83.0,61.5,72.5,8.8,23.0,9.7,1919,437,0.0,-2,53.45788043478261,64.5,7.5,0.165,29.11,41.822536,-87.66634300000004,7,50559.87843551797,72.5,0.958245243128964,7.5,83.0,61.5,-2.0,8.8,17.93340380549683,0.2022304439746292,64.34051268498943,0,0,1,0,0,0,0
3784,52920,83.0,61.5,72.5,8.8,23.0,9.7,1919,437,0.0,-2,53.45788043478261,64.5,7.5,0.165,29.11,41.754676,-87.612922,7,50560.501981505935,72.5,0.957992073976222,7.5,83.0,61.5,-2.0,8.8,17.93474240422721,0.20222060766182215,64.34055482166447,0,0,1,0,0,0,0
3785,52920,83.0,61.5,72.5,8.8,23.0,9.7,1919,437,0.0,-2,53.45788043478261,64.5,7.5,0.165,29.11,41.754676,-87.612922,7,50561.12519809825,72.5,0.9577390385631274,7.5,83.0,61.5,-2.0,8.8,17.93608029582673,0.2022107765451656,64.34059693608029,0,0,0,1,0,0,0
3786,52920,83.0,61.5,72.5,8.8,23.0,9.7,1919,437,0.0,-2,53.45788043478261,64.5,7.5,0.165,29.11,41.754292,-87.590773,7,50561.748085555846,72.5,0.9574861367837338,7.5,83.0,61.5,-2.0,8.8,17.937417480855558,0.20220095062054316,64.34063902825457,0,0,1,0,0,0,0
3787,52920,83.0,61.5,72.5,8.8,23.0,9.7,1919,437,0.0,-2,53.45788043478261,64.5,7.5,0.165,29.11,41.798697,-87.736812,7,50562.37064413939,72.5,0.957233368532207,7.5,83.0,61.5,-2.0,8.8,17.938753959873285,0.20219112988384288,64.34068109820485,0,1,0,0,0,0,0
3788,52920,83.0,61.5,72.5,8.8,23.0,9.7,1919,437,0.0,-2,53.45788043478261,64.5,7.5,0.165,29.11,41.798697,-87.736812,7,50562.992874109266,72.5,0.9569807337028241,7.5,83.0,61.5,-2.0,8.8,17.940089733438906,0.2021813143309572,64.3407231459488,0,0,1,0,0,0,0
3789,52920,83.0,61.5,72.5,8.8,23.0,9.7,1919,437,0.0,-2,53.45788043478261,64.5,7.5,0.165,29.11,41.798697,-87.736812,7,50563.6147757256,72.5,0.9567282321899736,7.5,83.0,61.5,-2.0,8.8,17.941424802110816,0.2021715039577828,64.34076517150396,0,0,0,1,0,0,0
3790,52920,83.0,61.5,72.5,8.8,23.0,9.7,1919,437,0.0,-2,53.45788043478261,64.5,7.5,0.165,29.11,41.94016,-87.794896,7,50564.236349248225,72.5,0.9564758638881562,7.5,83.0,61.5,-2.0,8.8,17.942759166446848,0.2021616987602207,64.34080717488789,0,1,0,0,0,0,0
3791,52920,83.0,61.5,72.5,8.8,23.0,9.7,1919,437,0.0,-2,53.45788043478261,64.5,7.5,0.165,29.11,41.94016,-87.794896,7,50564.85759493671,72.5,0.9562236286919832,7.5,83.0,61.5,-2.0,8.8,17.94409282700422,0.20215189873417636,64.34084915611814,0,0,1,0,0,0,0
3792,52920,83.0,61.5,72.5,8.8,23.0,9.7,1919,437,0.0,-2,53.45788043478261,64.5,7.5,0.165,29.11,41.878114,-87.629798,7,50565.47851305036,72.5,0.9559715264961772,7.5,83.0,61.5,-2.0,8.8,17.945425784339573,0.20214210387555934,64.34089111521223,0,0,0,1,0,0,0
3793,52920,83.0,61.5,72.5,8.8,23.0,9.7,1919,437,0.0,-2,53.45788043478261,64.5,7.5,0.165,29.11,41.932094,-87.700117,7,50566.09910384818,72.5,0.955719557195572,7.5,83.0,61.5,-2.0,8.8,17.946758039008962,0.20213231418028374,64.34093305218767,0,0,1,0,0,0,0
3794,52920,83.0,61.5,72.5,8.8,23.0,9.7,1919,437,0.0,-2,53.45788043478261,64.5,7.5,0.165,29.11,41.932094,-87.700117,7,50566.719367588936,72.5,0.955467720685112,7.5,83.0,61.5,-2.0,8.8,17.948089591567854,0.20212252964426786,64.34097496706192,0,0,0,1,0,0,0
3795,52920,83.0,61.5,72.5,8.8,23.0,9.7,1919,437,0.0,-2,53.45788043478261,64.5,7.5,0.165,29.11,42.01743,-87.68776899999996,7,50567.33930453108,72.5,0.9552160168598524,7.5,83.0,61.5,-2.0,8.8,17.949420442571128,0.20211275026343428,64.34101685985247,0,1,0,0,0,0,0
3796,52920,83.0,61.5,72.5,8.8,23.0,9.7,1919,437,0.0,-2,53.45788043478261,64.5,7.5,0.165,29.11,42.01743,-87.68776899999996,7,50567.95891493284,72.5,0.9549644456149592,7.5,83.0,61.5,-2.0,8.8,17.950750592573083,0.20210297603370989,64.34105873057678,0,0,1,0,0,0,0
3797,52920,83.0,61.5,72.5,8.8,23.0,9.7,1919,437,0.0,-2,53.45788043478261,64.5,7.5,0.165,29.11,42.01743,-87.68776899999996,7,50568.578199052135,72.5,0.9547130068457084,7.5,83.0,61.5,-2.0,8.8,17.952080042127434,0.20209320695102592,64.34110057925224,0,0,0,1,0,0,0
3798,52920,83.0,61.5,72.5,8.8,23.0,9.7,1919,437,0.0,-2,53.45788043478261,64.5,7.5,0.165,29.11,41.916265,-87.800515,7,50569.19715714662,72.5,0.954461700447486,7.5,83.0,61.5,-2.0,8.8,17.95340879178731,0.2020834430113178,64.34114240589629,0,0,1,0,0,0,0
3799,52920,83.0,61.5,72.5,8.8,23.0,9.7,1919,437,0.0,-2,53.45788043478261,64.5,7.5,0.165,29.11,41.916265,-87.800515,7,50569.815789473694,72.5,0.9542105263157896,7.5,83.0,61.5,-2.0,8.8,17.954736842105262,0.20207368421052532,64.34118421052632,0,0,0,1,0,0,0
3800,52920,83.0,61.5,72.5,8.8,23.0,9.7,1919,437,0.0,-2,53.45788043478261,64.5,7.5,0.165,29.11,41.776156,-87.778927,7,50570.434096290446,72.5,0.9539594843462248,7.5,83.0,61.5,-2.0,8.8,17.956064193633253,0.20206393054459254,64.34122599315971,0,1,0,0,0,0,0
3801,52920,83.0,61.5,72.5,8.8,23.0,9.7,1919,437,0.0,-2,53.45788043478261,64.5,7.5,0.165,29.11,41.948167,-87.730698,7,50571.05207785376,72.5,0.9537085744345082,7.5,83.0,61.5,-2.0,8.8,17.95739084692267,0.20205418200946773,64.34126775381378,0,1,0,0,0,0,0
3802,52920,83.0,61.5,72.5,8.8,23.0,9.7,1919,437,0.0,-2,53.45788043478261,64.5,7.5,0.165,29.11,41.948167,-87.730698,7,50571.6697344202,72.5,0.9534577964764659,7.5,83.0,61.5,-2.0,8.8,17.95871680252432,0.2020444386011034,64.3413094925059,0,0,1,0,0,0,0
3803,52920,83.0,61.5,72.5,8.8,23.0,9.7,1919,437,0.0,-2,53.45788043478261,64.5,7.5,0.165,29.11,41.948167,-87.730698,7,50572.287066246055,72.5,0.9532071503680336,7.5,83.0,61.5,-2.0,8.8,17.960042060988428,0.2020347003154564,64.34135120925343,0,0,0,1,0,0,0
3804,52920,83.0,61.5,72.5,8.8,23.0,9.7,1919,437,0.0,-2,53.45788043478261,64.5,7.5,0.165,29.11,41.963976,-87.69181,7,50572.904073587386,72.5,0.9529566360052564,7.5,83.0,61.5,-2.0,8.8,17.961366622864652,0.20202496714848786,64.34139290407359,0,1,0,0,0,0,0
3805,52920,83.0,61.5,72.5,8.8,23.0,9.7,1919,437,0.0,-2,53.45788043478261,64.5,7.5,0.165,29.11,41.963976,-87.69181,7,50573.52075669994,72.5,0.952706253284288,7.5,83.0,61.5,-2.0,8.8,17.962690488702048,0.20201523909616287,64.34143457698372,0,0,1,0,0,0,0
3806,52920,83.0,61.5,72.5,8.8,23.0,9.7,1919,437,0.0,-2,53.45788043478261,64.5,7.5,0.165,29.11,41.963976,-87.69181,7,50574.137115839236,72.5,0.952456002101392,7.5,83.0,61.5,-2.0,8.8,17.96401365904912,0.2020055161544513,64.34147622800106,0,0,0,1,0,0,0
3807,52920,83.0,61.5,72.5,8.8,23.0,9.7,1919,437,0.0,-2,53.45788043478261,64.5,7.5,0.165,29.11,41.925198,-87.746381,7,50574.753151260506,72.5,0.9522058823529412,7.5,83.0,61.5,-2.0,8.8,17.965336134453782,0.2019957983193267,64.34151785714286,0,1,0,0,0,0,0
3808,52920,83.0,61.5,72.5,8.8,23.0,9.7,1919,437,0.0,-2,53.45788043478261,64.5,7.5,0.165,29.11,41.925198,-87.746381,7,50575.36886321869,72.5,0.951955893935416,7.5,83.0,61.5,-2.0,8.8,17.966657915463376,0.20198608558676714,64.34155946442635,0,0,1,0,0,0,0
3809,52920,83.0,61.5,72.5,8.8,23.0,9.7,1919,437,0.0,-2,53.45788043478261,64.5,7.5,0.165,29.11,41.925198,-87.746381,7,50575.9842519685,72.5,0.9517060367454068,7.5,83.0,61.5,-2.0,8.8,17.967979002624677,0.2019763779527549,64.34160104986877,0,0,0,1,0,0,0
3810,52920,83.0,61.5,72.5,8.8,23.0,9.7,1919,437,0.0,-2,53.45788043478261,64.5,7.5,0.165,29.11,41.973845,-87.805059,7,50576.59931776437,72.5,0.9514563106796116,7.5,83.0,61.5,-2.0,8.8,17.969299396483862,0.2019666754132763,64.34164261348728,0,1,0,0,0,0,0
3811,52920,83.0,61.5,72.5,8.8,23.0,9.7,1919,437,0.0,-2,53.45788043478261,64.5,7.5,0.165,29.11,41.973845,-87.805059,7,50577.21406086044,72.5,0.9512067156348374,7.5,83.0,61.5,-2.0,8.8,17.970619097586567,0.20195697796432213,64.34168415529905,0,0,1,0,0,0,0
3812,52920,83.0,61.5,72.5,8.8,23.0,9.7,1919,437,0.0,-2,53.45788043478261,64.5,7.5,0.165,29.11,41.973845,-87.805059,7,50577.828481510616,72.5,0.9509572515079988,7.5,83.0,61.5,-2.0,8.8,17.97193810647784,0.2019472856018872,64.34172567532127,0,0,0,1,0,0,0
3813,52920,83.0,61.5,72.5,8.8,23.0,9.7,1919,437,0.0,-2,53.45788043478261,64.5,7.5,0.165,29.11,41.973845,-87.805059,7,50578.44257996853,72.5,0.9507079181961196,7.5,83.0,61.5,-2.0,8.8,17.97325642370215,0.20193759832197056,64.34176717357106,0,0,0,0,0,0,1
3814,52920,83.0,61.5,72.5,8.8,23.0,9.7,1919,437,0.0,-2,53.45788043478261,64.5,7.5,0.165,29.11,41.94722700000001,-87.67145699999998,7,50579.05635648755,72.5,0.9504587155963304,7.5,83.0,61.5,-2.0,8.8,17.974574049803408,0.2019279161205756,64.34180865006553,0,0,0,1,0,0,0
3815,52920,83.0,61.5,72.5,8.8,23.0,9.7,1919,437,0.0,-2,53.45788043478261,64.5,7.5,0.165,29.11,41.743402,-87.731435,7,50579.66981132075,72.5,0.95020964360587,7.5,83.0,61.5,-2.0,8.8,17.97589098532495,0.2019182389937096,64.3418501048218,0,1,0,0,0,0,0
3816,52920,83.0,61.5,72.5,8.8,23.0,9.7,1919,437,0.0,-2,53.45788043478261,64.5,7.5,0.165,29.11,41.743402,-87.731435,7,50580.28294472099,72.5,0.9499607021220854,7.5,83.0,61.5,-2.0,8.8,17.977207230809537,0.20190856693738427,64.34189153785695,0,0,1,0,0,0,0
3817,52920,83.0,61.5,72.5,8.8,23.0,9.7,1919,437,0.0,-2,53.45788043478261,64.5,7.5,0.165,29.11,41.743402,-87.731435,7,50580.89575694081,72.5,0.9497118910424306,7.5,83.0,61.5,-2.0,8.8,17.97852278679937,0.20189889994761545,64.34193294918806,0,0,0,1,0,0,0
3818,52920,83.0,61.5,72.5,8.8,23.0,9.7,1919,437,0.0,-2,53.45788043478261,64.5,7.5,0.165,29.11,41.793818,-87.654234,7,50581.508248232516,72.5,0.9494632102644672,7.5,83.0,61.5,-2.0,8.8,17.979837653836082,0.20188923802042305,64.34197433883216,0,0,1,0,0,0,0
3819,52920,83.0,61.5,72.5,8.8,23.0,9.7,1919,437,0.0,-2,53.45788043478261,64.5,7.5,0.165,29.11,41.793818,-87.654234,7,50582.120418848164,72.5,0.9492146596858638,7.5,83.0,61.5,-2.0,8.8,17.981151832460736,0.20187958115183133,64.34201570680628,0,0,0,1,0,0,0
3820,52620,84.0,65.0,74.5,9.25,23.0,9.85,1917,440,0.0,0,53.45788043478261,66.5,9.5,0.025,29.17,41.723195,-87.64997,7,50582.65375556137,72.5,0.9489662392043968,7.5,83.0,61.5,-2.0,8.8,17.98246532321382,0.2018332897147332,64.34258047631509,0,0,1,0,0,0,0
3821,52620,84.0,65.0,74.5,9.25,23.0,9.85,1917,440,0.0,0,53.45788043478261,66.5,9.5,0.025,29.17,41.723195,-87.64997,7,50583.18681318682,72.5,0.9487179487179488,7.5,83.0,61.5,-2.0,8.8,17.98377812663527,0.20178702250130706,64.34314495028781,0,0,0,1,0,0,0
3822,52620,84.0,65.0,74.5,9.25,23.0,9.85,1917,440,0.0,0,53.45788043478261,66.5,9.5,0.025,29.17,41.868077,-87.666901,7,50583.719591943496,72.5,0.9484697881245095,7.5,83.0,61.5,-2.0,8.8,17.985090243264448,0.201740779492544,64.34370912895632,0,1,0,0,0,0,0
3823,52620,84.0,65.0,74.5,9.25,23.0,9.85,1917,440,0.0,0,53.45788043478261,66.5,9.5,0.025,29.17,41.868077,-87.666901,7,50584.252092050214,72.5,0.9482217573221756,7.5,83.0,61.5,-2.0,8.8,17.986401673640167,0.2016945606694549,64.34427301255229,0,0,1,0,0,0,0
3824,52620,84.0,65.0,74.5,9.25,23.0,9.85,1917,440,0.0,0,53.45788043478261,66.5,9.5,0.025,29.17,41.868077,-87.666901,7,50584.78431372549,72.5,0.9479738562091504,7.5,83.0,61.5,-2.0,8.8,17.987712418300653,0.20164836601307076,64.34483660130721,0,0,0,1,0,0,0
3825,52620,84.0,65.0,74.5,9.25,23.0,9.85,1917,440,0.0,0,53.45788043478261,66.5,9.5,0.025,29.17,41.720848,-87.666014,7,50585.31625718767,72.5,0.9477260846837428,7.5,83.0,61.5,-2.0,8.8,17.989022477783585,0.2016021955044421,64.34539989545218,0,1,0,0,0,0,0
3826,52620,84.0,65.0,74.5,9.25,23.0,9.85,1917,440,0.0,0,53.45788043478261,66.5,9.5,0.025,29.17,41.720848,-87.666014,7,50585.847922654815,72.5,0.947478442644369,7.5,83.0,61.5,-2.0,8.8,17.990331852626078,0.20155604912463956,64.34596289521821,0,0,1,0,0,0,0
3827,52620,84.0,65.0,74.5,9.25,23.0,9.85,1917,440,0.0,0,53.45788043478261,66.5,9.5,0.025,29.17,41.720848,-87.666014,7,50586.379310344826,74.5,0.9472309299895508,9.5,84.0,61.5,0.0,8.8,17.99164054336468,0.20150992685475325,64.34652560083595,0,0,0,1,0,0,0
3828,52620,84.0,65.0,74.5,9.25,23.0,9.85,1917,440,0.0,0,53.45788043478261,66.5,9.5,0.025,29.17,41.704336,-87.70373599999998,7,50586.910420475324,74.5,0.946983546617916,9.5,84.0,61.5,0.0,8.8,17.992948550535385,0.2014638286758933,64.34708801253589,0,1,0,0,0,0,0
3829,52620,84.0,65.0,74.5,9.25,23.0,9.85,1917,440,0.0,0,53.45788043478261,66.5,9.5,0.025,29.17,41.704336,-87.70373599999998,7,50587.441253263714,74.5,0.9467362924281983,9.5,84.0,61.5,0.0,8.8,17.99425587467363,0.2014177545691894,64.3476501305483,0,0,1,0,0,0,0
3830,52620,84.0,65.0,74.5,9.25,23.0,9.85,1917,440,0.0,0,53.45788043478261,66.5,9.5,0.025,29.17,41.704336,-87.70373599999998,7,50587.97180892717,74.5,0.9464891673192378,9.5,84.0,65.0,0.0,8.8,17.995562516314283,0.201371704515791,64.34821195510311,0,0,0,1,0,0,0
3831,52620,84.0,65.0,74.5,9.25,23.0,9.85,1917,440,0.0,0,53.45788043478261,66.5,9.5,0.025,29.17,41.750498,-87.605294,7,50588.502087682675,74.5,0.9462421711899792,9.5,84.0,65.0,0.0,8.8,17.99686847599165,0.20132567849686728,64.34877348643006,0,1,0,0,0,0,0
3832,52620,84.0,65.0,74.5,9.25,23.0,9.85,1917,440,0.0,0,53.45788043478261,66.5,9.5,0.025,29.17,41.750498,-87.605294,7,50589.032089746936,74.5,0.9459953039394731,9.5,84.0,65.0,0.0,8.8,17.9981737542395,0.20127967649360687,64.34933472475868,0,0,1,0,0,0,0
3833,52620,84.0,65.0,74.5,9.25,23.0,9.85,1917,440,0.0,0,53.45788043478261,66.5,9.5,0.025,29.17,41.750498,-87.605294,7,50589.56181533646,74.5,0.9457485654668754,9.5,84.0,65.0,0.0,8.8,17.999478351591023,0.2012336984872184,64.3498956703182,0,0,0,1,0,0,0
3834,52620,84.0,65.0,74.5,9.25,23.0,9.85,1917,440,0.0,0,53.45788043478261,66.5,9.5,0.025,29.17,41.673408,-87.599862,7,50590.09126466754,74.5,0.9455019556714472,9.5,84.0,65.0,0.0,8.8,18.000782268578874,0.20118774445892967,64.35045632333768,0,1,0,0,0,0,0
3835,52620,84.0,65.0,74.5,9.25,23.0,9.85,1917,440,0.0,0,53.45788043478261,66.5,9.5,0.025,29.17,41.673408,-87.599862,7,50590.62043795621,74.5,0.9452554744525548,9.5,84.0,65.0,0.0,8.8,18.00208550573514,0.20114181438998835,64.35101668404589,0,0,1,0,0,0,0
3836,52620,84.0,65.0,74.5,9.25,23.0,9.85,1917,440,0.0,0,53.45788043478261,66.5,9.5,0.025,29.17,41.673408,-87.599862,7,50591.149335418304,74.5,0.9450091217096691,9.5,84.0,65.0,0.0,8.8,18.003388063591352,0.20109590826166152,64.35157675267136,0,0,0,1,0,0,0
3837,52620,84.0,65.0,74.5,9.25,23.0,9.85,1917,440,0.0,0,53.45788043478261,66.5,9.5,0.025,29.17,41.704572,-87.56566600000002,7,50591.67795726941,74.5,0.9447628973423658,9.5,84.0,65.0,0.0,8.8,18.004689942678482,0.20105002605523584,64.35213652944242,0,0,1,0,0,0,0
3838,52620,84.0,65.0,74.5,9.25,23.0,9.85,1917,440,0.0,0,53.45788043478261,66.5,9.5,0.025,29.17,41.662014,-87.72460799999998,7,50592.20630372493,74.5,0.9445168012503256,9.5,84.0,65.0,0.0,8.8,18.005991143526963,0.20100416775201752,64.35269601458714,0,1,0,0,0,0,0
3839,52620,84.0,65.0,74.5,9.25,23.0,9.85,1917,440,0.0,0,53.45788043478261,66.5,9.5,0.025,29.17,41.662014,-87.72460799999998,7,50592.734375,74.5,0.9442708333333332,9.5,84.0,65.0,0.0,8.8,18.007291666666667,0.20095833333333207,64.35325520833334,0,0,1,0,0,0,0
3840,52620,84.0,65.0,74.5,9.25,23.0,9.85,1917,440,0.0,0,53.45788043478261,66.5,9.5,0.025,29.17,41.662014,-87.72460799999998,7,50593.26217130956,74.5,0.9440249934912784,9.5,84.0,65.0,0.0,8.8,18.00859151262692,0.20091252278052465,64.35381411090862,0,0,0,1,0,0,0
3841,52620,84.0,65.0,74.5,9.25,23.0,9.85,1917,440,0.0,0,53.45788043478261,66.5,9.5,0.025,29.17,41.682587,-87.707973,7,50593.789692868304,74.5,0.943779281624154,9.5,84.0,65.0,0.0,8.8,18.00989068193649,0.2008667360749597,64.35437272254035,0,1,0,0,0,0,0
3842,52620,84.0,65.0,74.5,9.25,23.0,9.85,1917,440,0.0,0,53.45788043478261,66.5,9.5,0.025,29.17,41.682587,-87.707973,7,50594.31693989071,74.5,0.9435336976320584,9.5,84.0,65.0,0.0,8.8,18.0111891751236,0.2008209731980211,64.35493104345564,0,0,1,0,0,0,0
3843,52620,84.0,65.0,74.5,9.25,23.0,9.85,1917,440,0.0,0,53.45788043478261,66.5,9.5,0.025,29.17,41.682587,-87.707973,7,50594.84391259105,74.5,0.9432882414151924,9.5,84.0,65.0,0.0,8.8,18.01248699271592,0.20077523413111212,64.35548907388137,0,0,0,1,0,0,0
3844,52620,84.0,65.0,74.5,9.25,23.0,9.85,1917,440,0.0,0,53.45788043478261,66.5,9.5,0.025,29.17,41.732984,-87.649642,7,50595.37061118335,74.5,0.943042912873862,9.5,84.0,65.0,0.0,8.8,18.013784135240574,0.2007295188556554,64.35604681404422,0,1,0,0,0,0,0
3845,52620,84.0,65.0,74.5,9.25,23.0,9.85,1917,440,0.0,0,53.45788043478261,66.5,9.5,0.025,29.17,41.732984,-87.649642,7,50595.89703588143,74.5,0.9427977119084764,9.5,84.0,65.0,0.0,8.8,18.01508060322413,0.20068382735309284,64.35660426417057,0,0,1,0,0,0,0
3846,52620,84.0,65.0,74.5,9.25,23.0,9.85,1917,440,0.0,0,53.45788043478261,66.5,9.5,0.025,29.17,41.732984,-87.649642,7,50596.42318689888,74.5,0.9425526384195476,9.5,84.0,65.0,0.0,8.8,18.016376397192616,0.2006381596048856,64.35716142448662,0,0,0,1,0,0,0
3847,52620,84.0,65.0,74.5,9.25,23.0,9.85,1917,440,0.0,0,53.45788043478261,66.5,9.5,0.025,29.17,41.903002,-87.68826700000002,7,50596.949064449065,74.5,0.9423076923076924,9.5,84.0,65.0,0.0,8.8,18.01767151767152,0.2005925155925143,64.35771829521829,0,1,0,0,0,0,0
3848,52620,84.0,65.0,74.5,9.25,23.0,9.85,1917,440,0.0,0,53.45788043478261,66.5,9.5,0.025,29.17,41.903002,-87.68826700000002,7,50597.474668745126,74.5,0.9420628734736296,9.5,84.0,65.0,0.0,9.25,18.018965965185767,0.20054689529747852,64.35827487659132,0,0,1,0,0,0,0
3849,52620,84.0,65.0,74.5,9.25,23.0,9.85,1917,440,0.0,0,53.45788043478261,66.5,9.5,0.025,29.17,41.903002,-87.68826700000002,7,50598.0,74.5,0.9418181818181818,9.5,84.0,65.0,0.0,9.25,18.02025974025974,0.20050129870129735,64.35883116883117,0,0,0,1,0,0,0
3850,52620,84.0,65.0,74.5,9.25,23.0,9.85,1917,440,0.0,0,53.45788043478261,66.5,9.5,0.025,29.17,41.678618,-87.559308,7,50598.5250584264,74.5,0.9415736172422748,9.5,84.0,65.0,0.0,9.25,18.021552843417293,0.20045572578550894,64.35938717216307,0,0,1,0,0,0,0
3851,52620,84.0,65.0,74.5,9.25,23.0,9.85,1917,440,0.0,0,53.45788043478261,66.5,9.5,0.025,29.17,41.678618,-87.559308,7,50599.04984423676,74.5,0.9413291796469366,9.5,84.0,65.0,0.0,9.25,18.022845275181727,0.20041017653167054,64.35994288681205,0,0,0,1,0,0,0
3852,52620,84.0,65.0,74.5,9.25,23.0,9.85,1917,440,0.0,0,53.45788043478261,66.5,9.5,0.025,29.17,41.678618,-87.559308,7,50599.574357643396,74.5,0.9410848689332988,9.5,84.0,65.0,0.0,9.25,18.024137036075786,0.20036465092135866,64.36049831300285,0,0,0,0,0,0,1
3853,52620,84.0,65.0,74.5,9.25,23.0,9.85,1917,440,0.0,0,53.45788043478261,66.5,9.5,0.025,29.17,41.740641,-87.546587,7,50600.09859885833,74.5,0.9408406850025948,9.5,84.0,65.0,0.0,9.25,18.02542812662169,0.20031914893616887,64.36105345096003,0,1,0,0,0,0,0
3854,52620,84.0,65.0,74.5,9.25,23.0,9.85,1917,440,0.0,0,53.45788043478261,66.5,9.5,0.025,29.17,41.740641,-87.546587,7,50600.622568093386,74.5,0.9405966277561608,9.5,84.0,65.0,0.0,9.25,18.026718547341112,0.20027367055771592,64.36160830090793,0,0,1,0,0,0,0
3855,52620,84.0,65.0,74.5,9.25,23.0,9.85,1917,440,0.0,0,53.45788043478261,66.5,9.5,0.025,29.17,41.740641,-87.546587,7,50601.14626556016,74.5,0.9403526970954356,9.5,84.0,65.0,0.0,9.25,18.028008298755182,0.2002282157676335,64.36216286307054,0,0,0,1,0,0,0
3856,52620,84.0,65.0,74.5,9.25,23.0,9.85,1917,440,0.0,0,53.45788043478261,66.5,9.5,0.025,29.17,41.680946,-87.535198,7,50601.66969147005,74.5,0.94010889292196,9.5,84.0,65.0,0.0,9.25,18.02929738138449,0.2001827845475745,64.36271713767178,0,1,0,0,0,0,0
3857,52620,84.0,65.0,74.5,9.25,23.0,9.85,1917,440,0.0,0,53.45788043478261,66.5,9.5,0.025,29.17,41.680946,-87.535198,7,50602.19284603422,74.5,0.9398652151373768,9.5,84.0,65.0,0.0,9.25,18.030585795749094,0.20013737687921068,64.36327112493521,0,0,1,0,0,0,0
3858,52620,84.0,65.0,74.5,9.25,23.0,9.85,1917,440,0.0,0,53.45788043478261,66.5,9.5,0.025,29.17,41.680946,-87.535198,7,50602.71572946358,74.5,0.9396216636434308,9.5,84.0,65.0,0.0,9.25,18.031873542368487,0.2000919927442329,64.36382482508422,0,0,0,1,0,0,0
3859,52620,84.0,65.0,74.5,9.25,23.0,9.85,1917,440,0.0,0,53.45788043478261,66.5,9.5,0.025,29.17,41.659112,-87.53869300000002,7,50603.238341968914,74.5,0.9393782383419688,9.5,84.0,65.0,0.0,9.25,18.03316062176166,0.20004663212435095,64.36437823834197,0,1,0,0,0,0,0
3860,52620,84.0,65.0,74.5,9.25,23.0,9.85,1917,440,0.0,0,53.45788043478261,66.5,9.5,0.025,29.17,41.659112,-87.53869300000002,7,50603.76068376068,74.5,0.9391349391349392,9.5,84.0,65.0,0.0,9.25,18.034447034447037,0.20000129500129366,64.36493136493137,0,0,1,0,0,0,0
3861,52620,84.0,65.0,74.5,9.25,23.0,9.85,1917,440,0.0,0,53.45788043478261,66.5,9.5,0.025,29.17,41.659112,-87.53869300000002,7,50604.2827550492,74.5,0.9388917659243916,9.5,84.0,65.0,0.0,9.25,18.035732780942517,0.19995598135680856,64.36548420507509,0,0,0,1,0,0,0
3862,52620,84.0,65.0,74.5,9.25,23.0,9.85,1917,440,0.0,0,53.45788043478261,66.5,9.5,0.025,29.17,41.728495,-87.60096300000002,7,50604.80455604453,74.5,0.9386487186124772,9.5,84.0,65.0,0.0,9.25,18.037017861765467,0.1999106911726624,64.3660367589956,0,1,0,0,0,0,0
3863,52620,84.0,65.0,74.5,9.25,23.0,9.85,1917,440,0.0,0,53.45788043478261,66.5,9.5,0.025,29.17,41.728495,-87.60096300000002,7,50605.32608695652,74.5,0.9384057971014492,9.5,84.0,65.0,0.0,9.25,18.038302277432717,0.19986542443064045,64.36658902691511,0,0,1,0,0,0,0
3864,52620,84.0,65.0,74.5,9.25,23.0,9.85,1917,440,0.0,0,53.45788043478261,66.5,9.5,0.025,29.17,41.728495,-87.60096300000002,7,50605.847347994815,74.5,0.9381630012936608,9.5,84.0,65.0,0.0,9.25,18.039586028460548,0.19982018111254712,64.36714100905563,0,0,0,1,0,0,0
3865,52620,84.0,65.0,74.5,9.25,23.0,9.85,1917,440,0.0,0,53.45788043478261,66.5,9.5,0.025,29.17,41.974689,-87.890615,7,50606.368339368855,74.5,0.9379203310915676,9.5,84.0,65.0,0.0,9.25,18.040869115364718,0.19977496120020552,64.3676927056389,0,1,0,0,0,0,0
3866,52620,84.0,65.0,74.5,9.25,23.0,9.85,1917,440,0.0,0,53.45788043478261,66.5,9.5,0.025,29.17,41.974689,-87.890615,7,50606.889061287824,74.5,0.9376777863977244,9.5,84.0,65.0,0.0,9.25,18.042151538660463,0.1997297646754576,64.36824411688647,0,0,1,0,0,0,0
3867,52620,84.0,65.0,74.5,9.25,23.0,9.85,1917,440,0.0,0,53.45788043478261,66.5,9.5,0.025,29.17,41.974689,-87.890615,7,50607.4095139607,74.5,0.937435367114788,9.5,84.0,65.0,0.0,9.25,18.04343329886246,0.19968459152016405,64.36879524301965,0,0,0,1,0,0,0
3868,52620,84.0,65.0,74.5,9.25,23.0,9.85,1917,440,0.0,0,53.45788043478261,66.5,9.5,0.025,29.17,41.974689,-87.890615,7,50607.92969759628,74.5,0.9371930731455156,9.5,84.0,65.0,0.0,9.25,18.044714396484878,0.19963944171620432,64.3693460842595,0,0,0,0,1,0,0
3869,52620,84.0,65.0,74.5,9.25,23.0,9.85,1917,440,0.0,0,53.45788043478261,66.5,9.5,0.025,29.17,41.957799,-87.930995,7,50608.4496124031,74.5,0.9369509043927648,9.5,84.0,65.0,0.0,9.25,18.045994832041345,0.1995943152454766,64.36989664082688,0,1,0,0,0,0,0
3870,52620,84.0,65.0,74.5,9.25,23.0,9.85,1917,440,0.0,0,53.45788043478261,66.5,9.5,0.025,29.17,41.957799,-87.930995,7,50608.96925858951,74.5,0.9367088607594936,9.5,84.0,65.0,0.0,9.25,18.047274606044947,0.19954921208989784,64.3704469129424,0,0,1,0,0,0,0
3871,52620,84.0,65.0,74.5,9.25,23.0,9.85,1917,440,0.0,0,53.45788043478261,66.5,9.5,0.025,29.17,41.957799,-87.930995,7,50609.48863636363,74.5,0.9364669421487604,9.5,84.0,65.0,0.0,9.25,18.048553719008265,0.19950413223140356,64.37099690082644,0,0,0,1,0,0,0
3872,52140,81.5,60.0,71.0,6.0500000000000025,26.5,7.0,1913,444,0.0,-4,53.45788043478261,61.5,6.0,0.0,29.26,41.95469,-87.800991,7,50609.88381099923,74.5,0.9362251484637232,9.5,84.0,65.0,0.0,9.25,18.050735863671573,0.19945262070746048,64.37025561580171,0,1,0,0,0,0,0
3873,52140,81.5,60.0,71.0,6.0500000000000025,26.5,7.0,1913,444,0.0,-4,53.45788043478261,61.5,6.0,0.0,29.26,41.95469,-87.800991,7,50610.27878162106,74.5,0.9359834796076408,9.5,84.0,65.0,0.0,9.25,18.052916881775943,0.19940113577697327,64.36951471347443,0,0,1,0,0,0,0
3874,52140,81.5,60.0,71.0,6.0500000000000025,26.5,7.0,1913,444,0.0,-4,53.45788043478261,61.5,6.0,0.0,29.26,41.95469,-87.800991,7,50610.67354838709,74.5,0.935741935483871,9.5,84.0,65.0,0.0,9.25,18.055096774193547,0.19934967741935344,64.36877419354839,0,0,0,1,0,0,0
3875,52140,81.5,60.0,71.0,6.0500000000000025,26.5,7.0,1913,444,0.0,-4,53.45788043478261,61.5,6.0,0.0,29.26,42.008314,-87.77792099999998,7,50611.06811145512,74.5,0.935500515995872,9.5,84.0,65.0,0.0,9.25,18.057275541795665,0.19929824561403364,64.36803405572755,0,1,0,0,0,0,0
3876,52140,81.5,60.0,71.0,6.0500000000000025,26.5,7.0,1913,444,0.0,-4,53.45788043478261,61.5,6.0,0.0,29.26,42.008314,-87.77792099999998,7,50611.46247098271,74.5,0.9352592210472016,9.5,84.0,65.0,0.0,9.25,18.059453185452668,0.19924684034046802,64.36729429971628,0,0,1,0,0,0,0
3877,52140,81.5,60.0,71.0,6.0500000000000025,26.5,7.0,1913,444,0.0,-4,53.45788043478261,61.5,6.0,0.0,29.26,42.008314,-87.77792099999998,7,50611.85662712738,74.5,0.9350180505415162,9.5,84.0,65.0,0.0,9.25,18.061629706034037,0.1991954615781316,64.36655492521918,0,0,0,1,0,0,0
3878,52140,81.5,60.0,71.0,6.0500000000000025,26.5,7.0,1913,444,0.0,-4,53.45788043478261,61.5,6.0,0.0,29.26,41.944869,-87.832763,7,50612.250580046406,74.5,0.9347770043825728,9.5,84.0,65.0,0.0,9.25,18.063805104408356,0.19914410930652088,64.36581593194123,0,1,0,0,0,0,0
3879,52140,81.5,60.0,71.0,6.0500000000000025,26.5,7.0,1913,444,0.0,-4,53.45788043478261,61.5,6.0,0.0,29.26,41.944869,-87.832763,7,50612.64432989692,71.0,0.9345360824742268,6.0,81.5,65.0,-4.0,9.25,18.0659793814433,0.1990927835051532,64.36507731958763,0,0,1,0,0,0,0
3880,52140,81.5,60.0,71.0,6.0500000000000025,26.5,7.0,1913,444,0.0,-4,53.45788043478261,61.5,6.0,0.0,29.26,41.944869,-87.832763,7,50613.03787683586,71.0,0.9342952847204328,6.0,81.5,65.0,-4.0,9.25,18.06815253800567,0.19904148415356726,64.36433908786395,0,0,0,1,0,0,0
3881,52140,81.5,60.0,71.0,6.0500000000000025,26.5,7.0,1913,444,0.0,-4,53.45788043478261,61.5,6.0,0.0,29.26,42.011601,-87.81150600000002,7,50613.431221020095,71.0,0.9340546110252448,6.0,81.5,65.0,-4.0,9.25,18.070324574961358,0.19899021123132266,64.36360123647604,0,1,0,0,0,0,0
3882,52140,81.5,60.0,71.0,6.0500000000000025,26.5,7.0,1913,444,0.0,-4,53.45788043478261,61.5,6.0,0.0,29.26,42.011601,-87.81150600000002,7,50613.82436260623,71.0,0.9338140612928147,6.0,81.5,60.0,-4.0,9.25,18.072495493175378,0.19893896471800013,64.36286376513006,0,0,0,1,0,0,0
3883,52140,81.5,60.0,71.0,6.0500000000000025,26.5,7.0,1913,444,0.0,-4,53.45788043478261,61.5,6.0,0.0,29.26,41.960616,-87.777189,7,50614.217301750774,71.0,0.9335736354273944,6.0,81.5,60.0,-4.0,9.25,18.07466529351184,0.19888774459320147,64.36212667353244,0,0,1,0,0,0,0
3884,52140,81.5,60.0,71.0,6.0500000000000025,26.5,7.0,1913,444,0.0,-4,53.45788043478261,61.5,6.0,0.0,29.26,41.960616,-87.777189,7,50614.61003861004,71.0,0.9333333333333332,6.0,81.5,60.0,-4.0,9.25,18.076833976833978,0.1988365508365494,64.36138996138996,0,0,0,1,0,0,0
3885,52140,81.5,60.0,71.0,6.0500000000000025,26.5,7.0,1913,444,0.0,-4,53.45788043478261,61.5,6.0,0.0,29.26,41.986921,-87.689778,7,50615.002573340185,71.0,0.9330931549150798,6.0,81.5,60.0,-4.0,9.25,18.07900154400412,0.1987853834276877,64.36065362840968,0,0,1,0,0,0,0
3886,52140,81.5,60.0,71.0,6.0500000000000025,26.5,7.0,1913,444,0.0,-4,53.45788043478261,61.5,6.0,0.0,29.26,41.986921,-87.689778,7,50615.394906097245,71.0,0.9328531000771804,6.0,81.5,60.0,-4.0,9.25,18.081167995883714,0.19873424234628104,64.35991767429894,0,0,0,1,0,0,0
3887,52140,81.5,60.0,71.0,6.0500000000000025,26.5,7.0,1913,444,0.0,-4,53.45788043478261,61.5,6.0,0.0,29.26,41.89923,-87.716788,7,50615.787037037044,71.0,0.9326131687242798,6.0,81.5,60.0,-4.0,9.25,18.08333333333333,0.19868312757201506,64.35918209876543,0,0,1,0,0,0,0
3888,52140,81.5,60.0,71.0,6.0500000000000025,26.5,7.0,1913,444,0.0,-4,53.45788043478261,61.5,6.0,0.0,29.26,41.801498,-87.763416,7,50616.178966315245,71.0,0.9323733607611212,6.0,81.5,60.0,-4.0,9.25,18.085497557212648,0.19863203908459612,64.3584469015171,0,1,0,0,0,0,0
3889,52140,81.5,60.0,71.0,6.0500000000000025,26.5,7.0,1913,444,0.0,-4,53.45788043478261,61.5,6.0,0.0,29.26,41.801498,-87.763416,7,50616.5706940874,71.0,0.9321336760925448,6.0,81.5,60.0,-4.0,9.25,18.08766066838046,0.19858097686375176,64.35771208226221,0,0,1,0,0,0,0
3890,52140,81.5,60.0,71.0,6.0500000000000025,26.5,7.0,1913,444,0.0,-4,53.45788043478261,61.5,6.0,0.0,29.26,41.801498,-87.763416,7,50616.96222050887,71.0,0.93189411462349,6.0,81.5,60.0,-4.0,9.25,18.08982266769468,0.19852994088923007,64.35697764070932,0,0,0,1,0,0,0
3891,52140,81.5,60.0,71.0,6.0500000000000025,26.5,7.0,1913,444,0.0,-4,53.45788043478261,61.5,6.0,0.0,29.26,41.906638,-87.701431,7,50617.35354573483,71.0,0.9316546762589928,6.0,81.5,60.0,-4.0,9.25,18.091983556012334,0.19847893114080026,64.35624357656732,0,0,1,0,0,0,0
3892,52140,81.5,60.0,71.0,6.0500000000000025,26.5,7.0,1913,444,0.0,-4,53.45788043478261,61.5,6.0,0.0,29.26,41.911824,-87.726737,7,50617.74466992037,71.0,0.931415360904187,6.0,81.5,60.0,-4.0,9.25,18.09414333418957,0.19842794759825186,64.35550988954533,0,1,0,0,0,0,0
3893,52140,81.5,60.0,71.0,6.0500000000000025,26.5,7.0,1913,444,0.0,-4,53.45788043478261,61.5,6.0,0.0,29.26,41.911824,-87.726737,7,50618.135593220344,71.0,0.931176168464304,6.0,81.5,60.0,-4.0,9.25,18.096302003081664,0.1983769902413956,64.35477657935284,0,0,1,0,0,0,0
3894,52140,81.5,60.0,71.0,6.0500000000000025,26.5,7.0,1913,444,0.0,-4,53.45788043478261,61.5,6.0,0.0,29.26,41.911824,-87.726737,7,50618.52631578947,71.0,0.9309370988446728,6.0,81.5,60.0,-4.0,9.25,18.098459563543006,0.1983260590500628,64.35404364569962,0,0,0,1,0,0,0
3895,52140,81.5,60.0,71.0,6.0500000000000025,26.5,7.0,1913,444,0.0,-4,53.45788043478261,61.5,6.0,0.0,29.26,41.857402,-87.694991,7,50618.91683778234,71.0,0.9306981519507188,6.0,81.5,60.0,-4.0,9.25,18.100616016427104,0.19827515400410534,64.35331108829568,0,0,1,0,0,0,0
3896,52140,81.5,60.0,71.0,6.0500000000000025,26.5,7.0,1913,444,0.0,-4,53.45788043478261,61.5,6.0,0.0,29.26,41.891118,-87.65449100000002,7,50619.30715935335,71.0,0.9304593276879652,6.0,81.5,60.0,-4.0,9.25,18.102771362586605,0.19822427508339607,64.35257890685142,0,0,1,0,0,0,0
3897,52140,81.5,60.0,71.0,6.0500000000000025,26.5,7.0,1913,444,0.0,-4,53.45788043478261,61.5,6.0,0.0,29.26,41.891118,-87.65449100000002,7,50619.69728065675,71.0,0.9302206259620318,6.0,81.5,60.0,-4.0,9.25,18.10492560287327,0.19817342226782825,64.35184710107748,0,0,0,1,0,0,0
3898,52140,81.5,60.0,71.0,6.0500000000000025,26.5,7.0,1913,444,0.0,-4,53.45788043478261,61.5,6.0,0.0,29.26,41.868142,-87.696269,7,50620.08720184663,71.0,0.9299820466786356,6.0,81.5,60.0,-4.0,9.25,18.107078738137986,0.19812259553731584,64.35111567068479,0,0,1,0,0,0,0
3899,52140,81.5,60.0,71.0,6.0500000000000025,26.5,7.0,1913,444,0.0,-4,53.45788043478261,61.5,6.0,0.0,29.26,41.868142,-87.696269,7,50620.476923076916,71.0,0.9297435897435896,6.0,81.5,60.0,-4.0,9.25,18.10923076923077,0.19807179487179344,64.35038461538461,0,0,0,1,0,0,0
3900,52140,81.5,60.0,71.0,6.0500000000000025,26.5,7.0,1913,444,0.0,-4,53.45788043478261,61.5,6.0,0.0,29.26,41.921965,-87.632085,7,50620.866444501415,71.0,0.9295052550628043,6.0,81.5,60.0,-4.0,6.0500000000000025,18.11138169700077,0.1980210202512162,64.3496539348885,0,0,1,0,0,0,0
3901,52140,81.5,60.0,71.0,6.0500000000000025,26.5,7.0,1913,444,0.0,-4,53.45788043478261,61.5,6.0,0.0,29.26,41.921965,-87.632085,7,50621.25576627371,71.0,0.9292670425422859,6.0,81.5,60.0,-4.0,6.0500000000000025,18.113531522296263,0.19797027165555986,64.34892362890825,0,0,0,1,0,0,0
3902,52140,81.5,60.0,71.0,6.0500000000000025,26.5,7.0,1913,444,0.0,-4,53.45788043478261,61.5,6.0,0.0,29.26,41.801179,-87.679447,7,50621.644888547264,71.0,0.9290289520881372,6.0,81.5,60.0,-4.0,6.0500000000000025,18.115680245964644,0.1979195490648205,64.34819369715603,0,0,0,1,0,0,0
3903,52140,81.5,60.0,71.0,6.0500000000000025,26.5,7.0,1913,444,0.0,-4,53.45788043478261,61.5,6.0,0.0,29.26,41.800737,-87.71188000000002,7,50622.03381147541,71.0,0.9287909836065574,6.0,81.5,60.0,-4.0,6.0500000000000025,18.117827868852462,0.19786885245901495,64.34746413934427,0,0,1,0,0,0,0
3904,52140,81.5,60.0,71.0,6.0500000000000025,26.5,7.0,1913,444,0.0,-4,53.45788043478261,61.5,6.0,0.0,29.26,41.82561,-87.726549,7,50622.42253521127,71.0,0.9285531370038412,6.0,81.5,60.0,-4.0,6.0500000000000025,18.11997439180538,0.1978181818181804,64.34673495518565,0,0,1,0,0,0,0
3905,52140,81.5,60.0,71.0,6.0500000000000025,26.5,7.0,1913,444,0.0,-4,53.45788043478261,61.5,6.0,0.0,29.26,41.82561,-87.726549,7,50622.81105990784,71.0,0.92831541218638,6.0,81.5,60.0,-4.0,6.0500000000000025,18.122119815668203,0.1977675371223744,64.34600614439324,0,0,0,1,0,0,0
3906,52140,81.5,60.0,71.0,6.0500000000000025,26.5,7.0,1913,444,0.0,-4,53.45788043478261,61.5,6.0,0.0,29.26,41.778297,-87.752411,7,50623.19938571794,71.0,0.9280778090606604,6.0,81.5,60.0,-4.0,6.0500000000000025,18.124264141284872,0.19771691835167507,64.34527770668032,0,0,1,0,0,0,0
3907,52140,81.5,60.0,71.0,6.0500000000000025,26.5,7.0,1913,444,0.0,-4,53.45788043478261,61.5,6.0,0.0,29.26,41.778297,-87.752411,7,50623.58751279427,71.0,0.9278403275332652,6.0,81.5,60.0,-4.0,6.0500000000000025,18.126407369498466,0.1976663254861808,64.34454964176051,0,0,0,1,0,0,0
3908,52140,81.5,60.0,71.0,6.0500000000000025,26.5,7.0,1913,444,0.0,-4,53.45788043478261,61.5,6.0,0.0,29.26,41.77166,-87.703047,7,50623.97544128934,71.0,0.9276029675108723,6.0,81.5,60.0,-4.0,6.0500000000000025,18.12854950115119,0.19761575850601035,64.34382194934766,0,1,0,0,0,0,0
3909,52140,81.5,60.0,71.0,6.0500000000000025,26.5,7.0,1913,444,0.0,-4,53.45788043478261,61.5,6.0,0.0,29.26,41.77166,-87.703047,7,50624.3631713555,71.0,0.9273657289002556,6.0,81.5,60.0,-4.0,6.0500000000000025,18.130690537084398,0.19756521739130287,64.34309462915601,0,0,1,0,0,0,0
3910,52140,81.5,60.0,71.0,6.0500000000000025,26.5,7.0,1913,444,0.0,-4,53.45788043478261,61.5,6.0,0.0,29.26,41.77166,-87.703047,7,50624.75070314498,71.0,0.9271286116082844,6.0,81.5,60.0,-4.0,6.0500000000000025,18.132830478138587,0.197514702122218,64.34236768090003,0,0,0,1,0,0,0
3911,52140,81.5,60.0,71.0,6.0500000000000025,26.5,7.0,1913,444,0.0,-4,53.45788043478261,61.5,6.0,0.0,29.26,41.768388,-87.678649,7,50625.13803680982,71.0,0.9268916155419225,6.0,81.5,60.0,-4.0,6.0500000000000025,18.13496932515337,0.1974642126789352,64.34164110429448,0,0,1,0,0,0,0
3912,52140,81.5,60.0,71.0,6.0500000000000025,26.5,7.0,1913,444,0.0,-4,53.45788043478261,61.5,6.0,0.0,29.26,41.773215,-87.60088,7,50625.52517250191,71.0,0.9266547406082288,6.0,81.5,60.0,-4.0,6.0500000000000025,18.137107078967546,0.1974137490416546,64.34091489905444,0,1,0,0,0,0,0
3913,52140,81.5,60.0,71.0,6.0500000000000025,26.5,7.0,1913,444,0.0,-4,53.45788043478261,61.5,6.0,0.0,29.26,41.773215,-87.60088,7,50625.912110373014,71.0,0.9264179867143588,6.0,81.5,60.0,-4.0,6.0500000000000025,18.139243740419012,0.19736331119059644,64.34018906489524,0,0,1,0,0,0,0
3914,52140,81.5,60.0,71.0,6.0500000000000025,26.5,7.0,1913,444,0.0,-4,53.45788043478261,61.5,6.0,0.0,29.26,41.773215,-87.60088,7,50626.29885057472,71.0,0.9261813537675606,6.0,81.5,60.0,-4.0,6.0500000000000025,18.141379310344828,0.19731289910600114,64.33946360153257,0,0,0,1,0,0,0
3915,52140,81.5,60.0,71.0,6.0500000000000025,26.5,7.0,1913,444,0.0,-4,53.45788043478261,61.5,6.0,0.0,29.26,41.822536,-87.66634300000004,7,50626.68539325843,71.0,0.9259448416751788,6.0,81.5,60.0,-4.0,6.0500000000000025,18.143513789581206,0.1972625127681293,64.33873850868233,0,0,1,0,0,0,0
3916,52140,81.5,60.0,71.0,6.0500000000000025,26.5,7.0,1913,444,0.0,-4,53.45788043478261,61.5,6.0,0.0,29.26,41.822536,-87.66634300000004,7,50627.07173857544,71.0,0.9257084503446515,6.0,81.5,60.0,-4.0,6.0500000000000025,18.145647178963493,0.1972121521572618,64.33801378606076,0,0,0,1,0,0,0
3917,52140,81.5,60.0,71.0,6.0500000000000025,26.5,7.0,1913,444,0.0,-4,53.45788043478261,61.5,6.0,0.0,29.26,41.754676,-87.612922,7,50627.457886676886,71.0,0.9254721796835121,6.0,81.5,60.0,-4.0,6.0500000000000025,18.147779479326182,0.19716181725369944,64.33728943338438,0,1,0,0,0,0,0
3918,52140,81.5,60.0,71.0,6.0500000000000025,26.5,7.0,1913,444,0.0,-4,53.45788043478261,61.5,6.0,0.0,29.26,41.754676,-87.612922,7,50627.8438377137,71.0,0.9252360295993876,6.0,81.5,60.0,-4.0,6.0500000000000025,18.149910691502935,0.1971115080377633,64.33656545036999,0,0,1,0,0,0,0
3919,52140,81.5,60.0,71.0,6.0500000000000025,26.5,7.0,1913,444,0.0,-4,53.45788043478261,61.5,6.0,0.0,29.26,41.754676,-87.612922,7,50628.22959183674,71.0,0.925,6.0,81.5,60.0,-4.0,6.0500000000000025,18.152040816326533,0.1970612244897945,64.33584183673469,0,0,0,1,0,0,0
3920,52140,81.5,60.0,71.0,6.0500000000000025,26.5,7.0,1913,444,0.0,-4,53.45788043478261,61.5,6.0,0.0,29.26,41.821582,-87.62779599999998,7,50628.61514919663,71.0,0.924764090793165,6.0,81.5,60.0,-4.0,6.0500000000000025,18.154169854628922,0.19701096659015416,64.33511859219587,0,0,1,0,0,0,0
3921,52140,81.5,60.0,71.0,6.0500000000000025,26.5,7.0,1913,444,0.0,-4,53.45788043478261,61.5,6.0,0.0,29.26,41.754292,-87.590773,7,50629.000509943915,71.0,0.9245283018867924,6.0,81.5,60.0,-4.0,6.0500000000000025,18.1562978072412,0.19696073431922348,64.33439571647119,0,0,1,0,0,0,0
3922,52140,81.5,60.0,71.0,6.0500000000000025,26.5,7.0,1913,444,0.0,-4,53.45788043478261,61.5,6.0,0.0,29.26,41.723195,-87.64997,7,50629.385674228906,71.0,0.924292633188886,6.0,81.5,60.0,-4.0,6.0500000000000025,18.158424674993626,0.19691052765740366,64.33367320927861,0,0,1,0,0,0,0
3923,52140,81.5,60.0,71.0,6.0500000000000025,26.5,7.0,1913,444,0.0,-4,53.45788043478261,61.5,6.0,0.0,29.26,41.868077,-87.666901,7,50629.77064220184,71.0,0.9240570846075432,6.0,81.5,60.0,-4.0,6.0500000000000025,18.1605504587156,0.1968603465851158,64.33295107033639,0,0,1,0,0,0,0
3924,52140,81.5,60.0,71.0,6.0500000000000025,26.5,7.0,1913,444,0.0,-4,53.45788043478261,61.5,6.0,0.0,29.26,41.868077,-87.666901,7,50630.155414012734,71.0,0.9238216560509556,6.0,81.5,60.0,-4.0,6.0500000000000025,18.162675159235672,0.19681019108280112,64.33222929936306,0,0,0,1,0,0,0
3925,52140,81.5,60.0,71.0,6.0500000000000025,26.5,7.0,1913,444,0.0,-4,53.45788043478261,61.5,6.0,0.0,29.26,41.720848,-87.666014,7,50630.53998981152,71.0,0.9235863474274072,6.0,81.5,60.0,-4.0,6.0500000000000025,18.16479877738156,0.19676006113092065,64.33150789607743,0,1,0,0,0,0,0
3926,52140,81.5,60.0,71.0,6.0500000000000025,26.5,7.0,1913,444,0.0,-4,53.45788043478261,61.5,6.0,0.0,29.26,41.720848,-87.666014,7,50630.9243697479,71.0,0.9233511586452764,6.0,81.5,60.0,-4.0,6.0500000000000025,18.166921313980136,0.1967099567099553,64.33078686019863,0,0,1,0,0,0,0
3927,52140,81.5,60.0,71.0,6.0500000000000025,26.5,7.0,1913,444,0.0,-4,53.45788043478261,61.5,6.0,0.0,29.26,41.720848,-87.666014,7,50631.30855397148,71.0,0.9231160896130346,6.0,81.5,60.0,-4.0,6.0500000000000025,18.169042769857434,0.19665987780040592,64.33006619144602,0,0,0,1,0,0,0
3928,52140,81.5,60.0,71.0,6.0500000000000025,26.5,7.0,1913,444,0.0,-4,53.45788043478261,61.5,6.0,0.0,29.26,41.704336,-87.70373599999998,7,50631.69254263171,71.0,0.9228811402392466,6.0,81.5,60.0,-4.0,6.0500000000000025,18.17116314583864,0.1966098243827932,64.32934588953933,0,0,1,0,0,0,0
3929,52140,81.5,60.0,71.0,6.0500000000000025,26.5,7.0,1913,444,0.0,-4,53.45788043478261,61.5,6.0,0.0,29.26,41.750498,-87.605294,7,50632.07633587785,71.0,0.92264631043257,6.0,81.5,60.0,-4.0,6.0500000000000025,18.173282442748093,0.1965597964376576,64.32862595419847,0,1,0,0,0,0,0
3930,52140,81.5,60.0,71.0,6.0500000000000025,26.5,7.0,1913,444,0.0,-4,53.45788043478261,61.5,6.0,0.0,29.26,41.750498,-87.605294,7,50632.45993385907,71.0,0.9224116001017552,6.0,81.5,60.0,-4.0,6.0500000000000025,18.17540066140931,0.1965097939455595,64.32790638514373,0,0,1,0,0,0,0
3931,52140,81.5,60.0,71.0,6.0500000000000025,26.5,7.0,1913,444,0.0,-4,53.45788043478261,61.5,6.0,0.0,29.26,41.750498,-87.605294,7,50632.84333672432,71.0,0.922177009155646,6.0,81.5,60.0,-4.0,6.0500000000000025,18.177517802644967,0.19645981688707892,64.32718718209563,0,0,0,1,0,0,0
3932,52140,81.5,60.0,71.0,6.0500000000000025,26.5,7.0,1913,444,0.0,-4,53.45788043478261,61.5,6.0,0.0,29.26,41.798697,-87.736812,7,50633.226544622434,71.0,0.9219425375031782,6.0,81.5,60.0,-4.0,6.0500000000000025,18.179633867276888,0.19640986524281576,64.32646834477498,0,1,0,0,0,0,0
3933,52140,81.5,60.0,71.0,6.0500000000000025,26.5,7.0,1913,444,0.0,-4,53.45788043478261,61.5,6.0,0.0,29.26,41.798697,-87.736812,7,50633.60955770208,71.0,0.9217081850533808,6.0,81.5,60.0,-4.0,6.0500000000000025,18.181748856126077,0.19635993899338955,64.3257498729029,0,0,1,0,0,0,0
3934,52140,81.5,60.0,71.0,6.0500000000000025,26.5,7.0,1913,444,0.0,-4,53.45788043478261,61.5,6.0,0.0,29.26,41.673408,-87.599862,7,50633.99237611182,71.0,0.9214739517153748,6.0,81.5,60.0,-4.0,6.0500000000000025,18.183862770012702,0.1963100381194395,64.32503176620077,0,1,0,0,0,0,0
3935,52140,81.5,60.0,71.0,6.0500000000000025,26.5,7.0,1913,444,0.0,-4,53.45788043478261,61.5,6.0,0.0,29.26,41.673408,-87.599862,7,50634.375,71.0,0.9212398373983741,6.0,81.5,60.0,-4.0,6.0500000000000025,18.185975609756103,0.1962601626016246,64.32431402439025,0,0,1,0,0,0,0
3936,52140,81.5,60.0,71.0,6.0500000000000025,26.5,7.0,1913,444,0.0,-4,53.45788043478261,61.5,6.0,0.0,29.26,41.673408,-87.599862,7,50634.757429514866,71.0,0.921005842011684,6.0,81.5,60.0,-4.0,6.0500000000000025,18.188087376174757,0.19621031242062345,64.3235966471933,0,0,0,1,0,0,0
3937,52140,81.5,60.0,71.0,6.0500000000000025,26.5,7.0,1913,444,0.0,-4,53.45788043478261,61.5,6.0,0.0,29.26,41.704572,-87.56566600000002,7,50635.139664804476,71.0,0.9207719654647027,6.0,81.5,60.0,-4.0,6.0500000000000025,18.190198070086343,0.1961604875571342,64.32287963433215,0,0,1,0,0,0,0
3938,52140,81.5,60.0,71.0,6.0500000000000025,26.5,7.0,1913,444,0.0,-4,53.45788043478261,61.5,6.0,0.0,29.26,41.662014,-87.72460799999998,7,50635.521706016756,71.0,0.9205382076669204,6.0,81.5,60.0,-4.0,6.0500000000000025,18.19230769230769,0.1961106879918747,64.32216298552932,0,0,1,0,0,0,0
3939,52140,81.5,60.0,71.0,6.0500000000000025,26.5,7.0,1913,444,0.0,-4,53.45788043478261,61.5,6.0,0.0,29.26,41.662014,-87.72460799999998,7,50635.90355329949,71.0,0.9203045685279188,6.0,81.5,60.0,-4.0,6.0500000000000025,18.19441624365482,0.19606091370558235,64.32144670050761,0,0,0,1,0,0,0
3940,52140,81.5,60.0,71.0,6.0500000000000025,26.5,7.0,1913,444,0.0,-4,53.45788043478261,61.5,6.0,0.0,29.26,41.72646500000001,-87.585413,7,50636.28520680031,71.0,0.9200710479573712,6.0,81.5,60.0,-4.0,6.0500000000000025,18.196523724942907,0.19601116467901408,64.32073077899011,0,0,1,0,0,0,0
3941,52140,81.5,60.0,71.0,6.0500000000000025,26.5,7.0,1913,444,0.0,-4,53.45788043478261,61.5,6.0,0.0,29.26,41.72646500000001,-87.585413,7,50636.66666666666,71.0,0.9198376458650432,6.0,81.5,60.0,-4.0,6.0500000000000025,18.198630136986306,0.19596144089294634,64.32001522070016,0,0,0,1,0,0,0
3942,52140,81.5,60.0,71.0,6.0500000000000025,26.5,7.0,1913,444,0.0,-4,53.45788043478261,61.5,6.0,0.0,29.26,41.932094,-87.700117,7,50637.047933045906,71.0,0.9196043621607912,6.0,81.5,60.0,-4.0,6.0500000000000025,18.200735480598528,0.1959117423281751,64.3193000253614,0,0,1,0,0,0,0
3943,52140,81.5,60.0,71.0,6.0500000000000025,26.5,7.0,1913,444,0.0,-4,53.45788043478261,61.5,6.0,0.0,29.26,42.01743,-87.68776899999996,7,50637.429006085185,71.0,0.919371196754564,6.0,81.5,60.0,-4.0,6.0500000000000025,18.202839756592294,0.19586206896551586,64.31858519269777,0,0,1,0,0,0,0
3944,52140,81.5,60.0,71.0,6.0500000000000025,26.5,7.0,1913,444,0.0,-4,53.45788043478261,61.5,6.0,0.0,29.26,42.01743,-87.68776899999996,7,50637.809885931565,71.0,0.9191381495564004,6.0,81.5,60.0,-4.0,6.0500000000000025,18.204942965779463,0.1958124207858034,64.31787072243345,0,0,0,1,0,0,0
3945,52140,81.5,60.0,71.0,6.0500000000000025,26.5,7.0,1913,444,0.0,-4,53.45788043478261,61.5,6.0,0.0,29.26,41.916265,-87.800515,7,50638.19057273189,71.0,0.918905220476432,6.0,81.5,60.0,-4.0,6.0500000000000025,18.20704510897111,0.19576279776989214,64.31715661429295,0,1,0,0,0,0,0
3946,52140,81.5,60.0,71.0,6.0500000000000025,26.5,7.0,1913,444,0.0,-4,53.45788043478261,61.5,6.0,0.0,29.26,41.916265,-87.800515,7,50638.57106663289,71.0,0.9186724094248796,6.0,81.5,60.0,-4.0,6.0500000000000025,18.209146186977453,0.1957131998986558,64.31644286800102,0,0,1,0,0,0,0
3947,52140,81.5,60.0,71.0,6.0500000000000025,26.5,7.0,1913,444,0.0,-4,53.45788043478261,61.5,6.0,0.0,29.26,41.916265,-87.800515,7,50638.95136778116,71.0,0.9184397163120568,6.0,81.5,60.0,-4.0,6.0500000000000025,18.211246200607906,0.19566362715298746,64.31572948328268,0,0,0,1,0,0,0
3948,52140,81.5,60.0,71.0,6.0500000000000025,26.5,7.0,1913,444,0.0,-4,53.45788043478261,61.5,6.0,0.0,29.26,41.776156,-87.778927,7,50639.33147632312,71.0,0.9182071410483666,6.0,81.5,60.0,-4.0,6.0500000000000025,18.213345150671056,0.19561407951379955,64.31501645986326,0,0,1,0,0,0,0
3949,52140,81.5,60.0,71.0,6.0500000000000025,26.5,7.0,1913,444,0.0,-4,53.45788043478261,61.5,6.0,0.0,29.26,41.776156,-87.778927,7,50639.71139240507,71.0,0.9179746835443038,6.0,81.5,60.0,-4.0,6.0500000000000025,18.215443037974683,0.1955645569620239,64.31430379746836,0,0,0,1,0,0,0
3950,52140,81.5,60.0,71.0,6.0500000000000025,26.5,7.0,1913,444,0.0,-4,53.45788043478261,61.5,6.0,0.0,29.26,41.682587,-87.707973,7,50640.09111617311,71.0,0.917742343710453,6.0,81.5,60.0,-4.0,6.0500000000000025,18.21753986332574,0.1955150594786116,64.31359149582384,0,1,0,0,0,0,0
3951,52140,81.5,60.0,71.0,6.0500000000000025,26.5,7.0,1913,444,0.0,-4,53.45788043478261,61.5,6.0,0.0,29.26,41.682587,-87.707973,7,50640.47064777328,71.0,0.91751012145749,6.0,81.5,60.0,-4.0,6.0500000000000025,18.219635627530366,0.195465587044533,64.31287955465585,0,0,1,0,0,0,0
3952,52140,81.5,60.0,71.0,6.0500000000000025,26.5,7.0,1913,444,0.0,-4,53.45788043478261,61.5,6.0,0.0,29.26,41.682587,-87.707973,7,50640.84998735138,71.0,0.91727801669618,6.0,81.5,60.0,-4.0,6.0500000000000025,18.22173033139388,0.19541613964077773,64.31216797369086,0,0,0,1,0,0,0
3953,52140,81.5,60.0,71.0,6.0500000000000025,26.5,7.0,1913,444,0.0,-4,53.45788043478261,61.5,6.0,0.0,29.26,41.732984,-87.649642,7,50641.229135053116,71.0,0.91704602933738,6.0,81.5,60.0,-4.0,6.0500000000000025,18.22382397572079,0.1953667172483547,64.31145675265553,0,1,0,0,0,0,0
3954,52140,81.5,60.0,71.0,6.0500000000000025,26.5,7.0,1913,444,0.0,-4,53.45788043478261,61.5,6.0,0.0,29.26,41.732984,-87.649642,7,50641.60809102402,71.0,0.9168141592920354,6.0,81.5,60.0,-4.0,6.0500000000000025,18.22591656131479,0.1953173198482919,64.31074589127687,0,0,1,0,0,0,0
3955,52140,81.5,60.0,71.0,6.0500000000000025,26.5,7.0,1913,444,0.0,-4,53.45788043478261,61.5,6.0,0.0,29.26,41.732984,-87.649642,7,50641.9868554095,71.0,0.916582406471183,6.0,81.5,60.0,-4.0,6.0500000000000025,18.228008088978765,0.1952679474216366,64.3100353892821,0,0,0,1,0,0,0
3956,52140,81.5,60.0,71.0,6.0500000000000025,26.5,7.0,1913,444,0.0,-4,53.45788043478261,61.5,6.0,0.0,29.26,41.678618,-87.559308,7,50642.36542835482,71.0,0.9163507707859491,6.0,81.5,60.0,-4.0,6.0500000000000025,18.230098559514786,0.19521859994945528,64.30932524639879,0,1,0,0,0,0,0
3957,52140,81.5,60.0,71.0,6.0500000000000025,26.5,7.0,1913,444,0.0,-4,53.45788043478261,61.5,6.0,0.0,29.26,41.678618,-87.559308,7,50642.74381000505,71.0,0.9161192521475492,6.0,81.5,60.0,-4.0,6.0500000000000025,18.232187973724105,0.19516927741283333,64.30861546235472,0,0,1,0,0,0,0
3958,52140,81.5,60.0,71.0,6.0500000000000025,26.5,7.0,1913,444,0.0,-4,53.45788043478261,61.5,6.0,0.0,29.26,41.678618,-87.559308,7,50643.12200050519,71.0,0.9158878504672896,6.0,81.5,60.0,-4.0,6.0500000000000025,18.234276332407173,0.1951199797928756,64.30790603687801,0,0,0,1,0,0,0
3959,52140,81.5,60.0,71.0,6.0500000000000025,26.5,7.0,1913,444,0.0,-4,53.45788043478261,61.5,6.0,0.0,29.26,41.740641,-87.546587,7,50643.5,71.0,0.9156565656565656,6.0,81.5,60.0,-4.0,6.0500000000000025,18.236363636363638,0.19507070707070567,64.30719696969697,0,1,0,0,0,0,0
3960,52140,81.5,60.0,71.0,6.0500000000000025,26.5,7.0,1913,444,0.0,-4,53.45788043478261,61.5,6.0,0.0,29.26,41.740641,-87.546587,7,50643.87780863418,71.0,0.915425397626862,6.0,81.5,60.0,-4.0,6.0500000000000025,18.238449886392324,0.1950214592274664,64.30648826054026,0,0,1,0,0,0,0
3961,52140,81.5,60.0,71.0,6.0500000000000025,26.5,7.0,1913,444,0.0,-4,53.45788043478261,61.5,6.0,0.0,29.26,41.740641,-87.546587,7,50644.25542655225,71.0,0.9151943462897526,6.0,81.5,60.0,-4.0,6.0500000000000025,18.240535083291267,0.19497223624431964,64.3057799091368,0,0,0,1,0,0,0
3962,52140,81.5,60.0,71.0,6.0500000000000025,26.5,7.0,1913,444,0.0,-4,53.45788043478261,61.5,6.0,0.0,29.26,41.680946,-87.535198,7,50644.63285389856,71.0,0.9149634115569012,6.0,81.5,60.0,-4.0,6.0500000000000025,18.242619227857684,0.19492303810244624,64.30507191521575,0,0,1,0,0,0,0
3963,52140,81.5,60.0,71.0,6.0500000000000025,26.5,7.0,1913,444,0.0,-4,53.45788043478261,61.5,6.0,0.0,29.26,41.680946,-87.535198,7,50645.01009081736,71.0,0.9147325933400604,6.0,81.5,60.0,-4.0,6.0500000000000025,18.244702320887992,0.194873864783046,64.30436427850654,0,0,0,0,0,0,1
3964,52140,81.5,60.0,71.0,6.0500000000000025,26.5,7.0,1913,444,0.0,-4,53.45788043478261,61.5,6.0,0.0,29.26,41.963976,-87.69181,7,50645.387137452715,71.0,0.914501891551072,6.0,81.5,60.0,-4.0,6.0500000000000025,18.24678436317781,0.19482471626733786,64.30365699873897,0,1,0,0,0,0,0
3965,52140,81.5,60.0,71.0,6.0500000000000025,26.5,7.0,1913,444,0.0,-4,53.45788043478261,61.5,6.0,0.0,29.26,41.963976,-87.69181,7,50645.76399394857,71.0,0.914271306101866,6.0,81.5,60.0,-4.0,6.0500000000000025,18.248865355521936,0.19477559253655935,64.30295007564297,0,0,1,0,0,0,0
3966,52140,81.5,60.0,71.0,6.0500000000000025,26.5,7.0,1913,444,0.0,-4,53.45788043478261,61.5,6.0,0.0,29.26,41.963976,-87.69181,7,50646.1406604487,71.0,0.9140408369044618,6.0,81.5,60.0,-4.0,6.0500000000000025,18.250945298714395,0.19472649357196734,64.30224350894883,0,0,0,1,0,0,0
3967,52140,81.5,60.0,71.0,6.0500000000000025,26.5,7.0,1913,444,0.0,-4,53.45788043478261,61.5,6.0,0.0,29.26,41.963976,-87.69181,7,50646.517137096766,71.0,0.9138104838709676,6.0,81.5,60.0,-4.0,6.0500000000000025,18.253024193548384,0.19467741935483726,64.3015372983871,0,0,0,0,0,0,1
3968,52140,81.5,60.0,71.0,6.0500000000000025,26.5,7.0,1913,444,0.0,-4,53.45788043478261,61.5,6.0,0.0,29.26,41.659112,-87.53869300000002,7,50646.89342403628,71.0,0.9135802469135802,6.0,81.5,60.0,-4.0,6.0500000000000025,18.255102040816325,0.1946283698664637,64.30083144368858,0,0,1,0,0,0,0
3969,52140,81.5,60.0,71.0,6.0500000000000025,26.5,7.0,1913,444,0.0,-4,53.45788043478261,61.5,6.0,0.0,29.26,41.925198,-87.746381,7,50647.269521410584,71.0,0.9133501259445844,6.0,81.5,60.0,-4.0,6.0500000000000025,18.257178841309823,0.1945793450881598,64.30012594458438,0,0,1,0,0,0,0
3970,52140,81.5,60.0,71.0,6.0500000000000025,26.5,7.0,1913,444,0.0,-4,53.45788043478261,61.5,6.0,0.0,29.26,41.925198,-87.746381,7,50647.64542936288,71.0,0.9131201208763536,6.0,81.5,60.0,-4.0,6.0500000000000025,18.25925459581969,0.19453034500125774,64.29942080080585,0,0,0,1,0,0,0
3971,52140,81.5,60.0,71.0,6.0500000000000025,26.5,7.0,1913,444,0.0,-4,53.45788043478261,61.5,6.0,0.0,29.26,41.973845,-87.805059,7,50648.02114803626,71.0,0.9128902316213494,6.0,81.5,60.0,-4.0,6.0500000000000025,18.261329305135952,0.1944813695871084,64.2987160120846,0,0,1,0,0,0,0
3972,52140,81.5,60.0,71.0,6.0500000000000025,26.5,7.0,1913,444,0.0,-4,53.45788043478261,61.5,6.0,0.0,29.26,41.973845,-87.805059,7,50648.396677573626,71.0,0.9126604580921218,6.0,81.5,60.0,-4.0,6.0500000000000025,18.263402970047824,0.1944324188270814,64.29801157815253,0,0,0,1,0,0,0
3973,52140,81.5,60.0,71.0,6.0500000000000025,26.5,7.0,1913,444,0.0,-4,53.45788043478261,61.5,6.0,0.0,29.26,41.94722700000001,-87.67145699999998,7,50648.772018117765,71.0,0.9124308002013084,6.0,81.5,60.0,-4.0,6.0500000000000025,18.265475591343733,0.19438349270256527,64.29730749874182,0,0,0,1,0,0,0
3974,52140,81.5,60.0,71.0,6.0500000000000025,26.5,7.0,1913,444,0.0,-4,53.45788043478261,61.5,6.0,0.0,29.26,41.743402,-87.731435,7,50649.14716981133,71.0,0.9122012578616352,6.0,81.5,60.0,-4.0,6.0500000000000025,18.26754716981132,0.19433459119496715,64.2966037735849,0,1,0,0,0,0,0
3975,52140,81.5,60.0,71.0,6.0500000000000025,26.5,7.0,1913,444,0.0,-4,53.45788043478261,61.5,6.0,0.0,29.26,41.743402,-87.731435,7,50649.522132796774,71.0,0.9119718309859156,6.0,81.5,60.0,-4.0,6.0500000000000025,18.269617706237426,0.1942857142857129,64.29590040241449,0,0,1,0,0,0,0
3976,52140,81.5,60.0,71.0,6.0500000000000025,26.5,7.0,1913,444,0.0,-4,53.45788043478261,61.5,6.0,0.0,29.26,41.743402,-87.731435,7,50649.896907216505,71.0,0.9117425194870504,6.0,81.5,60.0,-4.0,6.0500000000000025,18.271687201408092,0.19423686195624704,64.29519738496354,0,0,0,1,0,0,0
3977,52140,81.5,60.0,71.0,6.0500000000000025,26.5,7.0,1913,444,0.0,-4,53.45788043478261,61.5,6.0,0.0,29.26,41.793818,-87.654234,7,50650.27149321267,71.0,0.9115133232780293,6.0,81.5,60.0,-4.0,6.0500000000000025,18.2737556561086,0.1941880341880328,64.2944947209653,0,0,1,0,0,0,0
3978,52140,81.5,60.0,71.0,6.0500000000000025,26.5,7.0,1913,444,0.0,-4,53.45788043478261,61.5,6.0,0.0,29.26,41.793818,-87.654234,7,50650.64589092737,71.0,0.9112842422719276,6.0,81.5,60.0,-4.0,6.0500000000000025,18.275823071123398,0.194139230962552,64.29379241015329,0,0,0,1,0,0,0
3979,52140,81.5,60.0,71.0,6.0500000000000025,26.5,7.0,1913,444,0.0,-4,53.45788043478261,61.5,6.0,0.0,29.26,41.728495,-87.60096300000002,7,50651.02010050252,71.0,0.9110552763819096,6.0,81.5,60.0,-4.0,6.0500000000000025,18.27788944723618,0.19409045226130514,64.29309045226131,0,1,0,0,0,0,0
3980,52140,81.5,60.0,71.0,6.0500000000000025,26.5,7.0,1913,444,0.0,-4,53.45788043478261,61.5,6.0,0.0,29.26,41.728495,-87.60096300000002,7,50651.39412207988,71.0,0.9108264255212258,6.0,81.5,60.0,-4.0,6.0500000000000025,18.27995478522984,0.1940416980658112,64.29238884702336,0,0,1,0,0,0,0
3981,52140,81.5,60.0,71.0,6.0500000000000025,26.5,7.0,1913,444,0.0,-4,53.45788043478261,61.5,6.0,0.0,29.26,41.728495,-87.60096300000002,7,50651.767955801115,71.0,0.9105976896032144,6.0,81.5,60.0,-4.0,6.0500000000000025,18.28201908588649,0.19399296835760785,64.29168759417378,0,0,0,1,0,0,0
3982,52140,81.5,60.0,71.0,6.0500000000000025,26.5,7.0,1913,444,0.0,-4,53.45788043478261,61.5,6.0,0.0,29.26,41.974689,-87.890615,7,50652.141601807685,71.0,0.9103690685413004,6.0,81.5,60.0,-4.0,6.0500000000000025,18.28408234998745,0.1939442631182512,64.29098669344715,0,1,0,0,0,0,0
3983,52140,81.5,60.0,71.0,6.0500000000000025,26.5,7.0,1913,444,0.0,-4,53.45788043478261,61.5,6.0,0.0,29.26,41.974689,-87.890615,7,50652.51506024097,71.0,0.9101405622489959,6.0,81.5,60.0,-4.0,6.0500000000000025,18.28614457831325,0.19389558232931586,64.29028614457832,0,0,1,0,0,0,0
3984,52140,81.5,60.0,71.0,6.0500000000000025,26.5,7.0,1913,444,0.0,-4,53.45788043478261,61.5,6.0,0.0,29.26,41.974689,-87.890615,7,50652.88833124216,71.0,0.9099121706398996,6.0,81.5,60.0,-4.0,6.0500000000000025,18.288205771643664,0.19384692597239508,64.28958594730238,0,0,0,1,0,0,0
3985,52140,81.5,60.0,71.0,6.0500000000000025,26.5,7.0,1913,444,0.0,-4,53.45788043478261,61.5,6.0,0.0,29.26,41.974689,-87.890615,7,50653.261414952336,71.0,0.9096838936276971,6.0,81.5,60.0,-4.0,6.0500000000000025,18.29026593075765,0.19379829402910045,64.28888610135475,0,0,0,0,0,0,1
3986,52140,81.5,60.0,71.0,6.0500000000000025,26.5,7.0,1913,444,0.0,-4,53.45788043478261,61.5,6.0,0.0,29.26,41.957799,-87.930995,7,50653.634311512425,71.0,0.90945573112616,6.0,81.5,60.0,-4.0,6.0500000000000025,18.29232505643341,0.19374968648106208,64.28818660647103,0,1,0,0,0,0,0
3987,52140,81.5,60.0,71.0,6.0500000000000025,26.5,7.0,1913,444,0.0,-4,53.45788043478261,61.5,6.0,0.0,29.26,41.957799,-87.930995,7,50654.00702106318,71.0,0.9092276830491476,6.0,81.5,60.0,-4.0,6.0500000000000025,18.294383149448343,0.1937011033099284,64.28748746238715,0,0,1,0,0,0,0
3988,52140,81.5,60.0,71.0,6.0500000000000025,26.5,7.0,1913,444,0.0,-4,53.45788043478261,61.5,6.0,0.0,29.26,41.957799,-87.930995,7,50654.3795437453,71.0,0.908999749310604,6.0,81.5,60.0,-4.0,6.0500000000000025,18.296440210579085,0.1936525444973664,64.28678866883929,0,0,0,1,0,0,0
3989,51180,74.0,65.5,70.0,6.85,15.0,7.5,1904,451,0.0,-4,53.45788043478261,63.0,5.0,0.28,29.385,41.95469,-87.800991,8,50654.51127819549,71.0,0.9087719298245616,6.0,81.5,60.0,-4.0,6.0500000000000025,18.29561403508772,0.19367418546365772,64.28646616541353,0,1,0,0,0,0,0
3990,51180,74.0,65.5,70.0,6.85,15.0,7.5,1904,451,0.0,-4,53.45788043478261,63.0,5.0,0.28,29.385,41.95469,-87.800991,8,50654.64294662992,71.0,0.9085442245051366,6.0,81.5,60.0,-4.0,6.0500000000000025,18.294788273615637,0.193695815585065,64.28614382360311,0,0,1,0,0,0,0
3991,51180,74.0,65.5,70.0,6.85,15.0,7.5,1904,451,0.0,-4,53.45788043478261,63.0,5.0,0.28,29.385,41.964242,-87.757639,8,50654.774549098205,71.0,0.9083166332665332,6.0,81.5,60.0,-4.0,6.0500000000000025,18.2939629258517,0.19371743486973808,64.28582164328657,0,1,0,0,0,0,0
3992,51180,74.0,65.5,70.0,6.85,15.0,7.5,1904,451,0.0,-4,53.45788043478261,63.0,5.0,0.28,29.385,41.964242,-87.757639,8,50654.90608564988,71.0,0.9080891560230404,6.0,81.5,60.0,-4.0,6.0500000000000025,18.293137991485104,0.1937390433258188,64.2854996243426,0,0,1,0,0,0,0
3993,51180,74.0,65.5,70.0,6.85,15.0,7.5,1904,451,0.0,-4,53.45788043478261,63.0,5.0,0.28,29.385,42.008314,-87.77792099999998,8,50655.0375563345,71.0,0.9078617926890336,6.0,81.5,60.0,-4.0,6.0500000000000025,18.292313470205308,0.19376064096144074,64.28517776664998,0,0,1,0,0,0,0
3994,51180,74.0,65.5,70.0,6.85,15.0,7.5,1904,451,0.0,-4,53.45788043478261,63.0,5.0,0.28,29.385,41.98196400000001,-87.812827,8,50655.1689612015,71.0,0.9076345431789736,6.0,81.5,60.0,-4.0,6.0500000000000025,18.29148936170213,0.19378222778472948,64.28485607008761,0,1,0,0,0,0,0
3995,51180,74.0,65.5,70.0,6.85,15.0,7.5,1904,451,0.0,-4,53.45788043478261,63.0,5.0,0.28,29.385,41.99247800000001,-87.862995,8,50655.3003003003,71.0,0.9074074074074074,6.0,81.5,60.0,-4.0,6.0500000000000025,18.290665665665667,0.19380380380380235,64.28453453453453,0,1,0,0,0,0,0
3996,51180,74.0,65.5,70.0,6.85,15.0,7.5,1904,451,0.0,-4,53.45788043478261,63.0,5.0,0.28,29.385,41.98196400000001,-87.812827,8,50655.43157368026,70.0,0.9071803852889668,5.0,74.0,60.0,-4.0,6.0500000000000025,18.28984238178634,0.19382536902676864,64.28421315986989,0,0,1,0,0,0,0
3997,51180,74.0,65.5,70.0,6.85,15.0,7.5,1904,451,0.0,-4,53.45788043478261,63.0,5.0,0.28,29.385,41.99247800000001,-87.862995,8,50655.562781390705,70.0,0.9069534767383692,5.0,74.0,60.0,-4.0,6.0500000000000025,18.28901950975488,0.1938469234617294,64.28389194597298,0,0,1,0,0,0,0
3998,51180,74.0,65.5,70.0,6.85,15.0,7.5,1904,451,0.0,-4,53.45788043478261,63.0,5.0,0.28,29.385,41.944869,-87.832763,8,50655.69392348087,70.0,0.9067266816704176,5.0,74.0,60.0,-4.0,6.0500000000000025,18.288197049262315,0.19386846711677772,64.28357089272318,0,1,0,0,0,0,0
3999,51180,74.0,65.5,70.0,6.85,15.0,7.5,1904,451,0.0,-4,53.45788043478261,63.0,5.0,0.28,29.385,41.944869,-87.832763,8,50655.825,70.0,0.9065,5.0,74.0,65.5,-4.0,6.0500000000000025,18.287375,0.19388999999999854,64.28325,0,0,0,1,0,0,0
4000,51180,74.0,65.5,70.0,6.85,15.0,7.5,1904,451,0.0,-4,53.45788043478261,63.0,5.0,0.28,29.385,41.991429,-87.747113,8,50655.956010997244,70.0,0.9062734316420896,5.0,74.0,65.5,-4.0,6.0500000000000025,18.286553361659585,0.19391152211946866,64.28292926768307,0,1,0,0,0,0,0
4001,51180,74.0,65.5,70.0,6.85,15.0,7.5,1904,451,0.0,-4,53.45788043478261,63.0,5.0,0.28,29.385,41.991429,-87.747113,8,50656.086956521736,70.0,0.9060469765117442,5.0,74.0,65.5,-4.0,6.0500000000000025,18.285732133933035,0.19393303348325688,64.28260869565217,0,0,1,0,0,0,0
4002,51180,74.0,65.5,70.0,6.85,15.0,7.5,1904,451,0.0,-4,53.45788043478261,63.0,5.0,0.28,29.385,41.923738,-87.785288,8,50656.21783662253,70.0,0.9058206345241068,5.0,74.0,65.5,-4.0,6.0500000000000025,18.284911316512613,0.19395453409942395,64.28228828378714,0,0,1,0,0,0,0
4003,51180,74.0,65.5,70.0,6.85,15.0,7.5,1904,451,0.0,-4,53.45788043478261,63.0,5.0,0.28,29.385,41.923738,-87.785288,8,50656.34865134865,70.0,0.9055944055944056,5.0,74.0,65.5,-4.0,6.0500000000000025,18.28409090909091,0.19397602397602248,64.28196803196803,0,0,0,1,0,0,0
4004,51180,74.0,65.5,70.0,6.85,15.0,7.5,1904,451,0.0,-4,53.45788043478261,63.0,5.0,0.28,29.385,42.011601,-87.81150600000002,8,50656.47940074906,70.0,0.9053682896379526,5.0,74.0,65.5,-4.0,6.0500000000000025,18.283270911360802,0.19399750312109712,64.2816479400749,0,0,1,0,0,0,0
4005,51180,74.0,65.5,70.0,6.85,15.0,7.5,1904,451,0.0,-4,53.45788043478261,63.0,5.0,0.28,29.385,41.960616,-87.777189,8,50656.610084872686,70.0,0.9051422865701448,5.0,74.0,65.5,-4.0,6.0500000000000025,18.28245132301548,0.19401897154268447,64.28132800798802,0,0,1,0,0,0,0
4006,51180,74.0,65.5,70.0,6.85,15.0,7.5,1904,451,0.0,-4,53.45788043478261,63.0,5.0,0.28,29.385,41.986921,-87.689778,8,50656.740703768395,70.0,0.9049163963064636,5.0,74.0,65.5,-4.0,6.0500000000000025,18.28163214374844,0.19404042924881307,64.28100823558772,0,0,1,0,0,0,0
4007,51180,74.0,65.5,70.0,6.85,15.0,7.5,1904,451,0.0,-4,53.45788043478261,63.0,5.0,0.28,29.385,41.986921,-87.689778,8,50656.87125748503,70.0,0.9046906187624749,5.0,74.0,65.5,-4.0,6.0500000000000025,18.280813373253494,0.19406187624750348,64.2806886227545,0,0,0,1,0,0,0
4008,51180,74.0,65.5,70.0,6.85,15.0,7.5,1904,451,0.0,-4,53.45788043478261,63.0,5.0,0.28,29.385,41.89923,-87.716788,8,50657.001746071335,70.0,0.9044649538538287,5.0,74.0,65.5,-4.0,6.0500000000000025,18.279995011224745,0.19408331254676825,64.28036916936892,0,0,0,1,0,0,0
4009,51180,74.0,65.5,70.0,6.85,15.0,7.5,1904,451,0.0,-4,53.45788043478261,63.0,5.0,0.28,29.385,41.801498,-87.763416,8,50657.13216957606,70.0,0.9042394014962594,5.0,74.0,65.5,-4.0,6.0500000000000025,18.27917705735661,0.19410473815461196,64.28004987531172,0,1,0,0,0,0,0
4010,51180,74.0,65.5,70.0,6.85,15.0,7.5,1904,451,0.0,-4,53.45788043478261,63.0,5.0,0.28,29.385,41.801498,-87.763416,8,50657.26252804787,70.0,0.9040139616055848,5.0,74.0,65.5,-4.0,6.0500000000000025,18.278359511343805,0.19412615307903114,64.27973074046372,0,0,1,0,0,0,0
4011,51180,74.0,65.5,70.0,6.85,15.0,7.5,1904,451,0.0,-4,53.45788043478261,63.0,5.0,0.28,29.385,41.801498,-87.763416,8,50657.3928215354,70.0,0.9037886340977068,5.0,74.0,65.5,-4.0,6.0500000000000025,18.27754237288136,0.1941475573280144,64.27941176470588,0,0,0,1,0,0,0
4012,51180,74.0,65.5,70.0,6.85,15.0,7.5,1904,451,0.0,-4,53.45788043478261,63.0,5.0,0.28,29.385,41.906638,-87.701431,8,50657.52305008722,70.0,0.9035634188886121,5.0,74.0,65.5,-4.0,6.0500000000000025,18.27672564166459,0.19416895090954245,64.27909294791927,0,1,0,0,0,0,0
4013,51180,74.0,65.5,70.0,6.85,15.0,7.5,1904,451,0.0,-4,53.45788043478261,63.0,5.0,0.28,29.385,41.906638,-87.701431,8,50657.653213751866,70.0,0.9033383158943696,5.0,74.0,65.5,-4.0,6.0500000000000025,18.27590931738914,0.19419033383158787,64.27877428998505,0,0,1,0,0,0,0
4014,51180,74.0,65.5,70.0,6.85,15.0,7.5,1904,451,0.0,-4,53.45788043478261,63.0,5.0,0.28,29.385,41.906638,-87.701431,8,50657.78331257784,70.0,0.9031133250311332,5.0,74.0,65.5,-4.0,6.0500000000000025,18.275093399750933,0.1942117061021155,64.27845579078456,0,0,0,1,0,0,0
4015,51180,74.0,65.5,70.0,6.85,15.0,7.5,1904,451,0.0,-4,53.45788043478261,63.0,5.0,0.28,29.385,41.857402,-87.694991,8,50657.913346613546,70.0,0.9028884462151394,5.0,74.0,65.5,-4.0,6.0500000000000025,18.27427788844621,0.1942330677290821,64.27813745019921,0,1,0,0,0,0,0
4016,51180,74.0,65.5,70.0,6.85,15.0,7.5,1904,451,0.0,-4,53.45788043478261,63.0,5.0,0.28,29.385,41.857402,-87.694991,8,50658.0433159074,70.0,0.9026636793627084,5.0,74.0,65.5,-4.0,6.0500000000000025,18.27346278317152,0.19425441872043656,64.27781926811053,0,0,1,0,0,0,0
4017,51180,74.0,65.5,70.0,6.85,15.0,7.5,1904,451,0.0,-4,53.45788043478261,63.0,5.0,0.28,29.385,41.891118,-87.65449100000002,8,50658.17322050771,70.0,0.902439024390244,5.0,74.0,65.5,-4.0,6.85,18.27264808362369,0.19427575908411987,64.2775012444002,0,1,0,0,0,0,0
4018,51180,74.0,65.5,70.0,6.85,15.0,7.5,1904,451,0.0,-4,53.45788043478261,63.0,5.0,0.28,29.385,41.891118,-87.65449100000002,8,50658.3030604628,70.0,0.9022144812142324,5.0,74.0,65.5,-4.0,6.85,18.27183378949988,0.1942970888280651,64.27718337895,0,0,1,0,0,0,0
4019,51180,74.0,65.5,70.0,6.85,15.0,7.5,1904,451,0.0,-4,53.45788043478261,63.0,5.0,0.28,29.385,41.891118,-87.65449100000002,8,50658.432835820895,70.0,0.9019900497512436,5.0,74.0,65.5,-4.0,6.85,18.271019900497514,0.19431840796019745,64.27686567164179,0,0,0,1,0,0,0
4020,51180,74.0,65.5,70.0,6.85,15.0,7.5,1904,451,0.0,-4,53.45788043478261,63.0,5.0,0.28,29.385,41.868142,-87.696269,8,50658.562546630186,70.0,0.9017657299179308,5.0,74.0,65.5,-4.0,6.85,18.270206416314352,0.19433971648843407,64.27654812235761,0,0,1,0,0,0,0
4021,51180,74.0,65.5,70.0,6.85,15.0,7.5,1904,451,0.0,-4,53.45788043478261,63.0,5.0,0.28,29.385,41.867108,-87.654224,8,50658.692192938826,70.0,0.9015415216310292,5.0,74.0,65.5,-4.0,6.85,18.269393336648434,0.19436101442068465,64.2762307309796,0,1,0,0,0,0,0
4022,51180,74.0,65.5,70.0,6.85,15.0,7.5,1904,451,0.0,-4,53.45788043478261,63.0,5.0,0.28,29.385,41.867108,-87.654224,8,50658.82177479493,70.0,0.9013174248073575,5.0,74.0,65.5,-4.0,6.85,18.268580661198108,0.1943823017648505,64.27591349739001,0,0,1,0,0,0,0
4023,51180,74.0,65.5,70.0,6.85,15.0,7.5,1904,451,0.0,-4,53.45788043478261,63.0,5.0,0.28,29.385,41.867108,-87.654224,8,50658.95129224652,70.0,0.9010934393638173,5.0,74.0,65.5,-4.0,6.85,18.267768389662027,0.19440357852882545,64.27559642147118,0,0,0,1,0,0,0
4024,51180,74.0,65.5,70.0,6.85,15.0,7.5,1904,451,0.0,-4,53.45788043478261,63.0,5.0,0.28,29.385,41.921965,-87.632085,8,50659.08074534161,70.0,0.9008695652173913,5.0,74.0,65.5,-4.0,6.85,18.26695652173913,0.1944248447204953,64.27527950310561,0,0,1,0,0,0,0
4025,51180,74.0,65.5,70.0,6.85,15.0,7.5,1904,451,0.0,-4,53.45788043478261,63.0,5.0,0.28,29.385,41.921965,-87.632085,8,50659.21013412817,70.0,0.9006458022851466,5.0,74.0,65.5,-4.0,6.85,18.266145057128664,0.19444610034773807,64.27496274217586,0,0,0,1,0,0,0
4026,51180,74.0,65.5,70.0,6.85,15.0,7.5,1904,451,0.0,-4,53.45788043478261,63.0,5.0,0.28,29.385,41.800737,-87.71188000000002,8,50659.33945865408,70.0,0.9004221504842315,5.0,74.0,65.5,-4.0,6.85,18.26533399553017,0.19446734541842398,64.27464613856469,0,0,1,0,0,0,0
4027,51180,74.0,65.5,70.0,6.85,15.0,7.5,1904,451,0.0,-4,53.45788043478261,63.0,5.0,0.28,29.385,41.82561,-87.726549,8,50659.468718967226,70.0,0.9001986097318768,5.0,74.0,65.5,-4.0,6.85,18.264523336643496,0.19448857994041546,64.27432969215492,0,0,1,0,0,0,0
4028,51180,74.0,65.5,70.0,6.85,15.0,7.5,1904,451,0.0,-4,53.45788043478261,63.0,5.0,0.28,29.385,41.768388,-87.678649,8,50659.59791511541,70.0,0.8999751799453959,5.0,74.0,65.5,-4.0,6.85,18.263713080168774,0.19450980392156694,64.27401340282948,0,0,1,0,0,0,0
4029,51180,74.0,65.5,70.0,6.85,15.0,7.5,1904,451,0.0,-4,53.45788043478261,63.0,5.0,0.28,29.385,41.773215,-87.60088,8,50659.7270471464,70.0,0.8997518610421836,5.0,74.0,65.5,-4.0,6.85,18.262903225806447,0.1945310173697254,64.27369727047146,0,1,0,0,0,0,0
4030,51180,74.0,65.5,70.0,6.85,15.0,7.5,1904,451,0.0,-4,53.45788043478261,63.0,5.0,0.28,29.385,41.773215,-87.60088,8,50659.85611510791,70.0,0.8995286529397172,5.0,74.0,65.5,-4.0,6.85,18.262093773257252,0.19455222029272967,64.27338129496403,0,0,1,0,0,0,0
4031,51180,74.0,65.5,70.0,6.85,15.0,7.5,1904,451,0.0,-4,53.45788043478261,63.0,5.0,0.28,29.385,41.773215,-87.60088,8,50659.98511904762,70.0,0.8993055555555556,5.0,74.0,65.5,-4.0,6.85,18.261284722222218,0.19457341269841105,64.27306547619048,0,0,0,1,0,0,0
4032,51180,74.0,65.5,70.0,6.85,15.0,7.5,1904,451,0.0,-4,53.45788043478261,63.0,5.0,0.28,29.385,41.754676,-87.612922,8,50660.11405901313,70.0,0.8990825688073395,5.0,74.0,65.5,-4.0,6.85,18.26047607240268,0.1945945945945929,64.27274981403421,0,1,0,0,0,0,0
4033,51180,74.0,65.5,70.0,6.85,15.0,7.5,1904,451,0.0,-4,53.45788043478261,63.0,5.0,0.28,29.385,41.754676,-87.612922,8,50660.242935052054,70.0,0.8988596926127913,5.0,74.0,65.5,-4.0,6.85,18.259667823500248,0.19461576598909106,64.27243430837878,0,0,1,0,0,0,0
4034,51180,74.0,65.5,70.0,6.85,15.0,7.5,1904,451,0.0,-4,53.45788043478261,63.0,5.0,0.28,29.385,41.754676,-87.612922,8,50660.371747211895,70.0,0.8986369268897149,5.0,74.0,65.5,-4.0,6.85,18.25885997521685,0.19463692688971326,64.2721189591078,0,0,0,1,0,0,0
4035,51180,74.0,65.5,70.0,6.85,15.0,7.5,1904,451,0.0,-4,53.45788043478261,63.0,5.0,0.28,29.385,41.803423,-87.642984,8,50660.50049554014,70.0,0.8984142715559961,5.0,74.0,65.5,-4.0,6.85,18.25805252725471,0.19465807730426,64.27180376610505,0,1,0,0,0,0,0
4036,51180,74.0,65.5,70.0,6.85,15.0,7.5,1904,451,0.0,-4,53.45788043478261,63.0,5.0,0.28,29.385,41.803423,-87.642984,8,50660.629180084215,70.0,0.8981917265296012,5.0,74.0,65.5,-4.0,6.85,18.257245479316325,0.19467921724052345,64.2714887292544,0,0,1,0,0,0,0
4037,51180,74.0,65.5,70.0,6.85,15.0,7.5,1904,451,0.0,-4,53.45788043478261,63.0,5.0,0.28,29.385,41.723195,-87.64997,8,50660.75780089153,70.0,0.8979692917285785,5.0,74.0,65.5,-4.0,6.85,18.256438831104507,0.19470034670628847,64.27117384843982,0,0,1,0,0,0,0
4038,51180,74.0,65.5,70.0,6.85,15.0,7.5,1904,451,0.0,-4,53.45788043478261,63.0,5.0,0.28,29.385,41.868077,-87.666901,8,50660.88635800941,70.0,0.8977469670710572,5.0,74.0,65.5,-4.0,6.85,18.25563258232236,0.19472146570933227,64.27085912354542,0,1,0,0,0,0,0
4039,51180,74.0,65.5,70.0,6.85,15.0,7.5,1904,451,0.0,-4,53.45788043478261,63.0,5.0,0.28,29.385,41.868077,-87.666901,8,50661.014851485146,70.0,0.8975247524752475,5.0,74.0,65.5,-4.0,6.85,18.254826732673266,0.19474257425742406,64.27054455445543,0,0,1,0,0,0,0
4040,51180,74.0,65.5,70.0,6.85,15.0,7.5,1904,451,0.0,-4,53.45788043478261,63.0,5.0,0.28,29.385,41.720848,-87.666014,8,50661.143281366,70.0,0.8973026478594407,5.0,74.0,65.5,-4.0,6.85,18.254021281860926,0.19476367235832545,64.2702301410542,0,1,0,0,0,0,0
4041,51180,74.0,65.5,70.0,6.85,15.0,7.5,1904,451,0.0,-4,53.45788043478261,63.0,5.0,0.28,29.385,41.720848,-87.666014,8,50661.27164769916,70.0,0.8970806531420089,5.0,74.0,65.5,-4.0,6.85,18.253216229589317,0.19478476001979045,64.26991588322612,0,0,1,0,0,0,0
4042,51180,74.0,65.5,70.0,6.85,15.0,7.5,1904,451,0.0,-4,53.45788043478261,63.0,5.0,0.28,29.385,41.720848,-87.666014,8,50661.39995053178,70.0,0.8968587682414049,5.0,74.0,65.5,-4.0,6.85,18.2524115755627,0.1948058372495654,64.2696017808558,0,0,0,1,0,0,0
4043,51180,74.0,65.5,70.0,6.85,15.0,7.5,1904,451,0.0,-4,53.45788043478261,63.0,5.0,0.28,29.385,41.704336,-87.70373599999998,8,50661.528189910976,70.0,0.8966369930761622,5.0,74.0,65.5,-4.0,6.85,18.251607319485657,0.19482690405538894,64.26928783382789,0,1,0,0,0,0,0
4044,51180,74.0,65.5,70.0,6.85,15.0,7.5,1904,451,0.0,-4,53.45788043478261,63.0,5.0,0.28,29.385,41.704336,-87.70373599999998,8,50661.656365883806,70.0,0.8964153275648951,5.0,74.0,65.5,-4.0,6.85,18.25080346106304,0.19484796044499209,64.26897404202721,0,0,1,0,0,0,0
4045,51180,74.0,65.5,70.0,6.85,15.0,7.5,1904,451,0.0,-4,53.45788043478261,63.0,5.0,0.28,29.385,41.704336,-87.70373599999998,8,50661.78447849728,70.0,0.8961937716262975,5.0,74.0,65.5,-4.0,6.85,18.25,0.19486900642609808,64.26866040533861,0,0,0,1,0,0,0
4046,51180,74.0,65.5,70.0,6.85,15.0,7.5,1904,451,0.0,-4,53.45788043478261,63.0,5.0,0.28,29.385,41.750498,-87.605294,8,50661.91252779837,70.0,0.895972325179145,5.0,74.0,65.5,-4.0,6.85,18.249196936001976,0.19489004200642274,64.26834692364713,0,0,1,0,0,0,0
4047,51180,74.0,65.5,70.0,6.85,15.0,7.5,1904,451,0.0,-4,53.45788043478261,63.0,5.0,0.28,29.385,41.750498,-87.605294,8,50662.040513833985,70.0,0.8957509881422925,5.0,74.0,65.5,-4.0,6.85,18.248394268774703,0.19491106719367413,64.26803359683794,0,0,0,1,0,0,0
4048,51180,74.0,65.5,70.0,6.85,15.0,7.5,1904,451,0.0,-4,53.45788043478261,63.0,5.0,0.28,29.385,41.798697,-87.736812,8,50662.168436651016,70.0,0.8955297604346752,5.0,74.0,65.5,-4.0,6.85,18.2475919980242,0.19493208199555268,64.26772042479625,0,0,1,0,0,0,0
4049,51180,74.0,65.5,70.0,6.85,15.0,7.5,1904,451,0.0,-4,53.45788043478261,63.0,5.0,0.28,29.385,41.673408,-87.599862,8,50662.2962962963,70.0,0.8953086419753087,5.0,74.0,65.5,-4.0,6.85,18.246790123456787,0.1949530864197513,64.2674074074074,0,1,0,0,0,0,0
4050,51180,74.0,65.5,70.0,6.85,15.0,7.5,1904,451,0.0,-4,53.45788043478261,63.0,5.0,0.28,29.385,41.673408,-87.599862,8,50662.42409281659,70.0,0.8950876326832881,5.0,74.0,65.5,-4.0,6.85,18.245988644779068,0.19497408047395529,64.2670945445569,0,0,1,0,0,0,0
4051,51180,74.0,65.5,70.0,6.85,15.0,7.5,1904,451,0.0,-4,53.45788043478261,63.0,5.0,0.28,29.385,41.704572,-87.56566600000002,8,50662.551826258634,70.0,0.8948667324777887,5.0,74.0,65.5,-4.0,6.85,18.24518756169793,0.19499506416584225,64.26678183613029,0,1,0,0,0,0,0
4052,51180,74.0,65.5,70.0,6.85,15.0,7.5,1904,451,0.0,-4,53.45788043478261,63.0,5.0,0.28,29.385,41.704572,-87.56566600000002,8,50662.67949666913,70.0,0.8946459412780656,5.0,74.0,65.5,-4.0,6.85,18.244386873920554,0.19501603750308236,64.26646928201332,0,0,1,0,0,0,0
4053,51180,74.0,65.5,70.0,6.85,15.0,7.5,1904,451,0.0,-4,53.45788043478261,63.0,5.0,0.28,29.385,41.662014,-87.72460799999998,8,50662.80710409472,70.0,0.8944252590034534,5.0,74.0,65.5,-4.0,6.85,18.243586581154414,0.1950370004933381,64.26615688209176,0,1,0,0,0,0,0
4054,51180,74.0,65.5,70.0,6.85,15.0,7.5,1904,451,0.0,-4,53.45788043478261,63.0,5.0,0.28,29.385,41.662014,-87.72460799999998,8,50662.934648582,70.0,0.8942046855733662,5.0,74.0,65.5,-4.0,6.85,18.24278668310728,0.19505795314426447,64.26584463625153,0,0,1,0,0,0,0
4055,51180,74.0,65.5,70.0,6.85,15.0,7.5,1904,451,0.0,-4,53.45788043478261,63.0,5.0,0.28,29.385,41.662014,-87.72460799999998,8,50663.06213017752,70.0,0.8939842209072978,5.0,74.0,65.5,-4.0,6.85,18.241987179487182,0.19507889546350904,64.2655325443787,0,0,0,1,0,0,0
4056,51180,74.0,65.5,70.0,6.85,15.0,7.5,1904,451,0.0,-4,53.45788043478261,63.0,5.0,0.28,29.385,41.94016,-87.794896,8,50663.18954892778,70.0,0.8937638649248213,5.0,74.0,65.5,-4.0,6.85,18.241188070002465,0.19509982745871152,64.26522060635939,0,0,1,0,0,0,0
4057,51180,74.0,65.5,70.0,6.85,15.0,7.5,1904,451,0.0,-4,53.45788043478261,63.0,5.0,0.28,29.385,41.932094,-87.700117,8,50663.31690487925,70.0,0.8935436175455891,5.0,74.0,65.5,-4.0,6.85,18.240389354361753,0.19512074913750432,64.26490882207985,0,0,1,0,0,0,0
4058,51180,74.0,65.5,70.0,6.85,15.0,7.5,1904,451,0.0,-4,53.45788043478261,63.0,5.0,0.28,29.385,41.932094,-87.700117,8,50663.44419807834,70.0,0.8933234786893324,5.0,74.0,65.5,-4.0,6.85,18.23959103227396,0.19514166050751236,64.26459719142646,0,0,0,1,0,0,0
4059,51180,74.0,65.5,70.0,6.85,15.0,7.5,1904,451,0.0,-4,53.45788043478261,63.0,5.0,0.28,29.385,42.01743,-87.68776899999996,8,50663.571428571435,70.0,0.8931034482758621,5.0,74.0,65.5,-4.0,6.85,18.23879310344828,0.19516256157635284,64.26428571428572,0,0,0,1,0,0,0
4060,51180,74.0,65.5,70.0,6.85,15.0,7.5,1904,451,0.0,-4,53.45788043478261,63.0,5.0,0.28,29.385,41.916265,-87.800515,8,50663.698596404836,70.0,0.8928835262250677,5.0,74.0,65.5,-4.0,6.85,18.237995567594194,0.19518345235163567,64.2639743905442,0,1,0,0,0,0,0
4061,51180,74.0,65.5,70.0,6.85,15.0,7.5,1904,451,0.0,-4,53.45788043478261,63.0,5.0,0.28,29.385,41.916265,-87.800515,8,50663.82570162482,70.0,0.8926637124569178,5.0,74.0,65.5,-4.0,6.85,18.237198424421468,0.1952043328409632,64.26366322008863,0,0,1,0,0,0,0
4062,51180,74.0,65.5,70.0,6.85,15.0,7.5,1904,451,0.0,-4,53.45788043478261,63.0,5.0,0.28,29.385,41.916265,-87.800515,8,50663.95274427762,70.0,0.8924440068914595,5.0,74.0,65.5,-4.0,6.85,18.236401673640167,0.1952252030519302,64.26335220280579,0,0,0,1,0,0,0
4063,51180,74.0,65.5,70.0,6.85,15.0,7.5,1904,451,0.0,-4,53.45788043478261,63.0,5.0,0.28,29.385,41.846075,-87.716277,8,50664.07972440945,70.0,0.8922244094488189,5.0,74.0,65.5,-4.0,6.85,18.23560531496063,0.1952460629921241,64.26304133858268,0,1,0,0,0,0,0
4064,51180,74.0,65.5,70.0,6.85,15.0,7.5,1904,451,0.0,-4,53.45788043478261,63.0,5.0,0.28,29.385,41.846075,-87.716277,8,50664.20664206642,70.0,0.8920049200492005,5.0,74.0,65.5,-4.0,6.85,18.23480934809348,0.19526691266912485,64.26273062730627,0,0,1,0,0,0,0
4065,51180,74.0,65.5,70.0,6.85,15.0,7.5,1904,451,0.0,-4,53.45788043478261,63.0,5.0,0.28,29.385,41.846075,-87.716277,8,50664.33349729464,70.0,0.8917855386128873,5.0,74.0,65.5,-4.0,6.85,18.23401377274963,0.19528775209050475,64.26242006886375,0,0,0,1,0,0,0
4066,51180,74.0,65.5,70.0,6.85,15.0,7.5,1904,451,0.0,-4,53.45788043478261,63.0,5.0,0.28,29.385,41.907645,-87.760886,8,50664.460290140145,70.0,0.891566265060241,5.0,74.0,65.5,-4.0,6.85,18.23321858864028,0.1953085812638289,64.26210966314237,0,0,1,0,0,0,0
4067,51180,74.0,65.5,70.0,6.85,15.0,7.5,1904,451,0.0,-4,53.45788043478261,63.0,5.0,0.28,29.385,41.907645,-87.760886,8,50664.58702064896,70.0,0.8913470993117011,5.0,74.0,65.5,-4.0,6.85,18.23242379547689,0.19532940019665493,64.2617994100295,0,0,0,1,0,0,0
4068,51180,74.0,65.5,70.0,6.85,15.0,7.5,1904,451,0.0,-4,53.45788043478261,63.0,5.0,0.28,29.385,41.776156,-87.778927,8,50664.71368886704,70.0,0.8911280412877857,5.0,74.0,65.5,-4.0,6.85,18.231629392971247,0.19535020889653287,64.26148930941264,0,1,0,0,0,0,0
4069,51180,74.0,65.5,70.0,6.85,15.0,7.5,1904,451,0.0,-4,53.45788043478261,63.0,5.0,0.28,29.385,41.776156,-87.778927,8,50664.840294840295,70.0,0.8909090909090909,5.0,74.0,65.5,-4.0,6.85,18.230835380835376,0.19537100737100546,64.26117936117936,0,0,0,0,0,0,1
4070,51180,74.0,65.5,70.0,6.85,15.0,7.5,1904,451,0.0,-4,53.45788043478261,63.0,5.0,0.28,29.385,41.682587,-87.707973,8,50664.96683861459,70.0,0.8906902480962908,5.0,74.0,65.5,-4.0,6.85,18.230041758781628,0.195391795627608,64.26086956521739,0,1,0,0,0,0,0
4071,51180,74.0,65.5,70.0,6.85,15.0,7.5,1904,451,0.0,-4,53.45788043478261,63.0,5.0,0.28,29.385,41.682587,-87.707973,8,50665.09332023576,70.0,0.8904715127701375,5.0,74.0,65.5,-4.0,6.85,18.229248526522593,0.1954125736738684,64.26055992141454,0,0,1,0,0,0,0
4072,51180,74.0,65.5,70.0,6.85,15.0,7.5,1904,451,0.0,-4,53.45788043478261,63.0,5.0,0.28,29.385,41.732984,-87.649642,8,50665.21973974957,70.0,0.8902528848514608,5.0,74.0,65.5,-4.0,6.85,18.228455683771177,0.1954333415173072,64.26025042965873,0,1,0,0,0,0,0
4073,51180,74.0,65.5,70.0,6.85,15.0,7.5,1904,451,0.0,-4,53.45788043478261,63.0,5.0,0.28,29.385,41.732984,-87.649642,8,50665.34609720176,70.0,0.8900343642611683,5.0,74.0,65.5,-4.0,6.85,18.227663230240548,0.19545409916543746,64.259941089838,0,0,1,0,0,0,0
4074,51180,74.0,65.5,70.0,6.85,15.0,7.5,1904,451,0.0,-4,53.45788043478261,63.0,5.0,0.28,29.385,41.732984,-87.649642,8,50665.47239263804,70.0,0.8898159509202453,5.0,74.0,65.5,-4.0,6.85,18.22687116564417,0.19547484662576486,64.25963190184049,0,0,0,1,0,0,0
4075,51180,74.0,65.5,70.0,6.85,15.0,7.5,1904,451,0.0,-4,53.45788043478261,63.0,5.0,0.28,29.385,41.903002,-87.68826700000002,8,50665.59862610402,70.0,0.8895976447497547,5.0,74.0,65.5,-4.0,6.85,18.22607948969578,0.19549558390578808,64.25932286555447,0,0,1,0,0,0,0
4076,51180,74.0,65.5,70.0,6.85,15.0,7.5,1904,451,0.0,-4,53.45788043478261,63.0,5.0,0.28,29.385,41.903002,-87.68826700000002,8,50665.72479764533,70.0,0.8893794456708364,5.0,74.0,65.5,-4.0,6.85,18.225288202109393,0.1955163110129978,64.25901398086829,0,0,0,1,0,0,0
4077,51180,74.0,65.5,70.0,6.85,15.0,7.5,1904,451,0.0,-4,53.45788043478261,63.0,5.0,0.28,29.385,41.678618,-87.559308,8,50665.8509073075,70.0,0.8891613536047082,5.0,74.0,65.5,-4.0,6.85,18.224497302599314,0.19553702795487787,64.25870524767042,0,1,0,0,0,0,0
4078,51180,74.0,65.5,70.0,6.85,15.0,7.5,1904,451,0.0,-4,53.45788043478261,63.0,5.0,0.28,29.385,41.678618,-87.559308,8,50665.97695513607,70.0,0.8889433684726649,5.0,74.0,65.5,-4.0,6.85,18.223706790880122,0.19555773473890464,64.25839666584946,0,0,1,0,0,0,0
4079,51180,74.0,65.5,70.0,6.85,15.0,7.5,1904,451,0.0,-4,53.45788043478261,63.0,5.0,0.28,29.385,41.740641,-87.546587,8,50666.10294117647,70.0,0.8887254901960784,5.0,74.0,65.5,-4.0,6.85,18.222916666666666,0.19557843137254705,64.25808823529411,0,1,0,0,0,0,0
4080,51180,74.0,65.5,70.0,6.85,15.0,7.5,1904,451,0.0,-4,53.45788043478261,63.0,5.0,0.28,29.385,41.740641,-87.546587,8,50666.22886547415,70.0,0.888507718696398,5.0,74.0,65.5,-4.0,6.85,18.2221269296741,0.19559911786326686,64.25777995589317,0,0,1,0,0,0,0
4081,51180,74.0,65.5,70.0,6.85,15.0,7.5,1904,451,0.0,-4,53.45788043478261,63.0,5.0,0.28,29.385,41.740641,-87.546587,8,50666.35472807448,70.0,0.8882900538951495,5.0,74.0,65.5,-4.0,6.85,18.221337579617835,0.1956197942185184,64.25747182753554,0,0,0,1,0,0,0
4082,51180,74.0,65.5,70.0,6.85,15.0,7.5,1904,451,0.0,-4,53.45788043478261,63.0,5.0,0.28,29.385,41.680946,-87.535198,8,50666.48052902277,70.0,0.8880724957139359,5.0,74.0,65.5,-4.0,6.85,18.22054861621357,0.19564046044574868,64.25716385011022,0,1,0,0,0,0,0
4083,51180,74.0,65.5,70.0,6.85,15.0,7.5,1904,451,0.0,-4,53.45788043478261,63.0,5.0,0.28,29.385,41.680946,-87.535198,8,50666.60626836435,70.0,0.8878550440744368,5.0,74.0,65.5,-4.0,6.85,18.21976003917728,0.1956611165523976,64.25685602350636,0,0,1,0,0,0,0
4084,51180,74.0,65.5,70.0,6.85,15.0,7.5,1904,451,0.0,-4,53.45788043478261,63.0,5.0,0.28,29.385,41.680946,-87.535198,8,50666.731946144435,70.0,0.8876376988984088,5.0,74.0,65.5,-4.0,6.85,18.218971848225213,0.19568176254589764,64.25654834761322,0,0,0,0,0,0,1
4085,51180,74.0,65.5,70.0,6.85,15.0,7.5,1904,451,0.0,-4,53.45788043478261,63.0,5.0,0.28,29.385,41.948167,-87.730698,8,50666.85756240822,70.0,0.8874204601076848,5.0,74.0,65.5,-4.0,6.85,18.218184043073908,0.195702398433674,64.25624082232012,0,1,0,0,0,0,0
4086,51180,74.0,65.5,70.0,6.85,15.0,7.5,1904,451,0.0,-4,53.45788043478261,63.0,5.0,0.28,29.385,41.948167,-87.730698,8,50666.98311720088,70.0,0.8872033276241742,5.0,74.0,65.5,-4.0,6.85,18.217396623440177,0.19572302422314453,64.25593344751651,0,0,1,0,0,0,0
4087,51180,74.0,65.5,70.0,6.85,15.0,7.5,1904,451,0.0,-4,53.45788043478261,63.0,5.0,0.28,29.385,41.963976,-87.69181,8,50667.10861056751,70.0,0.8869863013698629,5.0,74.0,65.5,-4.0,6.85,18.216609589041095,0.1957436399217201,64.25562622309198,0,0,1,0,0,0,0
4088,51180,74.0,65.5,70.0,6.85,15.0,7.5,1904,451,0.0,-4,53.45788043478261,63.0,5.0,0.28,29.385,41.963976,-87.69181,8,50667.2340425532,70.0,0.8867693812668134,5.0,74.0,65.5,-4.0,6.85,18.215822939594034,0.19576424553680405,64.25531914893618,0,0,0,1,0,0,0
4089,51180,74.0,65.5,70.0,6.85,15.0,7.5,1904,451,0.0,-4,53.45788043478261,63.0,5.0,0.28,29.385,41.659112,-87.53869300000002,8,50667.35941320293,70.0,0.8865525672371638,5.0,74.0,65.5,-4.0,6.85,18.21503667481663,0.19578484107579255,64.25501222493888,0,0,1,0,0,0,0
4090,51180,74.0,65.5,70.0,6.85,15.0,7.5,1904,451,0.0,-4,53.45788043478261,63.0,5.0,0.28,29.385,41.659112,-87.53869300000002,8,50667.48472256172,70.0,0.8863358592031289,5.0,74.0,65.5,-4.0,6.85,18.21425079442679,0.19580542654607472,64.25470545098997,0,0,0,1,0,0,0
4091,51180,74.0,65.5,70.0,6.85,15.0,7.5,1904,451,0.0,-4,53.45788043478261,63.0,5.0,0.28,29.385,41.743402,-87.731435,8,50667.60997067449,70.0,0.886119257086999,5.0,74.0,65.5,-4.0,6.85,18.21346529814272,0.19582600195503214,64.25439882697947,0,1,0,0,0,0,0
4092,51180,74.0,65.5,70.0,6.85,15.0,7.5,1904,451,0.0,-4,53.45788043478261,63.0,5.0,0.28,29.385,41.743402,-87.731435,8,50667.73515758613,70.0,0.8859027608111409,5.0,74.0,65.5,-4.0,6.85,18.212680185682878,0.1958465673100395,64.25409235279746,0,0,1,0,0,0,0
4093,51180,74.0,65.5,70.0,6.85,15.0,7.5,1904,451,0.0,-4,53.45788043478261,63.0,5.0,0.28,29.385,41.743402,-87.731435,8,50667.860283341484,70.0,0.885686370297997,5.0,74.0,65.5,-4.0,6.85,18.211895456766,0.195867122618464,64.25378602833415,0,0,0,1,0,0,0
4094,51180,74.0,65.5,70.0,6.85,15.0,7.5,1904,451,0.0,-4,53.45788043478261,63.0,5.0,0.28,29.385,41.793818,-87.654234,8,50667.98534798535,70.0,0.8854700854700854,5.0,74.0,65.5,-4.0,6.85,18.211111111111116,0.19588766788766585,64.25347985347986,0,1,0,0,0,0,0
4095,51180,74.0,65.5,70.0,6.85,15.0,7.5,1904,451,0.0,-4,53.45788043478261,63.0,5.0,0.28,29.385,41.793818,-87.654234,8,50668.1103515625,70.0,0.88525390625,5.0,74.0,65.5,-4.0,6.85,18.2103271484375,0.19590820312499796,64.253173828125,0,0,1,0,0,0,0
4096,51180,74.0,65.5,70.0,6.85,15.0,7.5,1904,451,0.0,-4,53.45788043478261,63.0,5.0,0.28,29.385,41.793818,-87.654234,8,50668.23529411764,70.0,0.88503783256041,5.0,74.0,65.5,-4.0,6.85,18.20954356846473,0.19592872833780609,64.25286795216012,0,0,0,1,0,0,0
4097,51180,74.0,65.5,70.0,6.85,15.0,7.5,1904,451,0.0,-4,53.45788043478261,63.0,5.0,0.28,29.385,41.728495,-87.60096300000002,8,50668.36017569546,70.0,0.8848218643240605,5.0,74.0,65.5,-4.0,6.85,18.20876037091264,0.19594924353342885,64.25256222547584,0,0,0,1,0,0,0
4098,51180,74.0,65.5,70.0,6.85,15.0,7.5,1904,451,0.0,-4,53.45788043478261,63.0,5.0,0.28,29.385,41.753411,-87.63981700000002,8,50668.484996340565,70.0,0.8846060014637717,5.0,74.0,65.5,-4.0,6.85,18.20797755550134,0.19596974871919773,64.25225664796292,0,1,0,0,0,0,0
4099,51180,74.0,65.5,70.0,6.85,15.0,7.5,1904,451,0.0,-4,53.45788043478261,63.0,5.0,0.28,29.385,41.753411,-87.63981700000002,8,50668.60975609756,70.0,0.884390243902439,5.0,74.0,65.5,-4.0,6.85,18.20719512195122,0.1959902439024369,64.25195121951221,0,0,1,0,0,0,0
4100,51180,74.0,65.5,70.0,6.85,15.0,7.5,1904,451,0.0,-4,53.45788043478261,63.0,5.0,0.28,29.385,41.753411,-87.63981700000002,8,50668.73445501097,70.0,0.8841745915630334,5.0,74.0,65.5,-4.0,6.85,18.206413069982933,0.19601072909046366,64.25164594001463,0,0,0,1,0,0,0
4101,51180,74.0,65.5,70.0,6.85,15.0,7.5,1904,451,0.0,-4,53.45788043478261,63.0,5.0,0.28,29.385,41.904194,-87.756155,8,50668.859093125306,70.0,0.8839590443686007,5.0,74.0,65.5,-4.0,6.85,18.205631399317404,0.19603120429058785,64.25134080936128,0,0,1,0,0,0,0
4102,51180,74.0,65.5,70.0,6.85,15.0,7.5,1904,451,0.0,-4,53.45788043478261,63.0,5.0,0.28,29.385,41.974689,-87.890615,8,50668.98367048501,70.0,0.8837436022422618,5.0,74.0,65.5,-4.0,6.85,18.20485010967585,0.19605166951011244,64.25103582744333,0,1,0,0,0,0,0
4103,51180,74.0,65.5,70.0,6.85,15.0,7.5,1904,451,0.0,-4,53.45788043478261,63.0,5.0,0.28,29.385,41.974689,-87.890615,8,50669.1081871345,70.0,0.8835282651072125,5.0,74.0,65.5,-4.0,6.85,18.204069200779728,0.1960721247563332,64.25073099415205,0,0,1,0,0,0,0
4104,51180,74.0,65.5,70.0,6.85,15.0,7.5,1904,451,0.0,-4,53.45788043478261,63.0,5.0,0.28,29.385,41.974689,-87.890615,8,50669.23264311816,70.0,0.8833130328867235,5.0,74.0,65.5,-4.0,6.85,18.203288672350787,0.19609257003653868,64.25042630937881,0,0,0,1,0,0,0
4105,51180,74.0,65.5,70.0,6.85,15.0,7.5,1904,451,0.0,-4,53.45788043478261,63.0,5.0,0.28,29.385,41.974689,-87.890615,8,50669.35703848027,70.0,0.8830979055041402,5.0,74.0,65.5,-4.0,6.85,18.202508524111053,0.19611300535801052,64.2501217730151,0,0,0,0,1,0,0
4106,51180,74.0,65.5,70.0,6.85,15.0,7.5,1904,451,0.0,-4,53.45788043478261,63.0,5.0,0.28,29.385,41.957799,-87.930995,8,50669.48137326517,70.0,0.8828828828828829,5.0,74.0,65.5,-4.0,6.85,18.20172875578281,0.1961334307280232,64.24981738495252,0,1,0,0,0,0,0
4107,51180,74.0,65.5,70.0,6.85,15.0,7.5,1904,451,0.0,-4,53.45788043478261,63.0,5.0,0.28,29.385,41.957799,-87.930995,8,50669.60564751704,70.0,0.882667964946446,5.0,74.0,65.5,-4.0,6.85,18.200949367088608,0.19615384615384399,64.24951314508276,0,0,1,0,0,0,0
4108,51180,74.0,65.5,70.0,6.85,15.0,7.5,1904,451,0.0,-4,53.45788043478261,63.0,5.0,0.28,29.385,41.957799,-87.930995,8,50669.72986128012,70.0,0.8824531516183987,5.0,74.0,65.5,-4.0,6.85,18.200170357751283,0.1961742516427333,64.24920905329763,0,0,0,1,0,0,0
4109,50340,86.0,61.5,74.0,1.75,15.0,3.9,1856,457,0.0,0,53.45788043478261,63.0,9.0,0.0,29.41,41.964242,-87.757639,8,50669.649635036505,70.0,0.8822384428223844,5.0,74.0,65.5,-4.0,6.85,18.19939172749392,0.19612652068126307,64.24890510948904,0,0,1,0,0,0,0
4110,50340,86.0,61.5,74.0,1.75,15.0,3.9,1856,457,0.0,0,53.45788043478261,63.0,9.0,0.0,29.41,41.964242,-87.757639,8,50669.56944782291,70.0,0.8820238384821212,5.0,74.0,65.5,-4.0,6.85,18.198613476039885,0.19607881294088814,64.24860131354902,0,0,0,1,0,0,0
4111,50340,86.0,61.5,74.0,1.75,15.0,3.9,1856,457,0.0,0,53.45788043478261,63.0,9.0,0.0,29.41,41.944869,-87.832763,8,50669.4892996109,70.0,0.8818093385214008,5.0,74.0,65.5,-4.0,6.85,18.19783560311284,0.1960311284046671,64.24829766536965,0,1,0,0,0,0,0
4112,50340,86.0,61.5,74.0,1.75,15.0,3.9,1856,457,0.0,0,53.45788043478261,63.0,9.0,0.0,29.41,41.991429,-87.747113,8,50669.40919037199,70.0,0.8815949428640895,5.0,74.0,65.5,-4.0,6.85,18.197058108436664,0.195983467055675,64.24799416484318,0,1,0,0,0,0,0
4113,50340,86.0,61.5,74.0,1.75,15.0,3.9,1856,457,0.0,0,53.45788043478261,63.0,9.0,0.0,29.41,41.923738,-87.785288,8,50669.32912007778,70.0,0.8813806514341274,5.0,74.0,65.5,-4.0,6.85,18.196280991735534,0.1959358288770032,64.24769081186193,0,0,1,0,0,0,0
4114,50340,86.0,61.5,74.0,1.75,15.0,3.9,1856,457,0.0,0,53.45788043478261,63.0,9.0,0.0,29.41,41.960616,-87.777189,8,50669.249088699886,70.0,0.8811664641555286,5.0,74.0,65.5,-4.0,6.85,18.195504252733897,0.1958882138517597,64.24738760631834,0,0,1,0,0,0,0
4115,50340,86.0,61.5,74.0,1.75,15.0,3.9,1856,457,0.0,0,53.45788043478261,63.0,9.0,0.0,29.41,41.986921,-87.689778,8,50669.16909620991,70.0,0.8809523809523809,5.0,74.0,65.5,-4.0,6.85,18.19472789115646,0.1958406219630688,64.24708454810495,0,0,1,0,0,0,0
4116,50340,86.0,61.5,74.0,1.75,15.0,3.9,1856,457,0.0,0,53.45788043478261,63.0,9.0,0.0,29.41,41.801498,-87.763416,8,50669.08914257955,74.0,0.8807384017488462,9.0,86.0,65.5,0.0,6.85,18.1939519067282,0.1957930531940712,64.24678163711441,0,0,1,0,0,0,0
4117,50340,86.0,61.5,74.0,1.75,15.0,3.9,1856,457,0.0,0,53.45788043478261,63.0,9.0,0.0,29.41,41.801498,-87.763416,8,50669.009227780465,74.0,0.8805245264691598,9.0,86.0,65.5,0.0,6.85,18.193176299174358,0.195745507527924,64.24647887323944,0,0,0,1,0,0,0
4118,50340,86.0,61.5,74.0,1.75,15.0,3.9,1856,457,0.0,0,53.45788043478261,63.0,9.0,0.0,29.41,41.911824,-87.726737,8,50668.92935178441,74.0,0.8803107550376305,9.0,86.0,65.5,0.0,6.85,18.19240106822044,0.19569798494780072,64.2461762563729,0,0,1,0,0,0,0
4119,50340,86.0,61.5,74.0,1.75,15.0,3.9,1856,457,0.0,0,53.45788043478261,63.0,9.0,0.0,29.41,41.911824,-87.726737,8,50668.84951456312,74.0,0.8800970873786408,9.0,86.0,61.5,0.0,6.85,18.191626213592233,0.19565048543689104,64.24587378640777,0,0,0,1,0,0,0
4120,50340,86.0,61.5,74.0,1.75,15.0,3.9,1856,457,0.0,0,53.45788043478261,63.0,9.0,0.0,29.41,41.891118,-87.65449100000002,8,50668.76971608833,74.0,0.8798835234166464,9.0,86.0,61.5,0.0,6.85,18.190851735015773,0.1956030089784012,64.24557146323707,0,0,1,0,0,0,0
4121,50340,86.0,61.5,74.0,1.75,15.0,3.9,1856,457,0.0,0,53.45788043478261,63.0,9.0,0.0,29.41,41.891118,-87.65449100000002,8,50668.68995633189,74.0,0.8796700630761766,9.0,86.0,61.5,0.0,6.85,18.19007763221737,0.1955555555555534,64.24526928675401,0,0,0,1,0,0,0
4122,50340,86.0,61.5,74.0,1.75,15.0,3.9,1856,457,0.0,0,53.45788043478261,63.0,9.0,0.0,29.41,41.867108,-87.654224,8,50668.61023526559,74.0,0.8794567062818336,9.0,86.0,61.5,0.0,6.85,18.1893039049236,0.1955081251515865,64.24496725685182,0,1,0,0,0,0,0
4123,50340,86.0,61.5,74.0,1.75,15.0,3.9,1856,457,0.0,0,53.45788043478261,63.0,9.0,0.0,29.41,41.867108,-87.654224,8,50668.530552861295,74.0,0.8792434529582929,9.0,86.0,61.5,0.0,6.85,18.188530552861298,0.19546071774975535,64.24466537342386,0,0,1,0,0,0,0
4124,50340,86.0,61.5,74.0,1.75,15.0,3.9,1856,457,0.0,0,53.45788043478261,63.0,9.0,0.0,29.41,41.867108,-87.654224,8,50668.450909090905,74.0,0.8790303030303029,9.0,86.0,61.5,0.0,6.85,18.187757575757576,0.1954133333333312,64.24436363636363,0,0,0,1,0,0,0
4125,50340,86.0,61.5,74.0,1.75,15.0,3.9,1856,457,0.0,0,53.45788043478261,63.0,9.0,0.0,29.41,41.921965,-87.632085,8,50668.37130392632,74.0,0.8788172564226854,9.0,86.0,61.5,0.0,6.85,18.1869849733398,0.19536597188560131,64.24406204556472,0,1,0,0,0,0,0
4126,50340,86.0,61.5,74.0,1.75,15.0,3.9,1856,457,0.0,0,53.45788043478261,63.0,9.0,0.0,29.41,41.921965,-87.632085,8,50668.291737339474,74.0,0.8786043130603344,9.0,86.0,61.5,0.0,6.85,18.18621274533559,0.19531863338986946,64.24376060092077,0,0,1,0,0,0,0
4127,50340,86.0,61.5,74.0,1.75,15.0,3.9,1856,457,0.0,0,53.45788043478261,63.0,9.0,0.0,29.41,41.921965,-87.632085,8,50668.212209302335,74.0,0.8783914728682171,9.0,86.0,61.5,0.0,6.85,18.185440891472872,0.19527131782945525,64.24345930232558,0,0,0,1,0,0,0
4128,50340,86.0,61.5,74.0,1.75,15.0,3.9,1856,457,0.0,0,53.45788043478261,63.0,9.0,0.0,29.41,41.82561,-87.726549,8,50668.13271978688,74.0,0.8781787357713732,9.0,86.0,61.5,0.0,6.85,18.184669411479774,0.19522402518769466,64.24315814967304,0,1,0,0,0,0,0
4129,50340,86.0,61.5,74.0,1.75,15.0,3.9,1856,457,0.0,0,53.45788043478261,63.0,9.0,0.0,29.41,41.82561,-87.726549,8,50668.053268765136,74.0,0.8779661016949153,9.0,86.0,61.5,0.0,6.85,18.183898305084746,0.19517675544793972,64.24285714285715,0,0,1,0,0,0,0
4130,50340,86.0,61.5,74.0,1.75,15.0,3.9,1856,457,0.0,0,53.45788043478261,63.0,9.0,0.0,29.41,41.778297,-87.752411,8,50667.97385620915,74.0,0.877753570564028,9.0,86.0,61.5,0.0,6.85,18.18312757201646,0.19512950859355874,64.24255628177197,0,0,1,0,0,0,0
4131,50340,86.0,61.5,74.0,1.75,15.0,3.9,1856,457,0.0,0,53.45788043478261,63.0,9.0,0.0,29.41,41.778297,-87.752411,8,50667.894482091,74.0,0.8775411423039691,9.0,86.0,61.5,0.0,6.85,18.18235721200387,0.19508228460793592,64.24225556631171,0,0,0,1,0,0,0
4132,50340,86.0,61.5,74.0,1.75,15.0,3.9,1856,457,0.0,0,53.45788043478261,63.0,9.0,0.0,29.41,41.77166,-87.703047,8,50667.81514638277,74.0,0.8773288168400677,9.0,86.0,61.5,0.0,6.85,18.18158722477619,0.1950350834744716,64.24195499637068,0,0,1,0,0,0,0
4133,50340,86.0,61.5,74.0,1.75,15.0,3.9,1856,457,0.0,0,53.45788043478261,63.0,9.0,0.0,29.41,41.77166,-87.703047,8,50667.73584905661,74.0,0.8771165940977261,9.0,86.0,61.5,0.0,6.85,18.18081761006289,0.1949879051765823,64.24165457184326,0,0,0,1,0,0,0
4134,50340,86.0,61.5,74.0,1.75,15.0,3.9,1856,457,0.0,0,53.45788043478261,63.0,9.0,0.0,29.41,41.768388,-87.678649,8,50667.65659008464,74.0,0.8769044740024183,9.0,86.0,61.5,0.0,6.85,18.180048367593717,0.1949407496977004,64.24135429262394,0,1,0,0,0,0,0
4135,50340,86.0,61.5,74.0,1.75,15.0,3.9,1856,457,0.0,0,53.45788043478261,63.0,9.0,0.0,29.41,41.768388,-87.678649,8,50667.577369439074,74.0,0.8766924564796905,9.0,86.0,61.5,0.0,6.85,18.179279497098648,0.19489361702127447,64.24105415860735,0,0,1,0,0,0,0
4136,50340,86.0,61.5,74.0,1.75,15.0,3.9,1856,457,0.0,0,53.45788043478261,63.0,9.0,0.0,29.41,41.768388,-87.678649,8,50667.4981870921,74.0,0.8764805414551607,9.0,86.0,61.5,0.0,6.85,18.178510998307953,0.19484650713076893,64.24075416968817,0,0,0,1,0,0,0
4137,50340,86.0,61.5,74.0,1.75,15.0,3.9,1856,457,0.0,0,53.45788043478261,63.0,9.0,0.0,29.41,41.773215,-87.60088,8,50667.41904301595,74.0,0.8762687288545191,9.0,86.0,61.5,0.0,1.75,18.177742870952148,0.1947994200096644,64.24045432576122,0,1,0,0,0,0,0
4138,50340,86.0,61.5,74.0,1.75,15.0,3.9,1856,457,0.0,0,53.45788043478261,63.0,9.0,0.0,29.41,41.773215,-87.60088,8,50667.33993718289,74.0,0.8760570186035275,9.0,86.0,61.5,0.0,1.75,18.17697511476202,0.19475235564145715,64.24015462672143,0,0,1,0,0,0,0
4139,50340,86.0,61.5,74.0,1.75,15.0,3.9,1856,457,0.0,0,53.45788043478261,63.0,9.0,0.0,29.41,41.773215,-87.60088,8,50667.260869565216,74.0,0.8758454106280193,9.0,86.0,61.5,0.0,1.75,18.1762077294686,0.1947053140096597,64.23985507246377,0,0,0,1,0,0,0
4140,50340,86.0,61.5,74.0,1.75,15.0,3.9,1856,457,0.0,0,53.45788043478261,63.0,9.0,0.0,29.41,41.822536,-87.66634300000004,8,50667.18184013524,74.0,0.8756339048539,9.0,86.0,61.5,0.0,1.75,18.175440714803187,0.19465829509780036,64.23955566288336,0,0,1,0,0,0,0
4141,50340,86.0,61.5,74.0,1.75,15.0,3.9,1856,457,0.0,0,53.45788043478261,63.0,9.0,0.0,29.41,41.822536,-87.66634300000004,8,50667.10284886528,74.0,0.8754225012071463,9.0,86.0,61.5,0.0,1.75,18.174674070497343,0.19461129888942327,64.23925639787542,0,0,0,1,0,0,0
4142,50340,86.0,61.5,74.0,1.75,15.0,3.9,1856,457,0.0,0,53.45788043478261,63.0,9.0,0.0,29.41,41.803423,-87.642984,8,50667.02389572773,74.0,0.8752111996138064,9.0,86.0,61.5,0.0,1.75,18.173907796282887,0.19456432536808865,64.23895727733526,0,0,1,0,0,0,0
4143,50340,86.0,61.5,74.0,1.75,15.0,3.9,1856,457,0.0,0,53.45788043478261,63.0,9.0,0.0,29.41,41.754292,-87.590773,8,50666.94498069498,74.0,0.875,9.0,86.0,61.5,0.0,1.75,18.17314189189189,0.1945173745173724,64.2386583011583,0,0,1,0,0,0,0
4144,50340,86.0,61.5,74.0,1.75,15.0,3.9,1856,457,0.0,0,53.45788043478261,63.0,9.0,0.0,29.41,41.723195,-87.64997,8,50666.866103739456,74.0,0.874788902291918,9.0,86.0,61.5,0.0,1.75,18.17237635705669,0.1944704463208664,64.23835946924005,0,0,1,0,0,0,0
4145,50340,86.0,61.5,74.0,1.75,15.0,3.9,1856,457,0.0,0,53.45788043478261,63.0,9.0,0.0,29.41,41.868077,-87.666901,8,50666.787264833576,74.0,0.8745779064158224,9.0,86.0,61.5,0.0,1.75,18.17161119150989,0.1944235407621783,64.23806078147612,0,1,0,0,0,0,0
4146,50340,86.0,61.5,74.0,1.75,15.0,3.9,1856,457,0.0,0,53.45788043478261,63.0,9.0,0.0,29.41,41.868077,-87.666901,8,50666.708463949835,74.0,0.8743670122980468,9.0,86.0,61.5,0.0,1.75,18.170846394984327,0.19437665782493155,64.23776223776224,0,0,1,0,0,0,0
4147,50340,86.0,61.5,74.0,1.75,15.0,3.9,1856,457,0.0,0,53.45788043478261,63.0,9.0,0.0,29.41,41.868077,-87.666901,8,50666.62970106075,74.0,0.8741562198649951,9.0,86.0,61.5,0.0,1.75,18.170081967213115,0.19432979749276547,64.23746383799421,0,0,0,1,0,0,0
4148,50340,86.0,61.5,74.0,1.75,15.0,3.9,1856,457,0.0,0,53.45788043478261,63.0,9.0,0.0,29.41,41.720848,-87.666014,8,50666.55097613883,74.0,0.8739455290431429,9.0,86.0,61.5,0.0,1.75,18.16931790792962,0.19428295974933507,64.23716558206797,0,1,0,0,0,0,0
4149,50340,86.0,61.5,74.0,1.75,15.0,3.9,1856,457,0.0,0,53.45788043478261,63.0,9.0,0.0,29.41,41.720848,-87.666014,8,50666.472289156634,74.0,0.8737349397590362,9.0,86.0,61.5,0.0,1.75,18.16855421686747,0.19423614457831112,64.2368674698795,0,0,1,0,0,0,0
4150,50340,86.0,61.5,74.0,1.75,15.0,3.9,1856,457,0.0,0,53.45788043478261,63.0,9.0,0.0,29.41,41.720848,-87.666014,8,50666.39364008672,74.0,0.8735244519392917,9.0,86.0,61.5,0.0,1.75,18.16779089376054,0.1941893519633802,64.23656950132498,0,0,0,1,0,0,0
4151,50340,86.0,61.5,74.0,1.75,15.0,3.9,1856,457,0.0,0,53.45788043478261,63.0,9.0,0.0,29.41,41.704336,-87.70373599999998,8,50666.315028901736,74.0,0.8733140655105973,9.0,86.0,61.5,0.0,1.75,18.16702793834297,0.1941425818882445,64.23627167630057,0,0,1,0,0,0,0
4152,50340,86.0,61.5,74.0,1.75,15.0,3.9,1856,457,0.0,0,53.45788043478261,63.0,9.0,0.0,29.41,41.750498,-87.605294,8,50666.236455574275,74.0,0.873103780399711,9.0,86.0,61.5,0.0,1.75,18.166265350349146,0.19409583433662198,64.23597399470262,0,1,0,0,0,0,0
4153,50340,86.0,61.5,74.0,1.75,15.0,3.9,1856,457,0.0,0,53.45788043478261,63.0,9.0,0.0,29.41,41.750498,-87.605294,8,50666.15792007704,74.0,0.8728935965334618,9.0,86.0,61.5,0.0,1.75,18.165503129513727,0.1940491092922463,64.23567645642754,0,0,1,0,0,0,0
4154,50340,86.0,61.5,74.0,1.75,15.0,3.9,1856,457,0.0,0,53.45788043478261,63.0,9.0,0.0,29.41,41.798697,-87.736812,8,50666.079422382674,74.0,0.8726835138387485,9.0,86.0,61.5,0.0,1.75,18.1647412755716,0.1940024067388667,64.23537906137184,0,1,0,0,0,0,0
4155,50340,86.0,61.5,74.0,1.75,15.0,3.9,1856,457,0.0,0,53.45788043478261,63.0,9.0,0.0,29.41,41.798697,-87.736812,8,50666.00096246391,74.0,0.8724735322425409,9.0,86.0,61.5,0.0,1.75,18.163979788257944,0.19395572666024813,64.23508180943215,0,0,1,0,0,0,0
4156,50340,86.0,61.5,74.0,1.75,15.0,3.9,1856,457,0.0,0,53.45788043478261,63.0,9.0,0.0,29.41,41.798697,-87.736812,8,50665.922540293475,74.0,0.8722636516718788,9.0,86.0,61.5,0.0,1.75,18.163218667308158,0.19390906904017108,64.23478470050517,0,0,0,1,0,0,0
4157,50340,86.0,61.5,74.0,1.75,15.0,3.9,1856,457,0.0,0,53.45788043478261,63.0,9.0,0.0,29.41,41.673408,-87.599862,8,50665.84415584416,74.0,0.8720538720538721,9.0,86.0,61.5,0.0,1.75,18.162457912457914,0.19386243386243174,64.23448773448773,0,1,0,0,0,0,0
4158,50340,86.0,61.5,74.0,1.75,15.0,3.9,1856,457,0.0,0,53.45788043478261,63.0,9.0,0.0,29.41,41.673408,-87.599862,8,50665.76580908872,74.0,0.8718441933157008,9.0,86.0,61.5,0.0,1.75,18.161697523443134,0.19381582111084186,64.23419091127676,0,0,1,0,0,0,0
4159,50340,86.0,61.5,74.0,1.75,15.0,3.9,1856,457,0.0,0,53.45788043478261,63.0,9.0,0.0,29.41,41.704572,-87.56566600000002,8,50665.6875,74.0,0.8716346153846154,9.0,86.0,61.5,0.0,1.75,18.1609375,0.19376923076922864,64.23389423076924,0,1,0,0,0,0,0
4160,50340,86.0,61.5,74.0,1.75,15.0,3.9,1856,457,0.0,0,53.45788043478261,63.0,9.0,0.0,29.41,41.704572,-87.56566600000002,8,50665.60922855083,74.0,0.8714251381879355,9.0,86.0,61.5,0.0,1.75,18.160177841864932,0.19372266282143505,64.23359769286229,0,0,1,0,0,0,0
4161,50340,86.0,61.5,74.0,1.75,15.0,3.9,1856,457,0.0,0,53.45788043478261,63.0,9.0,0.0,29.41,41.662014,-87.72460799999998,8,50665.530994714085,74.0,0.8712157616530514,9.0,86.0,61.5,0.0,1.75,18.159418548774628,0.19367611725131936,64.23330129745315,0,0,1,0,0,0,0
4162,50340,86.0,61.5,74.0,1.75,15.0,3.9,1856,457,0.0,0,53.45788043478261,63.0,9.0,0.0,29.41,41.662014,-87.72460799999998,8,50665.45279846265,74.0,0.8710064857074226,9.0,86.0,61.5,0.0,1.75,18.15865962046601,0.1936295940427555,64.23300504443911,0,0,0,1,0,0,0
4163,50340,86.0,61.5,74.0,1.75,15.0,3.9,1856,457,0.0,0,53.45788043478261,63.0,9.0,0.0,29.41,41.72646500000001,-87.585413,8,50665.374639769456,74.0,0.8707973102785783,9.0,86.0,61.5,0.0,1.75,18.157901056676273,0.19358309317963285,64.23270893371757,0,0,1,0,0,0,0
4164,50340,86.0,61.5,74.0,1.75,15.0,3.9,1856,457,0.0,0,53.45788043478261,63.0,9.0,0.0,29.41,41.72646500000001,-87.585413,8,50665.29651860744,74.0,0.8705882352941177,9.0,86.0,61.5,0.0,1.75,18.15714285714286,0.19353661464585625,64.23241296518607,0,0,0,1,0,0,0
4165,50340,86.0,61.5,74.0,1.75,15.0,3.9,1856,457,0.0,0,53.45788043478261,63.0,9.0,0.0,29.41,41.94016,-87.794896,8,50665.2184349496,74.0,0.8703792606817091,9.0,86.0,61.5,0.0,1.75,18.15638502160345,0.19349015842534595,64.2321171387422,0,0,1,0,0,0,0
4166,50340,86.0,61.5,74.0,1.75,15.0,3.9,1856,457,0.0,0,53.45788043478261,63.0,9.0,0.0,29.41,41.94016,-87.794896,8,50665.140388768894,74.0,0.8701703863690905,9.0,86.0,61.5,0.0,1.75,18.155627549796016,0.19344372450203773,64.23182145428366,0,0,0,1,0,0,0
4167,50340,86.0,61.5,74.0,1.75,15.0,3.9,1856,457,0.0,0,53.45788043478261,63.0,9.0,0.0,29.41,41.932094,-87.700117,8,50665.06238003839,74.0,0.8699616122840691,9.0,86.0,61.5,0.0,1.75,18.154870441458737,0.1933973128598827,64.23152591170826,0,0,1,0,0,0,0
4168,50340,86.0,61.5,74.0,1.75,15.0,3.9,1856,457,0.0,0,53.45788043478261,63.0,9.0,0.0,29.41,41.932094,-87.700117,8,50664.98440873112,74.0,0.8697529383545215,9.0,86.0,61.5,0.0,1.75,18.15411369633005,0.1933509234828475,64.23123051091389,0,0,0,1,0,0,0
4169,50340,86.0,61.5,74.0,1.75,15.0,3.9,1856,457,0.0,0,53.45788043478261,63.0,9.0,0.0,29.41,42.01743,-87.68776899999996,8,50664.906474820134,74.0,0.8695443645083932,9.0,86.0,61.5,0.0,1.75,18.15335731414868,0.19330455635491395,64.23093525179857,0,0,1,0,0,0,0
4170,50340,86.0,61.5,74.0,1.75,15.0,3.9,1856,457,0.0,0,53.45788043478261,63.0,9.0,0.0,29.41,42.01743,-87.68776899999996,8,50664.82857827858,74.0,0.8693358906736993,9.0,86.0,61.5,0.0,1.75,18.152601294653557,0.1932582114600794,64.23064013426037,0,0,0,1,0,0,0
4171,50340,86.0,61.5,74.0,1.75,15.0,3.9,1856,457,0.0,0,53.45788043478261,63.0,9.0,0.0,29.41,41.916265,-87.800515,8,50664.75071907958,74.0,0.8691275167785235,9.0,86.0,61.5,0.0,1.75,18.15184563758389,0.19321188878235648,64.23034515819751,0,0,0,1,0,0,0
4172,50340,86.0,61.5,74.0,1.75,15.0,3.9,1856,457,0.0,0,53.45788043478261,63.0,9.0,0.0,29.41,41.846075,-87.716277,8,50664.67289719626,74.0,0.8689192427510185,9.0,86.0,61.5,0.0,1.75,18.15109034267913,0.1931655883057731,64.23005032350827,0,0,1,0,0,0,0
4173,50340,86.0,61.5,74.0,1.75,15.0,3.9,1856,457,0.0,0,53.45788043478261,63.0,9.0,0.0,29.41,41.846075,-87.716277,8,50664.59511260182,74.0,0.8687110685194058,9.0,86.0,61.5,0.0,1.75,18.15033540967897,0.19311931001437255,64.22975563009103,0,0,0,1,0,0,0
4174,50340,86.0,61.5,74.0,1.75,15.0,3.9,1856,457,0.0,0,53.45788043478261,63.0,9.0,0.0,29.41,41.682587,-87.707973,8,50664.517365269465,74.0,0.8685029940119761,9.0,86.0,61.5,0.0,1.75,18.149580838323352,0.19307305389221344,64.22946107784429,0,1,0,0,0,0,0
4175,50340,86.0,61.5,74.0,1.75,15.0,3.9,1856,457,0.0,0,53.45788043478261,63.0,9.0,0.0,29.41,41.682587,-87.707973,8,50664.43965517241,74.0,0.8682950191570882,9.0,86.0,61.5,0.0,1.75,18.148826628352488,0.19302681992336956,64.22916666666667,0,0,1,0,0,0,0
4176,50340,86.0,61.5,74.0,1.75,15.0,3.9,1856,457,0.0,0,53.45788043478261,63.0,9.0,0.0,29.41,41.682587,-87.707973,8,50664.36198228394,74.0,0.8680871438831698,9.0,86.0,61.5,0.0,1.75,18.148072779506823,0.1929806080919299,64.2288723964568,0,0,0,1,0,0,0
4177,50340,86.0,61.5,74.0,1.75,15.0,3.9,1856,457,0.0,0,53.45788043478261,63.0,9.0,0.0,29.41,41.903002,-87.68826700000002,8,50664.28434657731,74.0,0.8678793681187171,9.0,86.0,61.5,0.0,1.75,18.147319291527047,0.19293441838199885,64.22857826711346,0,0,1,0,0,0,0
4178,50340,86.0,61.5,74.0,1.75,15.0,3.9,1856,457,0.0,0,53.45788043478261,63.0,9.0,0.0,29.41,41.903002,-87.68826700000002,8,50664.20674802584,74.0,0.8676716917922948,9.0,86.0,61.5,0.0,1.75,18.146566164154105,0.1928882507776959,64.22828427853554,0,0,0,1,0,0,0
4179,50340,86.0,61.5,74.0,1.75,15.0,3.9,1856,457,0.0,0,53.45788043478261,63.0,9.0,0.0,29.41,41.678618,-87.559308,8,50664.12918660287,74.0,0.8674641148325359,9.0,86.0,61.5,0.0,1.75,18.14581339712918,0.1928421052631558,64.227990430622,0,1,0,0,0,0,0
4180,50340,86.0,61.5,74.0,1.75,15.0,3.9,1856,457,0.0,0,53.45788043478261,63.0,9.0,0.0,29.41,41.678618,-87.559308,8,50664.051662281745,74.0,0.8672566371681416,9.0,86.0,61.5,0.0,1.75,18.145060990193734,0.1927959818225284,64.22769672327195,0,0,1,0,0,0,0
4181,50340,86.0,61.5,74.0,1.75,15.0,3.9,1856,457,0.0,0,53.45788043478261,63.0,9.0,0.0,29.41,41.740641,-87.546587,8,50663.97417503586,74.0,0.8670492587278814,9.0,86.0,61.5,0.0,1.75,18.14430894308943,0.1927498804399788,64.22740315638451,0,0,1,0,0,0,0
4182,50340,86.0,61.5,74.0,1.75,15.0,3.9,1856,457,0.0,0,53.45788043478261,63.0,9.0,0.0,29.41,41.740641,-87.546587,8,50663.89672483863,74.0,0.8668419794405928,9.0,86.0,61.5,0.0,1.75,18.14355725555821,0.1927038010996871,64.22710972985895,0,0,0,1,0,0,0
4183,50340,86.0,61.5,74.0,1.75,15.0,3.9,1856,457,0.0,0,53.45788043478261,63.0,9.0,0.0,29.41,41.680946,-87.535198,8,50663.81931166348,74.0,0.8666347992351816,9.0,86.0,61.5,0.0,1.75,18.142805927342252,0.19265774378584874,64.22681644359464,0,0,1,0,0,0,0
4184,50340,86.0,61.5,74.0,1.75,15.0,3.9,1856,457,0.0,0,53.45788043478261,63.0,9.0,0.0,29.41,41.948167,-87.730698,8,50663.741935483864,74.0,0.8664277180406212,9.0,86.0,61.5,0.0,1.75,18.142054958183987,0.1926117084826741,64.22652329749104,0,0,1,0,0,0,0
4185,50340,86.0,61.5,74.0,1.75,15.0,3.9,1856,457,0.0,0,53.45788043478261,63.0,9.0,0.0,29.41,41.948167,-87.730698,8,50663.6645962733,74.0,0.8662207357859532,9.0,86.0,61.5,0.0,1.75,18.141304347826086,0.1925656951743887,64.22623029144768,0,0,0,1,0,0,0
4186,50340,86.0,61.5,74.0,1.75,15.0,3.9,1856,457,0.0,0,53.45788043478261,63.0,9.0,0.0,29.41,41.963976,-87.69181,8,50663.587294005265,74.0,0.8660138524002866,9.0,86.0,61.5,0.0,1.75,18.140554096011464,0.19251970384523315,64.22593742536422,0,0,1,0,0,0,0
4187,50340,86.0,61.5,74.0,1.75,15.0,3.9,1856,457,0.0,0,53.45788043478261,63.0,9.0,0.0,29.41,41.659112,-87.53869300000002,8,50663.5100286533,74.0,0.8658070678127985,9.0,86.0,61.5,0.0,1.75,18.13980420248329,0.19247373447946306,64.22564469914039,0,0,1,0,0,0,0
4188,50340,86.0,61.5,74.0,1.75,15.0,3.9,1856,457,0.0,0,53.45788043478261,63.0,9.0,0.0,29.41,41.973845,-87.805059,8,50663.432800190974,74.0,0.8656003819527334,9.0,86.0,61.5,0.0,1.75,18.13905466698496,0.19242778706134905,64.22535211267606,0,0,1,0,0,0,0
4189,50340,86.0,61.5,74.0,1.75,15.0,3.9,1856,457,0.0,0,53.45788043478261,63.0,9.0,0.0,29.41,41.973845,-87.805059,8,50663.35560859188,74.0,0.8653937947494034,9.0,86.0,61.5,0.0,1.75,18.138305489260144,0.1923818615751769,64.22505966587113,0,0,0,1,0,0,0
4190,50340,86.0,61.5,74.0,1.75,15.0,3.9,1856,457,0.0,0,53.45788043478261,63.0,9.0,0.0,29.41,41.743402,-87.731435,8,50663.278453829626,74.0,0.865187306132188,9.0,86.0,61.5,0.0,1.75,18.137556669052728,0.19233595800524725,64.22476735862563,0,0,1,0,0,0,0
4191,50340,86.0,61.5,74.0,1.75,15.0,3.9,1856,457,0.0,0,53.45788043478261,63.0,9.0,0.0,29.41,41.743402,-87.731435,8,50663.20133587785,74.0,0.8649809160305344,9.0,86.0,61.5,0.0,1.75,18.13680820610687,0.19229007633587572,64.2244751908397,0,0,0,1,0,0,0
4192,50340,86.0,61.5,74.0,1.75,15.0,3.9,1856,457,0.0,0,53.45788043478261,63.0,9.0,0.0,29.41,41.904194,-87.756155,8,50663.12425471024,74.0,0.8647746243739566,9.0,86.0,61.5,0.0,1.75,18.136060100166944,0.19224421655139307,64.22418316241355,0,0,1,0,0,0,0
4193,50340,86.0,61.5,74.0,1.75,15.0,3.9,1856,457,0.0,0,53.45788043478261,63.0,9.0,0.0,29.41,41.904194,-87.756155,8,50663.04721030043,74.0,0.8645684310920363,9.0,86.0,61.5,0.0,1.75,18.135312350977586,0.1921983786361448,64.2238912732475,0,0,0,1,0,0,0
4194,50340,86.0,61.5,74.0,1.75,15.0,3.9,1856,457,0.0,0,53.45788043478261,63.0,9.0,0.0,29.41,41.974689,-87.890615,8,50662.97020262217,74.0,0.8643623361144219,9.0,86.0,61.5,0.0,1.75,18.134564958283672,0.19215256257449131,64.22359952324196,0,1,0,0,0,0,0
4195,50340,86.0,61.5,74.0,1.75,15.0,3.9,1856,457,0.0,0,53.45788043478261,63.0,9.0,0.0,29.41,41.974689,-87.890615,8,50662.89323164919,74.0,0.8641563393708294,9.0,86.0,61.5,0.0,1.75,18.133817921830314,0.1921067683508082,64.22330791229743,0,0,1,0,0,0,0
4196,50340,86.0,61.5,74.0,1.75,15.0,3.9,1856,457,0.0,0,53.45788043478261,63.0,9.0,0.0,29.41,41.974689,-87.890615,8,50662.81629735525,74.0,0.8639504407910412,9.0,86.0,61.5,0.0,1.75,18.13307124136288,0.1920609959494856,64.22301644031451,0,0,0,1,0,0,0
4197,50340,86.0,61.5,74.0,1.75,15.0,3.9,1856,457,0.0,0,53.45788043478261,63.0,9.0,0.0,29.41,41.974689,-87.890615,8,50662.73939971415,74.0,0.8637446403049069,9.0,86.0,61.5,0.0,1.75,18.132324916626967,0.1920152453549288,64.2227251071939,0,0,0,0,1,0,0
4198,50340,86.0,61.5,74.0,1.75,15.0,3.9,1856,457,0.0,0,53.45788043478261,63.0,9.0,0.0,29.41,41.957799,-87.930995,8,50662.66253869969,74.0,0.8635389378423434,9.0,86.0,61.5,0.0,1.75,18.13157894736842,0.1919695165515578,64.2224339128364,0,1,0,0,0,0,0
4199,50340,86.0,61.5,74.0,1.75,15.0,3.9,1856,457,0.0,0,53.45788043478261,63.0,9.0,0.0,29.41,41.957799,-87.930995,8,50662.58571428571,74.0,0.8633333333333333,9.0,86.0,61.5,0.0,1.75,18.130833333333328,0.1919238095238074,64.22214285714286,0,0,1,0,0,0,0
4200,48540,82.5,60.0,71.5,8.7,21.0,8.899999999999997,1839,510,0.0,1,53.45788043478261,65.0,6.5,0.0,29.36,41.95469,-87.800991,8,50662.08045703403,74.0,0.8631278267079266,9.0,86.0,61.5,0.0,1.75,18.131516305641515,0.19187812425612735,64.22232801713878,0,0,1,0,0,0,0
4201,48540,82.5,60.0,71.5,8.7,21.0,8.899999999999997,1839,510,0.0,1,53.45788043478261,65.0,6.5,0.0,29.36,41.95469,-87.800991,8,50661.57544026653,74.0,0.8629224178962399,9.0,86.0,61.5,0.0,1.75,18.13219895287958,0.19183246073298216,64.22251308900522,0,0,0,1,0,0,0
4202,48540,82.5,60.0,71.5,8.7,21.0,8.899999999999997,1839,510,0.0,1,53.45788043478261,65.0,6.5,0.0,29.36,41.98196400000001,-87.812827,8,50661.07066381157,74.0,0.8627171068284558,9.0,86.0,61.5,0.0,1.75,18.13288127527956,0.1917868189388511,64.22269807280514,0,1,0,0,0,0,0
4203,48540,82.5,60.0,71.5,8.7,21.0,8.899999999999997,1839,510,0.0,1,53.45788043478261,65.0,6.5,0.0,29.36,41.99247800000001,-87.862995,8,50660.566127497616,74.0,0.8625118934348239,9.0,86.0,61.5,0.0,1.75,18.133563273073264,0.19174119885822816,64.22288296860133,0,1,0,0,0,0,0
4204,48540,82.5,60.0,71.5,8.7,21.0,8.899999999999997,1839,510,0.0,1,53.45788043478261,65.0,6.5,0.0,29.36,41.98196400000001,-87.812827,8,50660.06183115339,74.0,0.8623067776456599,9.0,86.0,61.5,0.0,1.75,18.13424494649227,0.19169560047562212,64.2230677764566,0,0,1,0,0,0,0
4205,48540,82.5,60.0,71.5,8.7,21.0,8.899999999999997,1839,510,0.0,1,53.45788043478261,65.0,6.5,0.0,29.36,41.99247800000001,-87.862995,8,50659.557774607696,74.0,0.8621017593913457,9.0,86.0,61.5,0.0,1.75,18.134926295767947,0.19165002377555665,64.22325249643367,0,0,1,0,0,0,0
4206,48540,82.5,60.0,71.5,8.7,21.0,8.899999999999997,1839,510,0.0,1,53.45788043478261,65.0,6.5,0.0,29.36,41.98196400000001,-87.812827,8,50659.05395768957,74.0,0.8618968386023295,9.0,86.0,61.5,0.0,1.75,18.13560732113145,0.1916044687425698,64.2234371285952,0,0,0,1,0,0,0
4207,48540,82.5,60.0,71.5,8.7,21.0,8.899999999999997,1839,510,0.0,1,53.45788043478261,65.0,6.5,0.0,29.36,41.99247800000001,-87.862995,8,50658.55038022814,71.5,0.8616920152091255,6.5,82.5,61.5,1.0,1.75,18.136288022813687,0.19155893536121466,64.22362167300379,0,0,0,1,0,0,0
4208,48540,82.5,60.0,71.5,8.7,21.0,8.899999999999997,1839,510,0.0,1,53.45788043478261,65.0,6.5,0.0,29.36,41.944869,-87.832763,8,50658.047042052734,71.5,0.8614872891423141,6.5,82.5,61.5,1.0,1.75,18.13696840104538,0.19151342361605872,64.22380612972202,0,1,0,0,0,0,0
4209,48540,82.5,60.0,71.5,8.7,21.0,8.899999999999997,1839,510,0.0,1,53.45788043478261,65.0,6.5,0.0,29.36,41.944869,-87.832763,8,50657.54394299288,71.5,0.8612826603325415,6.5,82.5,61.5,1.0,1.75,18.137648456057008,0.1914679334916844,64.22399049881236,0,0,1,0,0,0,0
4210,48540,82.5,60.0,71.5,8.7,21.0,8.899999999999997,1839,510,0.0,1,53.45788043478261,65.0,6.5,0.0,29.36,41.944869,-87.832763,8,50657.041082878175,71.5,0.8610781287105199,6.5,82.5,60.0,1.0,1.75,18.13832818807884,0.19142246497268847,64.22417478033721,0,0,0,1,0,0,0
4211,48540,82.5,60.0,71.5,8.7,21.0,8.899999999999997,1839,510,0.0,1,53.45788043478261,65.0,6.5,0.0,29.36,41.923738,-87.785288,8,50656.53846153847,71.5,0.8608736942070275,6.5,82.5,60.0,1.0,1.75,18.139007597340928,0.19137701804368265,64.22435897435898,0,0,1,0,0,0,0
4212,48540,82.5,60.0,71.5,8.7,21.0,8.899999999999997,1839,510,0.0,1,53.45788043478261,65.0,6.5,0.0,29.36,42.011601,-87.81150600000002,8,50656.0360788037,71.5,0.8606693567529077,6.5,82.5,60.0,1.0,1.75,18.13968668407311,0.19133159268929292,64.22454308093995,0,0,1,0,0,0,0
4213,48540,82.5,60.0,71.5,8.7,21.0,8.899999999999997,1839,510,0.0,1,53.45788043478261,65.0,6.5,0.0,29.36,41.986921,-87.689778,8,50655.533934504034,71.5,0.8604651162790697,6.5,82.5,60.0,1.0,1.75,18.140365448504983,0.1912861888941602,64.22472710014239,0,0,1,0,0,0,0
4214,48540,82.5,60.0,71.5,8.7,21.0,8.899999999999997,1839,510,0.0,1,53.45788043478261,65.0,6.5,0.0,29.36,41.986921,-87.689778,8,50655.032028469745,71.5,0.8602609727164887,6.5,82.5,60.0,1.0,1.75,18.14104389086595,0.19124080664293974,64.22491103202846,0,0,0,1,0,0,0
4215,48540,82.5,60.0,71.5,8.7,21.0,8.899999999999997,1839,510,0.0,1,53.45788043478261,65.0,6.5,0.0,29.36,41.801498,-87.763416,8,50654.53036053131,71.5,0.8600569259962049,6.5,82.5,60.0,1.0,1.75,18.141722011385202,0.19119544592030152,64.22509487666035,0,0,1,0,0,0,0
4216,48540,82.5,60.0,71.5,8.7,21.0,8.899999999999997,1839,510,0.0,1,53.45788043478261,65.0,6.5,0.0,29.36,41.906638,-87.701431,8,50654.02893051934,71.5,0.8598529760493242,6.5,82.5,60.0,1.0,1.75,18.142399810291675,0.19115010671092986,64.22527863410006,0,0,1,0,0,0,0
4217,48540,82.5,60.0,71.5,8.7,21.0,8.899999999999997,1839,510,0.0,1,53.45788043478261,65.0,6.5,0.0,29.36,41.857402,-87.694991,8,50653.52773826458,71.5,0.8596491228070176,6.5,82.5,60.0,1.0,1.75,18.14307728781413,0.1911047889995237,64.22546230440967,0,0,1,0,0,0,0
4218,48540,82.5,60.0,71.5,8.7,21.0,8.899999999999997,1839,510,0.0,1,53.45788043478261,65.0,6.5,0.0,29.36,41.857402,-87.694991,8,50653.026783598005,71.5,0.8594453662005215,6.5,82.5,60.0,1.0,1.75,18.143754444181088,0.19105949277079667,64.2256458876511,0,0,0,1,0,0,0
4219,48540,82.5,60.0,71.5,8.7,21.0,8.899999999999997,1839,510,0.0,1,53.45788043478261,65.0,6.5,0.0,29.36,41.891118,-87.65449100000002,8,50652.52606635072,71.5,0.8592417061611375,6.5,82.5,60.0,1.0,1.75,18.144431279620854,0.19101421800947654,64.22582938388625,0,0,1,0,0,0,0
4220,48540,82.5,60.0,71.5,8.7,21.0,8.899999999999997,1839,510,0.0,1,53.45788043478261,65.0,6.5,0.0,29.36,41.891118,-87.65449100000002,8,50652.025586353935,71.5,0.8590381426202321,6.5,82.5,60.0,1.0,1.75,18.145107794361525,0.1909689647003059,64.22601279317698,0,0,0,0,0,0,1
4221,48540,82.5,60.0,71.5,8.7,21.0,8.899999999999997,1839,510,0.0,1,53.45788043478261,65.0,6.5,0.0,29.36,41.867108,-87.654224,8,50651.525343439134,71.5,0.8588346755092373,6.5,82.5,60.0,1.0,1.75,18.14578398863098,0.19092373282804148,64.22619611558503,0,1,0,0,0,0,0
4222,48540,82.5,60.0,71.5,8.7,21.0,8.899999999999997,1839,510,0.0,1,53.45788043478261,65.0,6.5,0.0,29.36,41.867108,-87.654224,8,50651.025337437844,71.5,0.8586313047596495,6.5,82.5,60.0,1.0,1.75,18.14645986265688,0.1908785223774547,64.22637935117216,0,0,1,0,0,0,0
4223,48540,82.5,60.0,71.5,8.7,21.0,8.899999999999997,1839,510,0.0,1,53.45788043478261,65.0,6.5,0.0,29.36,41.867108,-87.654224,8,50650.525568181816,71.5,0.8584280303030303,6.5,82.5,60.0,1.0,1.75,18.147135416666668,0.19083333333333125,64.2265625,0,0,0,1,0,0,0
4224,48540,82.5,60.0,71.5,8.7,21.0,8.899999999999997,1839,510,0.0,1,53.45788043478261,65.0,6.5,0.0,29.36,41.921965,-87.632085,8,50650.02603550296,71.5,0.858224852071006,6.5,82.5,60.0,1.0,1.75,18.147810650887575,0.19078816568047127,64.22674556213019,0,0,1,0,0,0,0
4225,48540,82.5,60.0,71.5,8.7,21.0,8.899999999999997,1839,510,0.0,1,53.45788043478261,65.0,6.5,0.0,29.36,41.801179,-87.679447,8,50649.52673923332,71.5,0.8580217699952674,6.5,82.5,60.0,1.0,1.75,18.14848556554661,0.19074301940368932,64.22692853762423,0,0,1,0,0,0,0
4226,48540,82.5,60.0,71.5,8.7,21.0,8.899999999999997,1839,510,0.0,1,53.45788043478261,65.0,6.5,0.0,29.36,41.82561,-87.726549,8,50649.027679205115,71.5,0.8578187840075704,6.5,82.5,60.0,1.0,1.75,18.149160160870593,0.19069789448781432,64.22711142654363,0,1,0,0,0,0,0
4227,48540,82.5,60.0,71.5,8.7,21.0,8.899999999999997,1839,510,0.0,1,53.45788043478261,65.0,6.5,0.0,29.36,41.77166,-87.703047,8,50648.52885525071,71.5,0.8576158940397351,6.5,82.5,60.0,1.0,1.75,18.149834437086085,0.1906527909176895,64.22729422894986,0,0,1,0,0,0,0
4228,48540,82.5,60.0,71.5,8.7,21.0,8.899999999999997,1839,510,0.0,1,53.45788043478261,65.0,6.5,0.0,29.36,41.768388,-87.678649,8,50648.030267202645,71.5,0.8574131000236462,6.5,82.5,60.0,1.0,8.7,18.15050839441949,0.1906077086781724,64.22747694490424,0,0,1,0,0,0,0
4229,48540,82.5,60.0,71.5,8.7,21.0,8.899999999999997,1839,510,0.0,1,53.45788043478261,65.0,6.5,0.0,29.36,41.754676,-87.612922,8,50647.531914893625,71.5,0.857210401891253,6.5,82.5,60.0,1.0,8.7,18.151182033096926,0.19056264775413506,64.22765957446809,0,0,1,0,0,0,0
4230,48540,82.5,60.0,71.5,8.7,21.0,8.899999999999997,1839,510,0.0,1,53.45788043478261,65.0,6.5,0.0,29.36,41.723195,-87.64997,8,50647.03379815647,71.5,0.8570077995745686,6.5,82.5,60.0,1.0,8.7,18.151855353344363,0.19051760813046356,64.22784211770265,0,0,1,0,0,0,0
4231,48540,82.5,60.0,71.5,8.7,21.0,8.899999999999997,1839,510,0.0,1,53.45788043478261,65.0,6.5,0.0,29.36,41.868077,-87.666901,8,50646.5359168242,71.5,0.8568052930056711,6.5,82.5,60.0,1.0,8.7,18.152528355387524,0.1904725897920584,64.22802457466919,0,0,1,0,0,0,0
4232,48540,82.5,60.0,71.5,8.7,21.0,8.899999999999997,1839,510,0.0,1,53.45788043478261,65.0,6.5,0.0,29.36,41.720848,-87.666014,8,50646.03827072998,71.5,0.8566028821167021,6.5,82.5,60.0,1.0,8.7,18.153201039451925,0.19042759272383444,64.22820694542878,0,0,1,0,0,0,0
4233,48540,82.5,60.0,71.5,8.7,21.0,8.899999999999997,1839,510,0.0,1,53.45788043478261,65.0,6.5,0.0,29.36,41.720848,-87.666014,8,50645.54085970713,71.5,0.8564005668398678,6.5,82.5,60.0,1.0,8.7,18.153873405762877,0.19038261691072064,64.22838923004251,0,0,0,1,0,0,0
4234,48540,82.5,60.0,71.5,8.7,21.0,8.899999999999997,1839,510,0.0,1,53.45788043478261,65.0,6.5,0.0,29.36,41.750498,-87.605294,8,50645.04368358914,71.5,0.856198347107438,6.5,82.5,60.0,1.0,8.7,18.154545454545453,0.19033766233766025,64.22857142857143,0,0,1,0,0,0,0
4235,48540,82.5,60.0,71.5,8.7,21.0,8.899999999999997,1839,510,0.0,1,53.45788043478261,65.0,6.5,0.0,29.36,41.798697,-87.736812,8,50644.546742209626,71.5,0.8559962228517469,6.5,82.5,60.0,1.0,8.7,18.15521718602455,0.19029272898961075,64.22875354107649,0,0,1,0,0,0,0
4236,48540,82.5,60.0,71.5,8.7,21.0,8.899999999999997,1839,510,0.0,1,53.45788043478261,65.0,6.5,0.0,29.36,41.673408,-87.599862,8,50644.050035402404,71.5,0.8557941940051923,6.5,82.5,60.0,1.0,8.7,18.155888600424827,0.19024781685154385,64.22893556761859,0,0,0,1,0,0,0
4237,48540,82.5,60.0,71.5,8.7,21.0,8.899999999999997,1839,510,0.0,1,53.45788043478261,65.0,6.5,0.0,29.36,41.704572,-87.56566600000002,8,50643.55356300141,71.5,0.855592260500236,6.5,82.5,60.0,1.0,8.7,18.156559697970746,0.1902029259084453,64.22911750825861,0,0,1,0,0,0,0
4238,48540,82.5,60.0,71.5,8.7,21.0,8.899999999999997,1839,510,0.0,1,53.45788043478261,65.0,6.5,0.0,29.36,41.94016,-87.794896,8,50643.057324840775,71.5,0.8553904222694032,6.5,82.5,60.0,1.0,8.7,18.15723047888653,0.1901580561453152,64.22929936305732,0,1,0,0,0,0,0
4239,48540,82.5,60.0,71.5,8.7,21.0,8.899999999999997,1839,510,0.0,1,53.45788043478261,65.0,6.5,0.0,29.36,41.94016,-87.794896,8,50642.561320754714,71.5,0.855188679245283,6.5,82.5,60.0,1.0,8.7,18.15790094339623,0.19011320754716773,64.22948113207548,0,0,1,0,0,0,0
4240,48540,82.5,60.0,71.5,8.7,21.0,8.899999999999997,1839,510,0.0,1,53.45788043478261,65.0,6.5,0.0,29.36,41.94016,-87.794896,8,50642.065550577696,71.5,0.8549870313605282,6.5,82.5,60.0,1.0,8.7,18.15857109172365,0.19006838009903115,64.22966281537373,0,0,0,1,0,0,0
4241,48540,82.5,60.0,71.5,8.7,21.0,8.899999999999997,1839,510,0.0,1,53.45788043478261,65.0,6.5,0.0,29.36,42.01743,-87.68776899999996,8,50641.570014144265,71.5,0.8547854785478548,6.5,82.5,60.0,1.0,8.7,18.15924092409241,0.19002357378594795,64.22984441301273,0,0,0,1,0,0,0
4242,48540,82.5,60.0,71.5,8.7,21.0,8.899999999999997,1839,510,0.0,1,53.45788043478261,65.0,6.5,0.0,29.36,41.776156,-87.778927,8,50641.07471128918,71.5,0.8545840207400425,6.5,82.5,60.0,1.0,8.7,18.159910440725906,0.1899787885929746,64.23002592505303,0,0,1,0,0,0,0
4243,48540,82.5,60.0,71.5,8.7,21.0,8.899999999999997,1839,510,0.0,1,53.45788043478261,65.0,6.5,0.0,29.36,41.903002,-87.68826700000002,8,50640.57964184731,71.5,0.8543826578699341,6.5,82.5,60.0,1.0,8.7,18.160579641847317,0.1899340245051817,64.23020735155514,0,0,1,0,0,0,0
4244,48540,82.5,60.0,71.5,8.7,21.0,8.899999999999997,1839,510,0.0,1,53.45788043478261,65.0,6.5,0.0,29.36,41.678618,-87.559308,8,50640.084805653714,71.5,0.8541813898704358,6.5,82.5,60.0,1.0,8.7,18.16124852767962,0.189889281507654,64.23038869257951,0,1,0,0,0,0,0
4245,48540,82.5,60.0,71.5,8.7,21.0,8.899999999999997,1839,510,0.0,1,53.45788043478261,65.0,6.5,0.0,29.36,41.678618,-87.559308,8,50639.590202543564,71.5,0.8539802166745172,6.5,82.5,60.0,1.0,8.7,18.161917098445603,0.18984455958549012,64.23056994818653,0,0,1,0,0,0,0
4246,48540,82.5,60.0,71.5,8.7,21.0,8.899999999999997,1839,510,0.0,1,53.45788043478261,65.0,6.5,0.0,29.36,41.678618,-87.559308,8,50639.09583235224,71.5,0.8537791382152108,6.5,82.5,60.0,1.0,8.7,18.162585354367792,0.18979985872380292,64.23075111843654,0,0,0,0,0,1,0
4247,48540,82.5,60.0,71.5,8.7,21.0,8.899999999999997,1839,510,0.0,1,53.45788043478261,65.0,6.5,0.0,29.36,41.680946,-87.535198,8,50638.60169491525,71.5,0.8535781544256121,6.5,82.5,60.0,1.0,8.7,18.16325329566855,0.1897551789077192,64.23093220338983,0,0,1,0,0,0,0
4248,48540,82.5,60.0,71.5,8.7,21.0,8.899999999999997,1839,510,0.0,1,53.45788043478261,65.0,6.5,0.0,29.36,41.948167,-87.730698,8,50638.10779006825,71.5,0.8533772652388797,6.5,82.5,60.0,1.0,8.7,18.163920922570018,0.18971052012237968,64.23111320310662,0,0,1,0,0,0,0
4249,48540,82.5,60.0,71.5,8.7,21.0,8.899999999999997,1839,510,0.0,1,53.45788043478261,65.0,6.5,0.0,29.36,41.963976,-87.69181,8,50637.61411764706,71.5,0.8531764705882353,6.5,82.5,60.0,1.0,8.7,18.16458823529412,0.1896658823529391,64.23129411764705,0,1,0,0,0,0,0
4250,48540,82.5,60.0,71.5,8.7,21.0,8.899999999999997,1839,510,0.0,1,53.45788043478261,65.0,6.5,0.0,29.36,41.963976,-87.69181,8,50637.12067748765,71.5,0.852975770406963,6.5,82.5,60.0,1.0,8.7,18.165255234062574,0.18962126558456627,64.23147494707129,0,0,1,0,0,0,0
4251,48540,82.5,60.0,71.5,8.7,21.0,8.899999999999997,1839,510,0.0,1,53.45788043478261,65.0,6.5,0.0,29.36,41.659112,-87.53869300000002,8,50636.62746942615,71.5,0.8527751646284102,6.5,82.5,60.0,1.0,8.7,18.16592191909689,0.18957666980244384,64.23165569143933,0,1,0,0,0,0,0
4252,48540,82.5,60.0,71.5,8.7,21.0,8.899999999999997,1839,510,0.0,1,53.45788043478261,65.0,6.5,0.0,29.36,41.659112,-87.53869300000002,8,50636.13449329885,71.5,0.8525746531859864,6.5,82.5,60.0,1.0,8.7,18.166588290618385,0.18953209499176846,64.23183635081121,0,0,1,0,0,0,0
4253,48540,82.5,60.0,71.5,8.7,21.0,8.899999999999997,1839,510,0.0,1,53.45788043478261,65.0,6.5,0.0,29.36,41.973845,-87.805059,8,50635.641748942166,71.5,0.8523742360131641,6.5,82.5,60.0,1.0,8.7,18.167254348848147,0.18948754113775065,64.23201692524682,0,1,0,0,0,0,0
4254,48540,82.5,60.0,71.5,8.7,21.0,8.899999999999997,1839,510,0.0,1,53.45788043478261,65.0,6.5,0.0,29.36,41.973845,-87.805059,8,50635.14923619272,71.5,0.8521739130434782,6.5,82.5,60.0,1.0,8.7,18.16792009400705,0.18944300822561488,64.23219741480611,0,0,1,0,0,0,0
4255,48540,82.5,60.0,71.5,8.7,21.0,8.899999999999997,1839,510,0.0,1,53.45788043478261,65.0,6.5,0.0,29.36,41.973845,-87.805059,8,50634.656954887214,71.5,0.8519736842105263,6.5,82.5,60.0,1.0,8.7,18.168585526315788,0.18939849624059946,64.23237781954886,0,0,0,1,0,0,0
4256,48540,82.5,60.0,71.5,8.7,21.0,8.899999999999997,1839,510,0.0,1,53.45788043478261,65.0,6.5,0.0,29.36,41.94722700000001,-87.67145699999998,8,50634.16490486258,71.5,0.851773549447968,6.5,82.5,60.0,1.0,8.7,18.169250645994836,0.18935400516795656,64.23255813953489,0,0,1,0,0,0,0
4257,48540,82.5,60.0,71.5,8.7,21.0,8.899999999999997,1839,510,0.0,1,53.45788043478261,65.0,6.5,0.0,29.36,41.743402,-87.731435,8,50633.67308595585,71.5,0.8515735086895256,6.5,82.5,60.0,1.0,8.7,18.169915453264448,0.1893095349929524,64.23273837482387,0,1,0,0,0,0,0
4258,48540,82.5,60.0,71.5,8.7,21.0,8.899999999999997,1839,510,0.0,1,53.45788043478261,65.0,6.5,0.0,29.36,41.743402,-87.731435,8,50633.181498004225,71.5,0.8513735618689833,6.5,82.5,60.0,1.0,8.7,18.170579948344677,0.18926508570086667,64.23291852547547,0,0,1,0,0,0,0
4259,48540,82.5,60.0,71.5,8.7,21.0,8.899999999999997,1839,510,0.0,1,53.45788043478261,65.0,6.5,0.0,29.36,41.743402,-87.731435,8,50632.690140845065,71.5,0.8511737089201878,6.5,82.5,60.0,1.0,8.7,18.1712441314554,0.1892206572769932,64.23309859154931,0,0,0,1,0,0,0
4260,48540,82.5,60.0,71.5,8.7,21.0,8.899999999999997,1839,510,0.0,1,53.45788043478261,65.0,6.5,0.0,29.36,41.951866,-87.72505699999998,8,50632.19901431589,71.5,0.8509739497770477,6.5,82.5,60.0,1.0,8.7,18.171908002816238,0.1891762497066396,64.23327857310491,0,0,1,0,0,0,0
4261,48540,82.5,60.0,71.5,8.7,21.0,8.899999999999997,1839,510,0.0,1,53.45788043478261,65.0,6.5,0.0,29.36,41.951866,-87.72505699999998,8,50631.70811825433,71.5,0.8507742843735335,6.5,82.5,60.0,1.0,8.7,18.172571562646645,0.18913186297512696,64.23345847020178,0,0,0,1,0,0,0
4262,48540,82.5,60.0,71.5,8.7,21.0,8.899999999999997,1839,510,0.0,1,53.45788043478261,65.0,6.5,0.0,29.36,41.753411,-87.63981700000002,8,50631.21745249824,71.5,0.8505747126436781,6.5,82.5,60.0,1.0,8.7,18.173234811165845,0.18908749706779054,64.23363828289936,0,0,1,0,0,0,0
4263,48540,82.5,60.0,71.5,8.7,21.0,8.899999999999997,1839,510,0.0,1,53.45788043478261,65.0,6.5,0.0,29.36,41.904194,-87.756155,8,50630.727016885554,71.5,0.8503752345215758,6.5,82.5,60.0,1.0,8.7,18.17389774859287,0.1890431519699792,64.23381801125704,0,0,0,1,0,0,0
4264,48540,82.5,60.0,71.5,8.7,21.0,8.899999999999997,1839,510,0.0,1,53.45788043478261,65.0,6.5,0.0,29.36,41.974689,-87.890615,8,50630.236811254406,71.5,0.8501758499413834,6.5,82.5,60.0,1.0,8.7,18.174560375146537,0.18899882766705536,64.23399765533412,0,1,0,0,0,0,0
4265,48540,82.5,60.0,71.5,8.7,21.0,8.899999999999997,1839,510,0.0,1,53.45788043478261,65.0,6.5,0.0,29.36,41.974689,-87.890615,8,50629.74683544304,71.5,0.8499765588373184,6.5,82.5,60.0,1.0,8.7,18.17522269104548,0.18895452414439548,64.23417721518987,0,0,1,0,0,0,0
4266,48540,82.5,60.0,71.5,8.7,21.0,8.899999999999997,1839,510,0.0,1,53.45788043478261,65.0,6.5,0.0,29.36,41.974689,-87.890615,8,50629.2570892899,71.5,0.8497773611436606,6.5,82.5,60.0,1.0,8.7,18.175884696508085,0.18891024138738954,64.23435669088353,0,0,0,1,0,0,0
4267,48540,82.5,60.0,71.5,8.7,21.0,8.899999999999997,1839,510,0.0,1,53.45788043478261,65.0,6.5,0.0,29.36,41.957799,-87.930995,8,50628.76757263356,71.5,0.8495782567947516,6.5,82.5,60.0,1.0,8.7,18.176546391752574,0.18886597938144126,64.23453608247422,0,1,0,0,0,0,0
4268,48540,82.5,60.0,71.5,8.7,21.0,8.899999999999997,1839,510,0.0,1,53.45788043478261,65.0,6.5,0.0,29.36,41.957799,-87.930995,8,50628.278285312714,71.5,0.8493792457249941,6.5,82.5,60.0,1.0,8.7,18.177207776996955,0.18882173811196795,64.23471539002108,0,0,1,0,0,0,0
4269,48540,82.5,60.0,71.5,8.7,21.0,8.899999999999997,1839,510,0.0,1,53.45788043478261,65.0,6.5,0.0,29.36,41.957799,-87.930995,8,50627.78922716628,71.5,0.8491803278688524,6.5,82.5,60.0,1.0,8.7,18.177868852459017,0.18877751756440075,64.23489461358315,0,0,0,1,0,0,0
4270,48180,67.0,61.5,64.5,9.9,7.5,10.35,1835,512,0.5,-6,53.45788043478261,62.0,0.0,1.0699999999999998,29.385,41.98196400000001,-87.812827,8,50627.216108639666,71.5,0.8490985717630531,6.5,82.5,60.0,1.0,8.7,18.175368766096934,0.1889838445328942,64.23437134160618,0,0,1,0,0,0,0
4271,48180,67.0,61.5,64.5,9.9,7.5,10.35,1835,512,0.5,-6,53.45788043478261,62.0,0.0,1.0699999999999998,29.385,41.99247800000001,-87.862995,8,50626.643258426964,71.5,0.8490168539325843,6.5,82.5,60.0,1.0,8.7,18.172869850187265,0.18919007490636497,64.23384831460675,0,0,1,0,0,0,0
4272,48180,67.0,61.5,64.5,9.9,7.5,10.35,1835,512,0.5,-6,53.45788043478261,62.0,0.0,1.0699999999999998,29.385,41.944869,-87.832763,8,50626.070676339805,71.5,0.8489351743505734,6.5,82.5,60.0,1.0,8.7,18.170372103908264,0.1893962087526308,64.23332553241282,0,0,1,0,0,0,0
4273,48180,67.0,61.5,64.5,9.9,7.5,10.35,1835,512,0.5,-6,53.45788043478261,62.0,0.0,1.0699999999999998,29.385,41.923738,-87.785288,8,50625.49836218999,71.5,0.8488535329901732,6.5,82.5,60.0,1.0,8.7,18.167875526438934,0.18960224613944585,64.23280299485259,0,0,1,0,0,0,0
4274,48180,67.0,61.5,64.5,9.9,7.5,10.35,1835,512,0.5,-6,53.45788043478261,62.0,0.0,1.0699999999999998,29.385,42.011601,-87.81150600000002,8,50624.92631578948,71.5,0.8487719298245614,6.5,82.5,60.0,1.0,8.7,18.165380116959067,0.18980818713450093,64.23228070175439,0,0,1,0,0,0,0
4275,48180,67.0,61.5,64.5,9.9,7.5,10.35,1835,512,0.5,-6,53.45788043478261,62.0,0.0,1.0699999999999998,29.385,41.960616,-87.777189,8,50624.35453695042,71.5,0.8486903648269409,6.5,82.5,60.0,1.0,8.7,18.16288587464921,0.19001403180542364,64.23175865294668,0,0,1,0,0,0,0
4276,48180,67.0,61.5,64.5,9.9,7.5,10.35,1835,512,0.5,-6,53.45788043478261,62.0,0.0,1.0699999999999998,29.385,41.801498,-87.763416,8,50623.78302548514,71.5,0.8486088379705401,6.5,82.5,60.0,1.0,8.7,18.160392798690676,0.19021978021977826,64.23123684825812,0,0,1,0,0,0,0
4277,48180,67.0,61.5,64.5,9.9,7.5,10.35,1835,512,0.5,-6,53.45788043478261,62.0,0.0,1.0699999999999998,29.385,41.801498,-87.763416,8,50623.21178120617,64.5,0.8485273492286115,0.0,67.0,60.0,-6.0,8.7,18.157900888265548,0.19042543244506585,64.23071528751753,0,0,0,1,0,0,0
4278,48180,67.0,61.5,64.5,9.9,7.5,10.35,1835,512,0.5,-6,53.45788043478261,62.0,0.0,1.0699999999999998,29.385,41.906638,-87.701431,8,50622.64080392615,64.5,0.8484458985744333,0.0,67.0,60.0,-6.0,8.7,18.155410142556672,0.1906309885487244,64.23019397055387,0,0,1,0,0,0,0
4279,48180,67.0,61.5,64.5,9.9,7.5,10.35,1835,512,0.5,-6,53.45788043478261,62.0,0.0,1.0699999999999998,29.385,41.896282,-87.655232,8,50622.070093457936,64.5,0.8483644859813084,0.0,67.0,60.0,-6.0,8.7,18.152920560747663,0.1908364485981289,64.22967289719628,0,0,0,1,0,0,0
4280,48180,67.0,61.5,64.5,9.9,7.5,10.35,1835,512,0.5,-6,53.45788043478261,62.0,0.0,1.0699999999999998,29.385,41.800737,-87.71188000000002,8,50621.49964961458,64.5,0.8482831114225649,0.0,67.0,61.5,-6.0,8.7,18.15043214202289,0.1910418126605914,64.229152067274,0,0,1,0,0,0,0
4281,48180,67.0,61.5,64.5,9.9,7.5,10.35,1835,512,0.5,-6,53.45788043478261,62.0,0.0,1.0699999999999998,29.385,41.768388,-87.678649,8,50620.929472209245,64.5,0.8482017748715553,0.0,67.0,61.5,-6.0,8.7,18.14794488556749,0.191247080803361,64.22863148061653,0,0,1,0,0,0,0
4282,48180,67.0,61.5,64.5,9.9,7.5,10.35,1835,512,0.5,-6,53.45788043478261,62.0,0.0,1.0699999999999998,29.385,41.773215,-87.60088,8,50620.35956105534,64.5,0.8481204763016578,0.0,67.0,61.5,-6.0,8.7,18.14545879056736,0.19145225309362404,64.22811113705346,0,0,1,0,0,0,0
4283,48180,67.0,61.5,64.5,9.9,7.5,10.35,1835,512,0.5,-6,53.45788043478261,62.0,0.0,1.0699999999999998,29.385,41.773215,-87.60088,8,50619.78991596639,64.5,0.8480392156862745,0.0,67.0,61.5,-6.0,8.7,18.14297385620915,0.19165732959850415,64.22759103641457,0,0,0,1,0,0,0
4284,48180,67.0,61.5,64.5,9.9,7.5,10.35,1835,512,0.5,-6,53.45788043478261,62.0,0.0,1.0699999999999998,29.385,41.822536,-87.66634300000004,8,50619.22053675613,64.5,0.8479579929988331,0.0,67.0,61.5,-6.0,8.7,18.14049008168028,0.1918623103850623,64.22707117852976,0,1,0,0,0,0,0
4285,48180,67.0,61.5,64.5,9.9,7.5,10.35,1835,512,0.5,-6,53.45788043478261,62.0,0.0,1.0699999999999998,29.385,41.822536,-87.66634300000004,8,50618.65142323845,64.5,0.8478768082127858,0.0,67.0,61.5,-6.0,8.7,18.138007466168922,0.1920671955202968,64.22655156322911,0,0,1,0,0,0,0
4286,48180,67.0,61.5,64.5,9.9,7.5,10.35,1835,512,0.5,-6,53.45788043478261,62.0,0.0,1.0699999999999998,29.385,41.766202,-87.562889,8,50618.08257522743,64.5,0.8477956613016095,0.0,67.0,61.5,-6.0,8.7,18.135526008864012,0.19227198507114346,64.22603219034289,0,0,1,0,0,0,0
4287,48180,67.0,61.5,64.5,9.9,7.5,10.35,1835,512,0.5,-6,53.45788043478261,62.0,0.0,1.0699999999999998,29.385,41.766202,-87.562889,8,50617.51399253732,64.5,0.8477145522388059,0.0,67.0,61.5,-6.0,8.7,18.133045708955226,0.19247667910447575,64.2255130597015,0,0,0,1,0,0,0
4288,48180,67.0,61.5,64.5,9.9,7.5,10.35,1835,512,0.5,-6,53.45788043478261,62.0,0.0,1.0699999999999998,29.385,41.754292,-87.590773,8,50616.94567498251,64.5,0.8476334809979016,0.0,67.0,61.5,-6.0,8.7,18.13056656563301,0.19268127768710472,64.22499417113546,0,0,1,0,0,0,0
4289,48180,67.0,61.5,64.5,9.9,7.5,10.35,1835,512,0.5,-6,53.45788043478261,62.0,0.0,1.0699999999999998,29.385,41.868077,-87.666901,8,50616.377622377615,64.5,0.8475524475524475,0.0,67.0,61.5,-6.0,8.7,18.12808857808858,0.19288578088577907,64.22447552447552,0,0,1,0,0,0,0
4290,48180,67.0,61.5,64.5,9.9,7.5,10.35,1835,512,0.5,-6,53.45788043478261,62.0,0.0,1.0699999999999998,29.385,41.720848,-87.666014,8,50615.8098345374,64.5,0.8474714518760196,0.0,67.0,61.5,-6.0,8.7,18.125611745513865,0.1930901887671853,64.22395711955255,0,1,0,0,0,0,0
4291,48180,67.0,61.5,64.5,9.9,7.5,10.35,1835,512,0.5,-6,53.45788043478261,62.0,0.0,1.0699999999999998,29.385,41.704336,-87.70373599999998,8,50615.242311276794,64.5,0.8473904939422181,0.0,67.0,61.5,-6.0,8.7,18.123136067101587,0.19329450139794788,64.22343895619758,0,0,1,0,0,0,0
4292,48180,67.0,61.5,64.5,9.9,7.5,10.35,1835,512,0.5,-6,53.45788043478261,62.0,0.0,1.0699999999999998,29.385,41.673408,-87.599862,8,50614.6750524109,64.5,0.8473095737246681,0.0,67.0,61.5,-6.0,8.7,18.12066154204519,0.19349871884462905,64.22292103424179,0,1,0,0,0,0,0
4293,48180,67.0,61.5,64.5,9.9,7.5,10.35,1835,512,0.5,-6,53.45788043478261,62.0,0.0,1.0699999999999998,29.385,41.673408,-87.599862,8,50614.10805775501,64.5,0.847228691197019,0.0,67.0,61.5,-6.0,8.7,18.11818816953889,0.19370284117372905,64.22240335351654,0,0,1,0,0,0,0
4294,48180,67.0,61.5,64.5,9.9,7.5,10.35,1835,512,0.5,-6,53.45788043478261,62.0,0.0,1.0699999999999998,29.385,41.662014,-87.72460799999998,8,50613.54132712456,64.5,0.8471478463329453,0.0,67.0,61.5,-6.0,8.7,18.11571594877765,0.19390686845168625,64.22188591385331,0,1,0,0,0,0,0
4295,48180,67.0,61.5,64.5,9.9,7.5,10.35,1835,512,0.5,-6,53.45788043478261,62.0,0.0,1.0699999999999998,29.385,41.72646500000001,-87.585413,8,50612.9748603352,64.5,0.8470670391061452,0.0,67.0,61.5,-6.0,8.7,18.113244878957172,0.1941108007448772,64.2213687150838,0,1,0,0,0,0,0
4296,48180,67.0,61.5,64.5,9.9,7.5,10.35,1835,512,0.5,-6,53.45788043478261,62.0,0.0,1.0699999999999998,29.385,41.94016,-87.794896,8,50612.40865720269,64.5,0.8469862694903421,0.0,67.0,61.5,-6.0,8.7,18.11077495927391,0.1943146381196166,64.2208517570398,0,1,0,0,0,0,0
4297,48180,67.0,61.5,64.5,9.9,7.5,10.35,1835,512,0.5,-6,53.45788043478261,62.0,0.0,1.0699999999999998,29.385,41.94016,-87.794896,8,50611.84271754304,64.5,0.8469055374592834,0.0,67.0,61.5,-6.0,8.7,18.108306188925077,0.19451838064215746,64.22033503955328,0,0,1,0,0,0,0
4298,48180,67.0,61.5,64.5,9.9,7.5,10.35,1835,512,0.5,-6,53.45788043478261,62.0,0.0,1.0699999999999998,29.385,41.94016,-87.794896,8,50611.277041172376,64.5,0.8468248429867411,0.0,67.0,61.5,-6.0,9.900000000000002,18.105838567108627,0.194722028378691,64.21981856245638,0,0,0,1,0,0,0
4299,48180,67.0,61.5,64.5,9.9,7.5,10.35,1835,512,0.5,-6,53.45788043478261,62.0,0.0,1.0699999999999998,29.385,41.916265,-87.800515,8,50610.711627906974,64.5,0.8467441860465116,0.0,67.0,61.5,-6.0,9.900000000000004,18.103372093023253,0.19492558139534716,64.2193023255814,0,0,1,0,0,0,0
4300,48180,67.0,61.5,64.5,9.9,7.5,10.35,1835,512,0.5,-6,53.45788043478261,62.0,0.0,1.0699999999999998,29.385,41.846075,-87.716277,8,50610.14647756336,64.5,0.8466635666124157,0.0,67.0,61.5,-6.0,9.900000000000004,18.100906765868398,0.19512903975819407,64.21878632876076,0,0,1,0,0,0,0
4301,48180,67.0,61.5,64.5,9.9,7.5,10.35,1835,512,0.5,-6,53.45788043478261,62.0,0.0,1.0699999999999998,29.385,41.732984,-87.649642,8,50609.581589958165,64.5,0.8465829846582985,0.0,67.0,61.5,-6.0,9.900000000000004,18.098442584844253,0.19533240353323866,64.21827057182706,0,0,1,0,0,0,0
4302,48180,67.0,61.5,64.5,9.9,7.5,10.35,1835,512,0.5,-6,53.45788043478261,62.0,0.0,1.0699999999999998,29.385,41.903002,-87.68826700000002,8,50609.0169649082,64.5,0.8465024401580293,0.0,67.0,61.5,-6.0,9.900000000000004,18.095979549151753,0.1955356727864264,64.21775505461306,0,0,1,0,0,0,0
4303,48180,67.0,61.5,64.5,9.9,7.5,10.35,1835,512,0.5,-6,53.45788043478261,62.0,0.0,1.0699999999999998,29.385,41.678618,-87.559308,8,50608.452602230485,64.5,0.8464219330855018,0.0,67.0,61.5,-6.0,9.900000000000004,18.093517657992567,0.19573884758364146,64.21723977695167,0,1,0,0,0,0,0
4304,48180,67.0,61.5,64.5,9.9,7.5,10.35,1835,512,0.5,-6,53.45788043478261,62.0,0.0,1.0699999999999998,29.385,41.678618,-87.559308,8,50607.888501742156,64.5,0.8463414634146341,0.0,67.0,61.5,-6.0,9.900000000000004,18.091056910569105,0.19594192799070684,64.21672473867595,0,0,1,0,0,0,0
4305,48180,67.0,61.5,64.5,9.9,7.5,10.35,1835,512,0.5,-6,53.45788043478261,62.0,0.0,1.0699999999999998,29.385,41.740641,-87.546587,8,50607.324663260566,64.5,0.8462610311193683,0.0,67.0,61.5,-6.0,9.900000000000004,18.08859730608453,0.19614491407338436,64.21620993961913,0,0,1,0,0,0,0
4306,48180,67.0,61.5,64.5,9.9,7.5,10.35,1835,512,0.5,-6,53.45788043478261,62.0,0.0,1.0699999999999998,29.385,41.740641,-87.546587,8,50606.761086603205,64.5,0.8461806361736708,0.0,67.0,61.5,-6.0,9.900000000000004,18.086138843742745,0.19634780589737474,64.21569537961459,0,0,0,1,0,0,0
4307,48180,67.0,61.5,64.5,9.9,7.5,10.35,1835,512,0.5,-6,53.45788043478261,62.0,0.0,1.0699999999999998,29.385,41.680946,-87.535198,8,50606.197771587744,64.5,0.846100278551532,0.0,67.0,61.5,-6.0,9.900000000000004,18.08368152274837,0.1965506035283178,64.21518105849582,0,1,0,0,0,0,0
4308,48180,67.0,61.5,64.5,9.9,7.5,10.35,1835,512,0.5,-6,53.45788043478261,62.0,0.0,1.0699999999999998,29.385,41.680946,-87.535198,8,50605.63471803202,64.5,0.8460199582269669,0.0,67.0,61.5,-6.0,9.900000000000004,18.0812253423068,0.19675330703179236,64.21466697609654,0,0,1,0,0,0,0
4309,48180,67.0,61.5,64.5,9.9,7.5,10.35,1835,512,0.5,-6,53.45788043478261,62.0,0.0,1.0699999999999998,29.385,41.963976,-87.69181,8,50605.07192575406,64.5,0.8459396751740139,0.0,67.0,61.5,-6.0,9.900000000000004,18.07877030162413,0.19695591647331628,64.2141531322506,0,0,1,0,0,0,0
4310,48180,67.0,61.5,64.5,9.9,7.5,10.35,1835,512,0.5,-6,53.45788043478261,62.0,0.0,1.0699999999999998,29.385,41.659112,-87.53869300000002,8,50604.50939457202,64.5,0.8458594293667363,0.0,67.0,61.5,-6.0,9.900000000000004,18.07631639990721,0.19715843191834684,64.21363952679192,0,1,0,0,0,0,0
4311,48180,67.0,61.5,64.5,9.9,7.5,10.35,1835,512,0.5,-6,53.45788043478261,62.0,0.0,1.0699999999999998,29.385,41.659112,-87.53869300000002,8,50603.94712430426,64.5,0.8457792207792207,0.0,67.0,61.5,-6.0,9.900000000000004,18.07386363636364,0.19736085343228044,64.21312615955473,0,0,1,0,0,0,0
4312,48180,67.0,61.5,64.5,9.9,7.5,10.35,1835,512,0.5,-6,53.45788043478261,62.0,0.0,1.0699999999999998,29.385,41.94722700000001,-87.67145699999998,8,50603.3851147693,64.5,0.8456990493855785,0.0,67.0,61.5,-6.0,9.900000000000004,18.07141201020172,0.1975631810804529,64.21261303037329,0,0,1,0,0,0,0
4313,48180,67.0,61.5,64.5,9.9,7.5,10.35,1835,512,0.5,-6,53.45788043478261,62.0,0.0,1.0699999999999998,29.385,41.743402,-87.731435,8,50602.82336578582,64.5,0.8456189151599444,0.0,67.0,61.5,-6.0,9.900000000000004,18.068961520630506,0.1977654149281394,64.21210013908205,0,0,1,0,0,0,0
4314,48180,67.0,61.5,64.5,9.9,7.5,10.35,1835,512,0.5,-6,53.45788043478261,62.0,0.0,1.0699999999999998,29.385,41.951866,-87.72505699999998,8,50602.261877172656,64.5,0.8455388180764773,0.0,67.0,61.5,-6.0,9.900000000000004,18.066512166859788,0.1979675550405547,64.21158748551564,0,0,1,0,0,0,0
4315,48180,67.0,61.5,64.5,9.9,7.5,10.35,1835,512,0.5,-6,53.45788043478261,62.0,0.0,1.0699999999999998,29.385,41.951866,-87.72505699999998,8,50601.70064874884,64.5,0.8454587581093606,0.0,67.0,61.5,-6.0,9.900000000000004,18.06406394810009,0.19816960148285295,64.21107506950881,0,0,0,1,0,0,0
4316,48180,67.0,61.5,64.5,9.9,7.5,10.35,1835,512,0.5,-6,53.45788043478261,62.0,0.0,1.0699999999999998,29.385,41.904194,-87.756155,8,50601.13968033357,64.5,0.8453787352328006,0.0,67.0,61.5,-6.0,9.900000000000004,18.06161686356266,0.1983715543201282,64.21056289089645,0,0,1,0,0,0,0
4317,48180,67.0,61.5,64.5,9.9,7.5,10.35,1835,512,0.5,-6,53.45788043478261,62.0,0.0,1.0699999999999998,29.385,41.974689,-87.890615,8,50600.57897174618,64.5,0.8452987494210282,0.0,67.0,61.5,-6.0,9.900000000000004,18.059170912459468,0.198573413617414,64.21005094951366,0,0,1,0,0,0,0
4318,48180,67.0,61.5,64.5,9.9,7.5,10.35,1835,512,0.5,-6,53.45788043478261,62.0,0.0,1.0699999999999998,29.385,41.974689,-87.890615,8,50600.01852280621,64.5,0.8452188006482982,0.0,67.0,61.5,-6.0,9.900000000000004,18.05672609400324,0.19877517943968365,64.20953924519564,0,0,0,1,0,0,0
4319,48180,67.0,61.5,64.5,9.9,7.5,10.35,1835,512,0.5,-6,53.45788043478261,62.0,0.0,1.0699999999999998,29.385,41.957799,-87.930995,8,50599.45833333334,64.5,0.8451388888888889,0.0,67.0,61.5,-6.0,9.900000000000004,18.054282407407406,0.1989768518518504,64.20902777777778,0,0,1,0,0,0,0
4320,47100,75.0,56.5,66.0,4.95,5.5,5.95,1824,519,0.0,-2,53.45788043478261,59.5,1.0,0.0,29.45000000000001,41.991429,-87.747113,9,50598.648461004406,64.5,0.8449433001619996,0.0,67.0,61.5,-6.0,9.900000000000004,18.051376996065727,0.19893080305484692,64.20793797732007,0,0,1,0,0,0,0
4321,47100,75.0,56.5,66.0,4.95,5.5,5.95,1824,519,0.0,-2,53.45788043478261,59.5,1.0,0.0,29.45000000000001,41.891118,-87.65449100000002,9,50597.83896344285,64.5,0.8447478019435447,0.0,67.0,61.5,-6.0,9.900000000000004,18.048472929199445,0.19888477556686573,64.20684868116612,0,0,1,0,0,0,0
4322,47100,75.0,56.5,66.0,4.95,5.5,5.95,1824,519,0.0,-2,53.45788043478261,59.5,1.0,0.0,29.45000000000001,41.891118,-87.65449100000002,9,50597.029840388626,64.5,0.8445523941707148,0.0,67.0,61.5,-6.0,9.900000000000004,18.045570205875553,0.19883876937311906,64.205759888966,0,0,0,1,0,0,0
4323,47100,75.0,56.5,66.0,4.95,5.5,5.95,1824,519,0.0,-2,53.45788043478261,59.5,1.0,0.0,29.45000000000001,41.868142,-87.696269,9,50596.221091581865,64.5,0.8443570767807586,0.0,67.0,61.5,-6.0,9.900000000000004,18.042668825161886,0.19879278445883292,64.20467160037003,0,0,0,1,0,0,0
4324,47100,75.0,56.5,66.0,4.95,5.5,5.95,1824,519,0.0,-2,53.45788043478261,59.5,1.0,0.0,29.45000000000001,41.867108,-87.654224,9,50595.41271676301,64.5,0.8441618497109826,0.0,67.0,61.5,-6.0,9.900000000000004,18.039768786127173,0.1987468208092471,64.20358381502889,0,1,0,0,0,0,0
4325,47100,75.0,56.5,66.0,4.95,5.5,5.95,1824,519,0.0,-2,53.45788043478261,59.5,1.0,0.0,29.45000000000001,41.867108,-87.654224,9,50594.604715672685,64.5,0.8439667128987517,0.0,67.0,61.5,-6.0,9.900000000000004,18.036870087840963,0.1987008784096148,64.20249653259361,0,0,1,0,0,0,0
4326,47100,75.0,56.5,66.0,4.95,5.5,5.95,1824,519,0.0,-2,53.45788043478261,59.5,1.0,0.0,29.45000000000001,41.867108,-87.654224,9,50593.79708805177,64.5,0.8437716662814884,0.0,67.0,61.5,-6.0,9.900000000000004,18.033972729373698,0.19865495724520307,64.2014097527155,0,0,0,1,0,0,0
4327,47100,75.0,56.5,66.0,4.95,5.5,5.95,1824,519,0.0,-2,53.45788043478261,59.5,1.0,0.0,29.45000000000001,41.801179,-87.679447,9,50592.989833641404,66.0,0.8435767097966729,1.0,75.0,61.5,-2.0,9.900000000000004,18.03107670979667,0.19860905730129244,64.2003234750462,0,1,0,0,0,0,0
4328,47100,75.0,56.5,66.0,4.95,5.5,5.95,1824,519,0.0,-2,53.45788043478261,59.5,1.0,0.0,29.45000000000001,41.801179,-87.679447,9,50592.18295218295,66.0,0.8433818433818434,1.0,75.0,61.5,-2.0,9.900000000000004,18.028182028182027,0.1985631785631771,64.1992376992377,0,0,0,1,0,0,0
4329,47100,75.0,56.5,66.0,4.95,5.5,5.95,1824,519,0.0,-2,53.45788043478261,59.5,1.0,0.0,29.45000000000001,41.800737,-87.71188000000002,9,50591.376443418005,66.0,0.8431870669745959,1.0,75.0,61.5,-2.0,9.900000000000004,18.02528868360277,0.1985173210161648,64.19815242494225,0,0,1,0,0,0,0
4330,47100,75.0,56.5,66.0,4.95,5.5,5.95,1824,519,0.0,-2,53.45788043478261,59.5,1.0,0.0,29.45000000000001,41.768388,-87.678649,9,50590.57030708843,66.0,0.8429923805125837,1.0,75.0,56.5,-2.0,9.900000000000004,18.022396675132764,0.19847148464557693,64.19706765181253,0,0,1,0,0,0,0
4331,47100,75.0,56.5,66.0,4.95,5.5,5.95,1824,519,0.0,-2,53.45788043478261,59.5,1.0,0.0,29.45000000000001,41.768388,-87.678649,9,50589.76454293629,66.0,0.8427977839335179,1.0,75.0,56.5,-2.0,9.900000000000004,18.019506001846718,0.1984256694367483,64.19598337950139,0,0,0,1,0,0,0
4332,47100,75.0,56.5,66.0,4.95,5.5,5.95,1824,519,0.0,-2,53.45788043478261,59.5,1.0,0.0,29.45000000000001,41.773215,-87.60088,9,50588.95915070389,66.0,0.8426032771751674,1.0,75.0,56.5,-2.0,9.900000000000004,18.016616662820216,0.19837987537502735,64.19489960766211,0,1,0,0,0,0,0
4333,47100,75.0,56.5,66.0,4.95,5.5,5.95,1824,519,0.0,-2,53.45788043478261,59.5,1.0,0.0,29.45000000000001,41.773215,-87.60088,9,50588.154130133815,66.0,0.8424088601753577,1.0,75.0,56.5,-2.0,9.900000000000004,18.013728657129672,0.19833410244577607,64.19381633594831,0,0,1,0,0,0,0
4334,47100,75.0,56.5,66.0,4.95,5.5,5.95,1824,519,0.0,-2,53.45788043478261,59.5,1.0,0.0,29.45000000000001,41.773215,-87.60088,9,50587.349480968864,66.0,0.8422145328719723,1.0,75.0,56.5,-2.0,9.900000000000004,18.010841983852362,0.19828835063436995,64.19273356401385,0,0,0,1,0,0,0
4335,47100,75.0,56.5,66.0,4.95,5.5,5.95,1824,519,0.0,-2,53.45788043478261,59.5,1.0,0.0,29.45000000000001,41.766202,-87.562889,9,50586.54520295203,66.0,0.8420202952029521,1.0,75.0,56.5,-2.0,9.900000000000004,18.00795664206642,0.1982426199261978,64.19165129151291,0,1,0,0,0,0,0
4336,47100,75.0,56.5,66.0,4.95,5.5,5.95,1824,519,0.0,-2,53.45788043478261,59.5,1.0,0.0,29.45000000000001,41.766202,-87.562889,9,50585.741295826614,66.0,0.8418261471062947,1.0,75.0,56.5,-2.0,9.900000000000004,18.00507263085082,0.19819691030666212,64.19056951810006,0,0,0,1,0,0,0
4337,47100,75.0,56.5,66.0,4.95,5.5,5.95,1824,519,0.0,-2,53.45788043478261,59.5,1.0,0.0,29.45000000000001,41.821582,-87.62779599999998,9,50584.937759336106,66.0,0.8416320885200553,1.0,75.0,56.5,-2.0,9.900000000000004,18.002189949285384,0.1981512217611788,64.18948824343015,0,1,0,0,0,0,0
4338,47100,75.0,56.5,66.0,4.95,5.5,5.95,1824,519,0.0,-2,53.45788043478261,59.5,1.0,0.0,29.45000000000001,41.803423,-87.642984,9,50584.13459322425,66.0,0.8414381193823461,1.0,75.0,56.5,-2.0,9.900000000000004,17.999308596450796,0.19810555427517715,64.18840746715833,0,0,0,1,0,0,0
4339,47100,75.0,56.5,66.0,4.95,5.5,5.95,1824,519,0.0,-2,53.45788043478261,59.5,1.0,0.0,29.45000000000001,41.868077,-87.666901,9,50583.33179723502,66.0,0.8412442396313364,1.0,75.0,56.5,-2.0,9.900000000000004,17.99642857142857,0.19805990783409996,64.1873271889401,0,0,1,0,0,0,0
4340,47100,75.0,56.5,66.0,4.95,5.5,5.95,1824,519,0.0,-2,53.45788043478261,59.5,1.0,0.0,29.45000000000001,41.798697,-87.736812,9,50582.529371112636,66.0,0.8410504492052523,1.0,75.0,56.5,-2.0,9.900000000000004,17.99354987330108,0.1980142824234033,64.18624740843124,0,0,1,0,0,0,0
4341,47100,75.0,56.5,66.0,4.95,5.5,5.95,1824,519,0.0,-2,53.45788043478261,59.5,1.0,0.0,29.45000000000001,41.798697,-87.736812,9,50581.72731460157,66.0,0.8408567480423768,1.0,75.0,56.5,-2.0,9.900000000000004,17.990672501151547,0.1979686780285568,64.1851681252879,0,0,0,1,0,0,0
4342,47100,75.0,56.5,66.0,4.95,5.5,5.95,1824,519,0.0,-2,53.45788043478261,59.5,1.0,0.0,29.45000000000001,41.662014,-87.72460799999998,9,50580.925627446464,66.0,0.8406631360810499,1.0,75.0,56.5,-2.0,9.900000000000004,17.98779645406401,0.19792309463504346,64.18408933916648,0,0,1,0,0,0,0
4343,47100,75.0,56.5,66.0,4.95,5.5,5.95,1824,519,0.0,-2,53.45788043478261,59.5,1.0,0.0,29.45000000000001,41.662014,-87.72460799999998,9,50580.12430939227,66.0,0.8404696132596685,1.0,75.0,56.5,-2.0,9.900000000000004,17.98492173112339,0.1978775322283595,64.18301104972376,0,0,0,1,0,0,0
4344,47100,75.0,56.5,66.0,4.95,5.5,5.95,1824,519,0.0,-2,53.45788043478261,59.5,1.0,0.0,29.45000000000001,41.662014,-87.72460799999998,9,50579.32336018412,66.0,0.8402761795166859,1.0,75.0,56.5,-2.0,9.900000000000004,17.98204833141542,0.19783199079401464,64.18193325661679,0,0,0,0,1,0,0
4345,47100,75.0,56.5,66.0,4.95,5.5,5.95,1824,519,0.0,-2,53.45788043478261,59.5,1.0,0.0,29.45000000000001,41.72646500000001,-87.585413,9,50578.52277956742,66.0,0.8400828347906121,1.0,75.0,56.5,-2.0,9.900000000000004,17.97917625402669,0.1977864703175319,64.18085595950299,0,1,0,0,0,0,0
4346,47100,75.0,56.5,66.0,4.95,5.5,5.95,1824,519,0.0,-2,53.45788043478261,59.5,1.0,0.0,29.45000000000001,41.72646500000001,-87.585413,9,50577.72256728778,66.0,0.8398895790200138,1.0,75.0,56.5,-2.0,9.900000000000004,17.976305498044628,0.1977409707844476,64.17977915804003,0,0,0,1,0,0,0
4347,47100,75.0,56.5,66.0,4.95,5.5,5.95,1824,519,0.0,-2,53.45788043478261,59.5,1.0,0.0,29.45000000000001,41.94016,-87.794896,9,50576.922723091084,66.0,0.8396964121435143,1.0,75.0,56.5,-2.0,9.900000000000004,17.973436062557496,0.19769549218031127,64.17870285188593,0,0,1,0,0,0,0
4348,47100,75.0,56.5,66.0,4.95,5.5,5.95,1824,519,0.0,-2,53.45788043478261,59.5,1.0,0.0,29.45000000000001,41.94016,-87.794896,9,50576.123246723386,66.0,0.8395033340997929,1.0,75.0,56.5,-2.0,4.950000000000005,17.970567946654402,0.19765003449068605,64.17762704069901,0,0,0,1,0,0,0
4349,47100,75.0,56.5,66.0,4.95,5.5,5.95,1824,519,0.0,-2,53.45788043478261,59.5,1.0,0.0,29.45000000000001,41.878114,-87.629798,9,50575.324137931035,66.0,0.8393103448275862,1.0,75.0,56.5,-2.0,4.9500000000000055,17.967701149425288,0.197604597701148,64.17655172413794,0,0,1,0,0,0,0
4350,47100,75.0,56.5,66.0,4.95,5.5,5.95,1824,519,0.0,-2,53.45788043478261,59.5,1.0,0.0,29.45000000000001,41.878114,-87.629798,9,50574.52539646059,66.0,0.839117444265686,1.0,75.0,56.5,-2.0,4.9500000000000055,17.96483566996093,0.1975591817972865,64.17547690186164,0,0,0,0,1,0,0
4351,47100,75.0,56.5,66.0,4.95,5.5,5.95,1824,519,0.0,-2,53.45788043478261,59.5,1.0,0.0,29.45000000000001,42.01743,-87.68776899999996,9,50573.727022058825,66.0,0.8389246323529411,1.0,75.0,56.5,-2.0,4.9500000000000055,17.961971507352942,0.19751378676470446,64.17440257352939,0,0,1,0,0,0,0
4352,47100,75.0,56.5,66.0,4.95,5.5,5.95,1824,519,0.0,-2,53.45788043478261,59.5,1.0,0.0,29.45000000000001,41.732984,-87.649642,9,50572.929014472786,66.0,0.8387319090282563,1.0,75.0,56.5,-2.0,4.9500000000000055,17.959108660693776,0.1974684125890176,64.17332873880083,0,0,1,0,0,0,0
4353,47100,75.0,56.5,66.0,4.95,5.5,5.95,1824,519,0.0,-2,53.45788043478261,59.5,1.0,0.0,29.45000000000001,41.732984,-87.649642,9,50572.131373449694,66.0,0.8385392742305926,1.0,75.0,56.5,-2.0,4.9500000000000055,17.95624712907671,0.19742305925585524,64.17225539733579,0,0,0,1,0,0,0
4354,47100,75.0,56.5,66.0,4.95,5.5,5.95,1824,519,0.0,-2,53.45788043478261,59.5,1.0,0.0,29.45000000000001,41.732984,-87.649642,9,50571.33409873708,66.0,0.8383467278989667,1.0,75.0,56.5,-2.0,4.9500000000000055,17.953386911595867,0.19737772675085966,64.17118254879449,0,0,0,0,0,0,1
4355,47100,75.0,56.5,66.0,4.95,5.5,5.95,1824,519,0.0,-2,53.45788043478261,59.5,1.0,0.0,29.45000000000001,41.678618,-87.559308,9,50570.537190082636,66.0,0.8381542699724518,1.0,75.0,56.5,-2.0,4.9500000000000055,17.95052800734619,0.19733241505968632,64.17011019283747,0,1,0,0,0,0,0
4356,47100,75.0,56.5,66.0,4.95,5.5,5.95,1824,519,0.0,-2,53.45788043478261,59.5,1.0,0.0,29.45000000000001,41.678618,-87.559308,9,50569.740647234335,66.0,0.8379619003901767,1.0,75.0,56.5,-2.0,4.9500000000000055,17.947670415423453,0.19728712416800406,64.16903832912554,0,0,1,0,0,0,0
4357,47100,75.0,56.5,66.0,4.95,5.5,5.95,1824,519,0.0,-2,53.45788043478261,59.5,1.0,0.0,29.45000000000001,41.678618,-87.559308,9,50568.94446994034,66.0,0.8377696190913263,1.0,75.0,56.5,-2.0,4.9500000000000055,17.94481413492428,0.19724185406149464,64.16796695731988,0,0,0,1,0,0,0
4358,47100,75.0,56.5,66.0,4.95,5.5,5.95,1824,519,0.0,-2,53.45788043478261,59.5,1.0,0.0,29.45000000000001,41.740641,-87.546587,9,50568.148657949074,66.0,0.8375774260151411,1.0,75.0,56.5,-2.0,4.9500000000000055,17.941959164946088,0.1971966047258531,64.1668960770819,0,1,0,0,0,0,0
4359,47100,75.0,56.5,66.0,4.95,5.5,5.95,1824,519,0.0,-2,53.45788043478261,59.5,1.0,0.0,29.45000000000001,41.740641,-87.546587,9,50567.35321100918,66.0,0.8373853211009175,1.0,75.0,56.5,-2.0,4.9500000000000055,17.939105504587157,0.19715137614678754,64.1658256880734,0,0,1,0,0,0,0
4360,47100,75.0,56.5,66.0,4.95,5.5,5.95,1824,519,0.0,-2,53.45788043478261,59.5,1.0,0.0,29.45000000000001,41.740641,-87.546587,9,50566.55812886953,66.0,0.8371933042880073,1.0,75.0,56.5,-2.0,4.9500000000000055,17.936253152946573,0.1971061683100192,64.16475578995643,0,0,0,1,0,0,0
4361,47100,75.0,56.5,66.0,4.95,5.5,5.95,1824,519,0.0,-2,53.45788043478261,59.5,1.0,0.0,29.45000000000001,41.680946,-87.535198,9,50565.76341127923,66.0,0.8370013755158184,1.0,75.0,56.5,-2.0,4.9500000000000055,17.933402109124252,0.1970609812012824,64.1636863823934,0,0,0,1,0,0,0
4362,47100,75.0,56.5,66.0,4.95,5.5,5.95,1824,519,0.0,-2,53.45788043478261,59.5,1.0,0.0,29.45000000000001,41.659112,-87.53869300000002,9,50564.969057987626,66.0,0.8368095347238139,1.0,75.0,56.5,-2.0,4.9500000000000055,17.93055237222095,0.19701581480632446,64.16261746504699,0,0,1,0,0,0,0
4363,47100,75.0,56.5,66.0,4.95,5.5,5.95,1824,519,0.0,-2,53.45788043478261,59.5,1.0,0.0,29.45000000000001,41.659112,-87.53869300000002,9,50564.17506874427,66.0,0.8366177818515124,1.0,75.0,56.5,-2.0,4.9500000000000055,17.927703941338226,0.196970669110906,64.1615490375802,0,0,0,1,0,0,0
4364,47100,75.0,56.5,66.0,4.95,5.5,5.95,1824,519,0.0,-2,53.45788043478261,59.5,1.0,0.0,29.45000000000001,41.743402,-87.731435,9,50563.38144329897,66.0,0.836426116838488,1.0,75.0,56.5,-2.0,4.9500000000000055,17.924856815578465,0.1969255441008004,64.16048109965635,0,0,1,0,0,0,0
4365,47100,75.0,56.5,66.0,4.95,5.5,5.95,1824,519,0.0,-2,53.45788043478261,59.5,1.0,0.0,29.45000000000001,41.743402,-87.731435,9,50562.58818140174,66.0,0.8362345396243701,1.0,75.0,56.5,-2.0,4.9500000000000055,17.92201099404489,0.19688043976179426,64.15941365093907,0,0,0,1,0,0,0
4366,47100,75.0,56.5,66.0,4.95,5.5,5.95,1824,519,0.0,-2,53.45788043478261,59.5,1.0,0.0,29.45000000000001,41.974689,-87.890615,9,50561.79528280284,66.0,0.8360430501488436,1.0,75.0,56.5,-2.0,4.9500000000000055,17.91916647584154,0.19683535607968716,64.15834669109228,0,1,0,0,0,0,0
4367,47100,75.0,56.5,66.0,4.95,5.5,5.95,1824,519,0.0,-2,53.45788043478261,59.5,1.0,0.0,29.45000000000001,41.974689,-87.890615,9,50561.00274725275,66.0,0.8358516483516484,1.0,75.0,56.5,-2.0,4.9500000000000055,17.916323260073263,0.1967902930402916,64.15728021978022,0,0,1,0,0,0,0
4368,47100,75.0,56.5,66.0,4.95,5.5,5.95,1824,519,0.0,-2,53.45788043478261,59.5,1.0,0.0,29.45000000000001,41.974689,-87.890615,9,50560.210574502176,66.0,0.8356603341725796,1.0,75.0,56.5,-2.0,4.9500000000000055,17.91348134584573,0.1967452506294332,64.15621423666742,0,0,0,1,0,0,0
4369,47100,75.0,56.5,66.0,4.95,5.5,5.95,1824,519,0.0,-2,53.45788043478261,59.5,1.0,0.0,29.45000000000001,41.957799,-87.930995,9,50559.41876430206,66.0,0.8354691075514874,1.0,75.0,56.5,-2.0,4.9500000000000055,17.910640732265446,0.1967002288329505,64.15514874141877,0,0,1,0,0,0,0
4370,47100,75.0,56.5,66.0,4.95,5.5,5.95,1824,519,0.0,-2,53.45788043478261,59.5,1.0,0.0,29.45000000000001,41.957799,-87.930995,9,50558.62731640357,66.0,0.8352779684282773,1.0,75.0,56.5,-2.0,4.9500000000000055,17.90780141843972,0.19665522763669496,64.15408373369938,0,0,0,1,0,0,0
4371,45300,84.0,58.5,71.5,0.6000000000000001,23.0,2.4000000000000004,1805,530,0.0,7,53.45788043478261,61.5,6.5,0.0,29.37,41.95469,-87.800991,9,50557.42451967063,66.0,0.8350869167429095,1.0,75.0,56.5,-2.0,4.9500000000000055,17.90896614821592,0.19661024702653104,64.15347666971638,0,0,1,0,0,0,0
4372,45300,84.0,58.5,71.5,0.6000000000000001,23.0,2.4000000000000004,1805,530,0.0,7,53.45788043478261,61.5,6.5,0.0,29.37,41.964242,-87.757639,9,50556.2222730391,66.0,0.834895952435399,1.0,75.0,56.5,-2.0,4.9500000000000055,17.910130345300708,0.19656528698833609,64.15286988337526,0,0,1,0,0,0,0
4373,45300,84.0,58.5,71.5,0.6000000000000001,23.0,2.4000000000000004,1805,530,0.0,7,53.45788043478261,61.5,6.5,0.0,29.37,41.98196400000001,-87.812827,9,50555.02057613169,66.0,0.8347050754458162,1.0,75.0,56.5,-2.0,4.9500000000000055,17.911294010059446,0.1965203475080004,64.1522633744856,0,0,1,0,0,0,0
4374,45300,84.0,58.5,71.5,0.6000000000000001,23.0,2.4000000000000004,1805,530,0.0,7,53.45788043478261,61.5,6.5,0.0,29.37,41.99247800000001,-87.862995,9,50553.819428571434,66.0,0.8345142857142858,1.0,75.0,56.5,-2.0,4.9500000000000055,17.912457142857143,0.19647542857142716,64.15165714285715,0,0,1,0,0,0,0
4375,45300,84.0,58.5,71.5,0.6000000000000001,23.0,2.4000000000000004,1805,530,0.0,7,53.45788043478261,61.5,6.5,0.0,29.37,41.944869,-87.832763,9,50552.61882998172,66.0,0.8343235831809872,1.0,75.0,56.5,-2.0,4.9500000000000055,17.9136197440585,0.1964305301645324,64.15105118829982,0,0,1,0,0,0,0
4376,45300,84.0,58.5,71.5,0.6000000000000001,23.0,2.4000000000000004,1805,530,0.0,7,53.45788043478261,61.5,6.5,0.0,29.37,41.944869,-87.832763,9,50551.41877998629,66.0,0.8341329677861549,1.0,75.0,56.5,-2.0,4.9500000000000055,17.914781814027872,0.19638565227324506,64.15044551062371,0,0,0,1,0,0,0
4377,45300,84.0,58.5,71.5,0.6000000000000001,23.0,2.4000000000000004,1805,530,0.0,7,53.45788043478261,61.5,6.5,0.0,29.37,41.991429,-87.747113,9,50550.21927820923,66.0,0.8339424394700776,1.0,75.0,56.5,-2.0,4.9500000000000055,17.915943353129283,0.196340794883507,64.1498401096391,0,0,1,0,0,0,0
4378,45300,84.0,58.5,71.5,0.6000000000000001,23.0,2.4000000000000004,1805,530,0.0,7,53.45788043478261,61.5,6.5,0.0,29.37,41.923738,-87.785288,9,50549.02032427495,71.5,0.8337519981730989,6.5,84.0,56.5,7.0,4.9500000000000055,17.917104361726423,0.1962959579812728,64.14923498515643,0,0,1,0,0,0,0
4379,45300,84.0,58.5,71.5,0.6000000000000001,23.0,2.4000000000000004,1805,530,0.0,7,53.45788043478261,61.5,6.5,0.0,29.37,41.923738,-87.785288,9,50547.82191780822,71.5,0.8335616438356165,6.5,84.0,56.5,7.0,4.9500000000000055,17.918264840182648,0.19625114155251,64.1486301369863,0,0,0,1,0,0,0
4380,45300,84.0,58.5,71.5,0.6000000000000001,23.0,2.4000000000000004,1805,530,0.0,7,53.45788043478261,61.5,6.5,0.0,29.37,41.960616,-87.777189,9,50546.62405843415,71.5,0.8333713763980827,6.5,84.0,56.5,7.0,4.9500000000000055,17.91942478886099,0.19620634558319874,64.14802556493953,0,0,1,0,0,0,0
4381,45300,84.0,58.5,71.5,0.6000000000000001,23.0,2.4000000000000004,1805,530,0.0,7,53.45788043478261,61.5,6.5,0.0,29.37,41.986921,-87.689778,9,50545.42674577818,71.5,0.8331811958010041,6.5,84.0,58.5,7.0,4.9500000000000055,17.920584208124144,0.19616157005933216,64.14742126882702,0,0,1,0,0,0,0
4382,45300,84.0,58.5,71.5,0.6000000000000001,23.0,2.4000000000000004,1805,530,0.0,7,53.45788043478261,61.5,6.5,0.0,29.37,41.986921,-87.689778,9,50544.22997946612,71.5,0.8329911019849419,6.5,84.0,58.5,7.0,4.9500000000000055,17.921743098334478,0.1961168149669162,64.14681724845995,0,0,0,1,0,0,0
4383,45300,84.0,58.5,71.5,0.6000000000000001,23.0,2.4000000000000004,1805,530,0.0,7,53.45788043478261,61.5,6.5,0.0,29.37,41.89923,-87.716788,9,50543.03375912409,71.5,0.8328010948905109,6.5,84.0,58.5,7.0,4.9500000000000055,17.922901459854018,0.19607208029196932,64.14621350364963,0,0,1,0,0,0,0
4384,45300,84.0,58.5,71.5,0.6000000000000001,23.0,2.4000000000000004,1805,530,0.0,7,53.45788043478261,61.5,6.5,0.0,29.37,41.801498,-87.763416,9,50541.83808437856,71.5,0.8326111744583808,6.5,84.0,58.5,7.0,4.9500000000000055,17.92405929304447,0.19602736602052304,64.14561003420752,0,0,1,0,0,0,0
4385,45300,84.0,58.5,71.5,0.6000000000000001,23.0,2.4000000000000004,1805,530,0.0,7,53.45788043478261,61.5,6.5,0.0,29.37,41.801498,-87.763416,9,50540.64295485637,71.5,0.832421340629275,6.5,84.0,58.5,7.0,4.9500000000000055,17.925216598267212,0.19598267213862144,64.14500683994528,0,0,0,1,0,0,0
4386,45300,84.0,58.5,71.5,0.6000000000000001,23.0,2.4000000000000004,1805,530,0.0,7,53.45788043478261,61.5,6.5,0.0,29.37,41.906638,-87.701431,9,50539.448370184626,71.5,0.8322315933439708,6.5,84.0,58.5,7.0,4.9500000000000055,17.926373375883287,0.19593799863232134,64.14440392067472,0,1,0,0,0,0,0
4387,45300,84.0,58.5,71.5,0.6000000000000001,23.0,2.4000000000000004,1805,530,0.0,7,53.45788043478261,61.5,6.5,0.0,29.37,41.906638,-87.701431,9,50538.25432999089,71.5,0.8320419325433001,6.5,84.0,58.5,7.0,4.9500000000000055,17.927529626253413,0.19589334548769227,64.14380127620785,0,0,1,0,0,0,0
4388,45300,84.0,58.5,71.5,0.6000000000000001,23.0,2.4000000000000004,1805,530,0.0,7,53.45788043478261,61.5,6.5,0.0,29.37,41.911824,-87.726737,9,50537.06083390294,71.5,0.8318523581681476,6.5,84.0,58.5,7.0,4.9500000000000055,17.928685349737986,0.19584871269081647,64.14319890635679,0,0,1,0,0,0,0
4389,45300,84.0,58.5,71.5,0.6000000000000001,23.0,2.4000000000000004,1805,530,0.0,7,53.45788043478261,61.5,6.5,0.0,29.37,41.911824,-87.726737,9,50535.867881548984,71.5,0.8316628701594533,6.5,84.0,58.5,7.0,4.9500000000000055,17.92984054669704,0.195804100227789,64.14259681093394,0,0,0,1,0,0,0
4390,45300,84.0,58.5,71.5,0.6000000000000001,23.0,2.4000000000000004,1805,530,0.0,7,53.45788043478261,61.5,6.5,0.0,29.37,41.857402,-87.694991,9,50534.6754725575,71.5,0.8314734684582099,6.5,84.0,58.5,7.0,4.9500000000000055,17.93099521749032,0.1957595080847173,64.14199498975178,0,0,1,0,0,0,0
4391,45300,84.0,58.5,71.5,0.6000000000000001,23.0,2.4000000000000004,1805,530,0.0,7,53.45788043478261,61.5,6.5,0.0,29.37,41.891118,-87.65449100000002,9,50533.483606557376,71.5,0.8312841530054644,6.5,84.0,58.5,7.0,4.9500000000000055,17.932149362477233,0.19571493624772168,64.14139344262296,0,0,1,0,0,0,0
4392,45300,84.0,58.5,71.5,0.6000000000000001,23.0,2.4000000000000004,1805,530,0.0,7,53.45788043478261,61.5,6.5,0.0,29.37,41.867108,-87.654224,9,50532.29228317778,71.5,0.8310949237423173,6.5,84.0,58.5,7.0,4.9500000000000055,17.933302982016844,0.19567038470293505,64.14079216936035,0,0,1,0,0,0,0
4393,45300,84.0,58.5,71.5,0.6000000000000001,23.0,2.4000000000000004,1805,530,0.0,7,53.45788043478261,61.5,6.5,0.0,29.37,41.867108,-87.654224,9,50531.10150204825,71.5,0.8309057806099226,6.5,84.0,58.5,7.0,4.9500000000000055,17.93445607646791,0.19562585343650288,64.14019116977697,0,0,0,1,0,0,0
4394,45300,84.0,58.5,71.5,0.6000000000000001,23.0,2.4000000000000004,1805,530,0.0,7,53.45788043478261,61.5,6.5,0.0,29.37,41.896282,-87.655232,9,50529.91126279863,71.5,0.8307167235494879,6.5,84.0,58.5,7.0,4.9500000000000055,17.93560864618885,0.1955813424345833,64.139590443686,0,0,1,0,0,0,0
4395,45300,84.0,58.5,71.5,0.6000000000000001,23.0,2.4000000000000004,1805,530,0.0,7,53.45788043478261,61.5,6.5,0.0,29.37,41.896282,-87.655232,9,50528.72156505914,71.5,0.8305277525022748,6.5,84.0,58.5,7.0,4.9500000000000055,17.93676069153776,0.19553685168334706,64.13898999090082,0,0,0,1,0,0,0
4396,45300,84.0,58.5,71.5,0.6000000000000001,23.0,2.4000000000000004,1805,530,0.0,7,53.45788043478261,61.5,6.5,0.0,29.37,41.921965,-87.632085,9,50527.53240846031,71.5,0.8303388674095975,6.5,84.0,58.5,7.0,4.9500000000000055,17.937912212872416,0.1954923811689774,64.13838981123493,0,0,1,0,0,0,0
4397,45300,84.0,58.5,71.5,0.6000000000000001,23.0,2.4000000000000004,1805,530,0.0,7,53.45788043478261,61.5,6.5,0.0,29.37,41.921965,-87.632085,9,50526.343792633015,71.5,0.8301500682128241,6.5,84.0,58.5,7.0,4.9500000000000055,17.939063210550252,0.19544793087767026,64.13778990450204,0,0,0,1,0,0,0
4398,45300,84.0,58.5,71.5,0.6000000000000001,23.0,2.4000000000000004,1805,530,0.0,7,53.45788043478261,61.5,6.5,0.0,29.37,41.801179,-87.679447,9,50525.155717208465,71.5,0.8299613548533757,6.5,84.0,58.5,7.0,4.9500000000000055,17.94021368492839,0.19540350079563396,64.13719027051603,0,1,0,0,0,0,0
4399,45300,84.0,58.5,71.5,0.6000000000000001,23.0,2.4000000000000004,1805,530,0.0,7,53.45788043478261,61.5,6.5,0.0,29.37,41.801179,-87.679447,9,50523.968181818185,71.5,0.8297727272727272,6.5,84.0,58.5,7.0,0.6000000000000059,17.941363636363636,0.19535909090908948,64.13659090909091,0,0,1,0,0,0,0
4400,45300,84.0,58.5,71.5,0.6000000000000001,23.0,2.4000000000000004,1805,530,0.0,7,53.45788043478261,61.5,6.5,0.0,29.37,41.82561,-87.726549,9,50522.78118609407,71.5,0.8295841854124063,6.5,84.0,58.5,7.0,0.6000000000000059,17.942513065212452,0.19531470120427036,64.1359918200409,0,1,0,0,0,0,0
4401,45300,84.0,58.5,71.5,0.6000000000000001,23.0,2.4000000000000004,1805,530,0.0,7,53.45788043478261,61.5,6.5,0.0,29.37,41.82561,-87.726549,9,50521.59472966833,71.5,0.8293957292139936,6.5,84.0,58.5,7.0,0.6000000000000059,17.943661971830984,0.19527033166742247,64.13539300318037,0,0,1,0,0,0,0
4402,45300,84.0,58.5,71.5,0.6000000000000001,23.0,2.4000000000000004,1805,530,0.0,7,53.45788043478261,61.5,6.5,0.0,29.37,41.82561,-87.726549,9,50520.40881217352,71.5,0.8292073586191233,6.5,84.0,58.5,7.0,0.6000000000000059,17.944810356575058,0.1952259822848044,64.13479445832387,0,0,0,1,0,0,0
4403,45300,84.0,58.5,71.5,0.6000000000000001,23.0,2.4000000000000004,1805,530,0.0,7,53.45788043478261,61.5,6.5,0.0,29.37,41.77166,-87.703047,9,50519.22343324251,71.5,0.8290190735694822,6.5,84.0,58.5,7.0,0.6000000000000059,17.945958219800183,0.19518165304268706,64.1341961852861,0,0,1,0,0,0,0
4404,45300,84.0,58.5,71.5,0.6000000000000001,23.0,2.4000000000000004,1805,530,0.0,7,53.45788043478261,61.5,6.5,0.0,29.37,41.77166,-87.703047,9,50518.038592508514,71.5,0.8288308740068104,6.5,84.0,58.5,7.0,0.6000000000000059,17.94710556186152,0.19513734392735385,64.13359818388196,0,0,0,1,0,0,0
4405,45300,84.0,58.5,71.5,0.6000000000000001,23.0,2.4000000000000004,1805,530,0.0,7,53.45788043478261,61.5,6.5,0.0,29.37,41.773215,-87.60088,9,50516.854289605086,71.5,0.8286427598729006,6.5,84.0,58.5,7.0,0.6000000000000059,17.948252383113932,0.1950930549251007,64.13300045392647,0,1,0,0,0,0,0
4406,45300,84.0,58.5,71.5,0.6000000000000001,23.0,2.4000000000000004,1805,530,0.0,7,53.45788043478261,61.5,6.5,0.0,29.37,41.773215,-87.60088,9,50515.670524166104,71.5,0.8284547311095983,6.5,84.0,58.5,7.0,0.6000000000000059,17.94939868391196,0.1950487860222359,64.13240299523486,0,0,1,0,0,0,0
4407,45300,84.0,58.5,71.5,0.6000000000000001,23.0,2.4000000000000004,1805,530,0.0,7,53.45788043478261,61.5,6.5,0.0,29.37,41.773215,-87.60088,9,50514.48729582577,71.5,0.8282667876588021,6.5,84.0,58.5,7.0,0.6000000000000059,17.950544464609802,0.19500453720508024,64.1318058076225,0,0,0,1,0,0,0
4408,45300,84.0,58.5,71.5,0.6000000000000001,23.0,2.4000000000000004,1805,530,0.0,7,53.45788043478261,61.5,6.5,0.0,29.37,41.766202,-87.562889,9,50513.304604218654,71.5,0.8280789294624632,6.5,84.0,58.5,7.0,0.6000000000000059,17.95168972556135,0.1949603084599668,64.13120889090497,0,0,1,0,0,0,0
4409,45300,84.0,58.5,71.5,0.6000000000000001,23.0,2.4000000000000004,1805,530,0.0,7,53.45788043478261,61.5,6.5,0.0,29.37,41.754676,-87.612922,9,50512.12244897959,71.5,0.827891156462585,6.5,84.0,58.5,7.0,0.6000000000000059,17.95283446712018,0.1949160997732412,64.13061224489796,0,0,1,0,0,0,0
4410,45300,84.0,58.5,71.5,0.6000000000000001,23.0,2.4000000000000004,1805,530,0.0,7,53.45788043478261,61.5,6.5,0.0,29.37,41.821582,-87.62779599999998,9,50510.94082974382,71.5,0.8277034686012242,6.5,84.0,58.5,7.0,0.6000000000000059,17.95397868963954,0.1948719111312613,64.13001586941736,0,0,1,0,0,0,0
4411,45300,84.0,58.5,71.5,0.6000000000000001,23.0,2.4000000000000004,1805,530,0.0,7,53.45788043478261,61.5,6.5,0.0,29.37,41.803423,-87.642984,9,50509.75974614687,71.5,0.8275158658204895,6.5,84.0,58.5,7.0,0.6000000000000059,17.955122393472347,0.19482774252039747,64.12941976427922,0,0,1,0,0,0,0
4412,45300,84.0,58.5,71.5,0.6000000000000001,23.0,2.4000000000000004,1805,530,0.0,7,53.45788043478261,61.5,6.5,0.0,29.37,41.803423,-87.642984,9,50508.57919782461,71.5,0.8273283480625425,6.5,84.0,58.5,7.0,0.6000000000000059,17.956265578971227,0.19478359392703232,64.1288239292998,0,0,0,1,0,0,0
4413,45300,84.0,58.5,71.5,0.6000000000000001,23.0,2.4000000000000004,1805,530,0.0,7,53.45788043478261,61.5,6.5,0.0,29.37,41.720848,-87.666014,9,50507.39918441323,71.5,0.8271409152695968,6.5,84.0,58.5,7.0,0.6000000000000059,17.957408246488445,0.19473946533756087,64.12822836429542,0,0,1,0,0,0,0
4414,45300,84.0,58.5,71.5,0.6000000000000001,23.0,2.4000000000000004,1805,530,0.0,7,53.45788043478261,61.5,6.5,0.0,29.37,41.704336,-87.70373599999998,9,50506.219705549265,71.5,0.8269535673839185,6.5,84.0,58.5,7.0,0.6000000000000059,17.958550396375987,0.1946953567383904,64.12763306908268,0,1,0,0,0,0,0
4415,45300,84.0,58.5,71.5,0.6000000000000001,23.0,2.4000000000000004,1805,530,0.0,7,53.45788043478261,61.5,6.5,0.0,29.37,41.704336,-87.70373599999998,9,50505.04076086957,71.5,0.8267663043478259,6.5,84.0,58.5,7.0,0.6000000000000059,17.959692028985508,0.1946512681159406,64.12703804347827,0,0,1,0,0,0,0
4416,45300,84.0,58.5,71.5,0.6000000000000001,23.0,2.4000000000000004,1805,530,0.0,7,53.45788043478261,61.5,6.5,0.0,29.37,41.750498,-87.605294,9,50503.86235001132,71.5,0.8265791261036903,6.5,84.0,58.5,7.0,0.6000000000000059,17.960833144668328,0.19460719945664331,64.12644328729907,0,1,0,0,0,0,0
4417,45300,84.0,58.5,71.5,0.6000000000000001,23.0,2.4000000000000004,1805,530,0.0,7,53.45788043478261,61.5,6.5,0.0,29.37,41.750498,-87.605294,9,50502.68447261204,71.5,0.8263920325939339,6.5,84.0,58.5,7.0,0.6000000000000059,17.961973743775467,0.1945631507469429,64.12584880036215,0,0,1,0,0,0,0
4418,45300,84.0,58.5,71.5,0.6000000000000001,23.0,2.4000000000000004,1805,530,0.0,7,53.45788043478261,61.5,6.5,0.0,29.37,41.798697,-87.736812,9,50501.50712830958,71.5,0.8262050237610319,6.5,84.0,58.5,7.0,0.6000000000000059,17.96311382665761,0.19451912197329568,64.12525458248473,0,0,1,0,0,0,0
4419,45300,84.0,58.5,71.5,0.6000000000000001,23.0,2.4000000000000004,1805,530,0.0,7,53.45788043478261,61.5,6.5,0.0,29.37,41.798697,-87.736812,9,50500.33031674208,71.5,0.8260180995475113,6.5,84.0,58.5,7.0,0.6000000000000059,17.964253393665157,0.1944751131221705,64.12466063348417,0,0,0,1,0,0,0
4420,45300,84.0,58.5,71.5,0.6000000000000001,23.0,2.4000000000000004,1805,530,0.0,7,53.45788043478261,61.5,6.5,0.0,29.37,41.673408,-87.599862,9,50499.15403754807,71.5,0.8258312598959512,6.5,84.0,58.5,7.0,0.6000000000000059,17.965392445148154,0.19443112418004832,64.12406695317803,0,1,0,0,0,0,0
4421,45300,84.0,58.5,71.5,0.6000000000000001,23.0,2.4000000000000004,1805,530,0.0,7,53.45788043478261,61.5,6.5,0.0,29.37,41.673408,-87.599862,9,50497.97829036635,71.5,0.8256445047489823,6.5,84.0,58.5,7.0,0.6000000000000059,17.966530981456355,0.1943871551334224,64.12347354138399,0,0,1,0,0,0,0
4422,45300,84.0,58.5,71.5,0.6000000000000001,23.0,2.4000000000000004,1805,530,0.0,7,53.45788043478261,61.5,6.5,0.0,29.37,41.673408,-87.599862,9,50496.80307483608,71.5,0.8254578340492879,6.5,84.0,58.5,7.0,0.6000000000000059,17.967669002939182,0.19434320596879806,64.12288039791996,0,0,0,1,0,0,0
4423,45300,84.0,58.5,71.5,0.6000000000000001,23.0,2.4000000000000004,1805,530,0.0,7,53.45788043478261,61.5,6.5,0.0,29.37,41.704572,-87.56566600000002,9,50495.628390596736,71.5,0.8252712477396021,6.5,84.0,58.5,7.0,0.6000000000000059,17.96880650994575,0.19429927667269295,64.12228752260398,0,1,0,0,0,0,0
4424,45300,84.0,58.5,71.5,0.6000000000000001,23.0,2.4000000000000004,1805,530,0.0,7,53.45788043478261,61.5,6.5,0.0,29.37,41.704572,-87.56566600000002,9,50494.45423728813,71.5,0.8250847457627118,6.5,84.0,58.5,7.0,0.6000000000000059,17.969943502824858,0.19425536723163697,64.12169491525424,0,0,1,0,0,0,0
4425,45300,84.0,58.5,71.5,0.6000000000000001,23.0,2.4000000000000004,1805,530,0.0,7,53.45788043478261,61.5,6.5,0.0,29.37,41.662014,-87.72460799999998,9,50493.28061455039,71.5,0.8248983280614549,6.5,84.0,58.5,7.0,0.6000000000000059,17.97107998192499,0.19421147763217209,64.12110257568911,0,1,0,0,0,0,0
4426,45300,84.0,58.5,71.5,0.6000000000000001,23.0,2.4000000000000004,1805,530,0.0,7,53.45788043478261,61.5,6.5,0.0,29.37,41.662014,-87.72460799999998,9,50492.107522023936,71.5,0.8247119945787215,6.5,84.0,58.5,7.0,0.6000000000000059,17.972215947594307,0.1941676078608524,64.12051050372713,0,0,1,0,0,0,0
4427,45300,84.0,58.5,71.5,0.6000000000000001,23.0,2.4000000000000004,1805,530,0.0,7,53.45788043478261,61.5,6.5,0.0,29.37,41.662014,-87.72460799999998,9,50490.934959349586,71.5,0.8245257452574526,6.5,84.0,58.5,7.0,0.6000000000000059,17.973351400180672,0.19412375790424427,64.119918699187,0,0,0,1,0,0,0
4428,45300,84.0,58.5,71.5,0.6000000000000001,23.0,2.4000000000000004,1805,530,0.0,7,53.45788043478261,61.5,6.5,0.0,29.37,41.72646500000001,-87.585413,9,50489.76292616843,71.5,0.8243395800406412,6.5,84.0,58.5,7.0,0.6000000000000059,17.97448634003161,0.1940799277489261,64.11932716188755,0,0,1,0,0,0,0
4429,45300,84.0,58.5,71.5,0.6000000000000001,23.0,2.4000000000000004,1805,530,0.0,7,53.45788043478261,61.5,6.5,0.0,29.37,41.72646500000001,-87.585413,9,50488.591422121906,71.5,0.8241534988713318,6.5,84.0,58.5,7.0,0.6000000000000059,17.975620767494355,0.1940361173814884,64.11873589164786,0,0,0,1,0,0,0
4430,45300,84.0,58.5,71.5,0.6000000000000001,23.0,2.4000000000000004,1805,530,0.0,7,53.45788043478261,61.5,6.5,0.0,29.37,41.94016,-87.794896,9,50487.42044685173,71.5,0.8239675016926202,6.5,84.0,58.5,7.0,0.6000000000000059,17.97675468291582,0.1939923267885339,64.11814488828706,0,0,1,0,0,0,0
4431,45300,84.0,58.5,71.5,0.6000000000000001,23.0,2.4000000000000004,1805,530,0.0,7,53.45788043478261,61.5,6.5,0.0,29.37,41.94016,-87.794896,9,50486.25,71.5,0.8237815884476535,6.5,84.0,58.5,7.0,0.6000000000000059,17.9778880866426,0.1939485559566773,64.11755415162455,0,0,0,1,0,0,0
4432,45300,84.0,58.5,71.5,0.6000000000000001,23.0,2.4000000000000004,1805,530,0.0,7,53.45788043478261,61.5,6.5,0.0,29.37,41.932094,-87.700117,9,50485.08008120911,71.5,0.8235957590796301,6.5,84.0,58.5,7.0,0.6000000000000059,17.97902097902098,0.19390480487254536,64.11696368147982,0,0,1,0,0,0,0
4433,45300,84.0,58.5,71.5,0.6000000000000001,23.0,2.4000000000000004,1805,530,0.0,7,53.45788043478261,61.5,6.5,0.0,29.37,41.932094,-87.700117,9,50483.91069012179,71.5,0.8234100135317998,6.5,84.0,58.5,7.0,0.6000000000000059,17.980153360396933,0.1938610735227771,64.11637347767252,0,0,0,1,0,0,0
4434,45300,84.0,58.5,71.5,0.6000000000000001,23.0,2.4000000000000004,1805,530,0.0,7,53.45788043478261,61.5,6.5,0.0,29.37,42.01743,-87.68776899999996,9,50482.74182638106,71.5,0.8232243517474633,6.5,84.0,58.5,7.0,0.6000000000000059,17.98128523111612,0.19381736189402335,64.11578354002255,0,0,1,0,0,0,0
4435,45300,84.0,58.5,71.5,0.6000000000000001,23.0,2.4000000000000004,1805,530,0.0,7,53.45788043478261,61.5,6.5,0.0,29.37,41.916265,-87.800515,9,50481.573489630304,71.5,0.8230387736699729,6.5,84.0,58.5,7.0,0.6000000000000059,17.982416591523894,0.1937736699729472,64.11519386834986,0,0,1,0,0,0,0
4436,45300,84.0,58.5,71.5,0.6000000000000001,23.0,2.4000000000000004,1805,530,0.0,7,53.45788043478261,61.5,6.5,0.0,29.37,41.916265,-87.800515,9,50480.405679513184,71.5,0.8228532792427316,6.5,84.0,58.5,7.0,0.6000000000000059,17.983547441965293,0.19372999774622351,64.11460446247465,0,0,0,1,0,0,0
4437,45300,84.0,58.5,71.5,0.6000000000000001,23.0,2.4000000000000004,1805,530,0.0,7,53.45788043478261,61.5,6.5,0.0,29.37,41.907645,-87.760886,9,50479.23839567373,71.5,0.8226678684091934,6.5,84.0,58.5,7.0,0.6000000000000059,17.984677782785038,0.19368634520053934,64.11401532221721,0,0,1,0,0,0,0
4438,45300,84.0,58.5,71.5,0.6000000000000001,23.0,2.4000000000000004,1805,530,0.0,7,53.45788043478261,61.5,6.5,0.0,29.37,41.907645,-87.760886,9,50478.07163775625,71.5,0.8224825411128632,6.5,84.0,58.5,7.0,0.6000000000000059,17.98580761432755,0.19364271232259372,64.11342644739807,0,0,0,1,0,0,0
4439,45300,84.0,58.5,71.5,0.6000000000000001,23.0,2.4000000000000004,1805,530,0.0,7,53.45788043478261,61.5,6.5,0.0,29.37,41.682587,-87.707973,9,50476.90540540541,71.5,0.8222972972972973,6.5,84.0,58.5,7.0,0.6000000000000059,17.986936936936935,0.19359909909909767,64.11283783783784,0,0,1,0,0,0,0
4440,45300,84.0,58.5,71.5,0.6000000000000001,23.0,2.4000000000000004,1805,530,0.0,7,53.45788043478261,61.5,6.5,0.0,29.37,41.682587,-87.707973,9,50475.73969826616,71.5,0.8221121369061022,6.5,84.0,58.5,7.0,0.6000000000000059,17.988065750956988,0.19355550551677408,64.11224949335735,0,0,0,1,0,0,0
4441,45300,84.0,58.5,71.5,0.6000000000000001,23.0,2.4000000000000004,1805,530,0.0,7,53.45788043478261,61.5,6.5,0.0,29.37,41.732984,-87.649642,9,50474.57451598379,71.5,0.8219270598829356,6.5,84.0,58.5,7.0,0.6000000000000059,17.9891940567312,0.19351193156235788,64.11166141377758,0,0,1,0,0,0,0
4442,45300,84.0,58.5,71.5,0.6000000000000001,23.0,2.4000000000000004,1805,530,0.0,7,53.45788043478261,61.5,6.5,0.0,29.37,41.678618,-87.559308,9,50473.409858203915,71.5,0.8217420661715057,6.5,84.0,58.5,7.0,0.6000000000000059,17.990321854602747,0.1934683772225959,64.11107359891965,0,1,0,0,0,0,0
4443,45300,84.0,58.5,71.5,0.6000000000000001,23.0,2.4000000000000004,1805,530,0.0,7,53.45788043478261,61.5,6.5,0.0,29.37,41.678618,-87.559308,9,50472.24572457246,71.5,0.8215571557155715,6.5,84.0,58.5,7.0,0.6000000000000059,17.99144914491449,0.193424842484247,64.11048604860486,0,0,1,0,0,0,0
4444,45300,84.0,58.5,71.5,0.6000000000000001,23.0,2.4000000000000004,1805,530,0.0,7,53.45788043478261,61.5,6.5,0.0,29.37,41.678618,-87.559308,9,50471.082114735655,71.5,0.8213723284589426,6.5,84.0,58.5,7.0,0.6000000000000059,17.992575928009,0.1933813273340818,64.10989876265468,0,0,0,1,0,0,0
4445,45300,84.0,58.5,71.5,0.6000000000000001,23.0,2.4000000000000004,1805,530,0.0,7,53.45788043478261,61.5,6.5,0.0,29.37,41.740641,-87.546587,9,50469.919028340075,71.5,0.8211875843454791,6.5,84.0,58.5,7.0,0.6000000000000059,17.99370220422852,0.19333783175888294,64.10931174089069,0,1,0,0,0,0,0
4446,45300,84.0,58.5,71.5,0.6000000000000001,23.0,2.4000000000000004,1805,530,0.0,7,53.45788043478261,61.5,6.5,0.0,29.37,41.740641,-87.546587,9,50468.75646503262,71.5,0.8210029233190915,6.5,84.0,58.5,7.0,0.6000000000000059,17.994827973914994,0.19329435574544496,64.10872498313469,0,0,1,0,0,0,0
4447,45300,84.0,58.5,71.5,0.6000000000000001,23.0,2.4000000000000004,1805,530,0.0,7,53.45788043478261,61.5,6.5,0.0,29.37,41.680946,-87.535198,9,50467.59442446043,71.5,0.820818345323741,6.5,84.0,58.5,7.0,0.6000000000000059,17.99595323741007,0.19325089928057407,64.10813848920863,0,0,1,0,0,0,0
4448,45300,84.0,58.5,71.5,0.6000000000000001,23.0,2.4000000000000004,1805,530,0.0,7,53.45788043478261,61.5,6.5,0.0,29.37,41.680946,-87.535198,9,50466.43290627108,71.5,0.8206338503034389,6.5,84.0,58.5,7.0,0.6000000000000059,17.99707799505507,0.1932074623510887,64.10755225893459,0,0,0,1,0,0,0
4449,45300,84.0,58.5,71.5,0.6000000000000001,23.0,2.4000000000000004,1805,530,0.0,7,53.45788043478261,61.5,6.5,0.0,29.37,41.948167,-87.730698,9,50465.271910112366,71.5,0.8204494382022471,6.5,84.0,58.5,7.0,0.6000000000000059,17.998202247191013,0.1931640449438188,64.10696629213483,0,0,1,0,0,0,0
4450,45300,84.0,58.5,71.5,0.6000000000000001,23.0,2.4000000000000004,1805,530,0.0,7,53.45788043478261,61.5,6.5,0.0,29.37,41.948167,-87.730698,9,50464.11143563244,71.5,0.8202651089642777,6.5,84.0,58.5,7.0,0.6000000000000059,17.999325994158614,0.1931206470456063,64.10638058863178,0,0,0,1,0,0,0
4451,45300,84.0,58.5,71.5,0.6000000000000001,23.0,2.4000000000000004,1805,530,0.0,7,53.45788043478261,61.5,6.5,0.0,29.37,41.963976,-87.69181,9,50462.95148247979,71.5,0.8200808625336927,6.5,84.0,58.5,7.0,0.6000000000000059,18.000449236298298,0.19307726864330496,64.10579514824798,0,0,1,0,0,0,0
4452,45300,84.0,58.5,71.5,0.6000000000000001,23.0,2.4000000000000004,1805,530,0.0,7,53.45788043478261,61.5,6.5,0.0,29.37,41.963976,-87.69181,9,50461.792050303164,71.5,0.8198966988547047,6.5,84.0,58.5,7.0,0.6000000000000059,18.001571973950146,0.1930339097237803,64.10520997080621,0,0,0,1,0,0,0
4453,45300,84.0,58.5,71.5,0.6000000000000001,23.0,2.4000000000000004,1805,530,0.0,7,53.45788043478261,61.5,6.5,0.0,29.37,41.659112,-87.53869300000002,9,50460.63313875168,71.5,0.8197126178715761,6.5,84.0,58.5,7.0,0.6000000000000059,18.002694207453974,0.19299057027390967,64.10462505612932,0,0,1,0,0,0,0
4454,45300,84.0,58.5,71.5,0.6000000000000001,23.0,2.4000000000000004,1805,530,0.0,7,53.45788043478261,61.5,6.5,0.0,29.37,41.925198,-87.746381,9,50459.47474747475,71.5,0.8195286195286196,6.5,84.0,58.5,7.0,0.6000000000000059,18.00381593714927,0.19294725028058216,64.10404040404039,0,0,1,0,0,0,0
4455,45300,84.0,58.5,71.5,0.6000000000000001,23.0,2.4000000000000004,1805,530,0.0,7,53.45788043478261,61.5,6.5,0.0,29.37,41.973845,-87.805059,9,50458.31687612208,71.5,0.8193447037701975,6.5,84.0,58.5,7.0,0.6000000000000059,18.004937163375228,0.1929039497306988,64.10345601436266,0,1,0,0,0,0,0
4456,45300,84.0,58.5,71.5,0.6000000000000001,23.0,2.4000000000000004,1805,530,0.0,7,53.45788043478261,61.5,6.5,0.0,29.37,41.973845,-87.805059,9,50457.15952434373,71.5,0.8191608705407225,6.5,84.0,58.5,7.0,0.6000000000000059,18.006057886470717,0.192860668611172,64.10287188691946,0,0,1,0,0,0,0
4457,45300,84.0,58.5,71.5,0.6000000000000001,23.0,2.4000000000000004,1805,530,0.0,7,53.45788043478261,61.5,6.5,0.0,29.37,41.973845,-87.805059,9,50456.00269179004,71.5,0.8189771197846568,6.5,84.0,58.5,7.0,0.6000000000000059,18.007178106774337,0.19281740690892635,64.10228802153432,0,0,0,1,0,0,0
4458,45300,84.0,58.5,71.5,0.6000000000000001,23.0,2.4000000000000004,1805,530,0.0,7,53.45788043478261,61.5,6.5,0.0,29.37,41.94722700000001,-87.67145699999998,9,50454.84637811168,71.5,0.8187934514465127,6.5,84.0,58.5,7.0,0.6000000000000059,18.008297824624353,0.19277416461089789,64.10170441803095,0,0,1,0,0,0,0
4459,45300,84.0,58.5,71.5,0.6000000000000001,23.0,2.4000000000000004,1805,530,0.0,7,53.45788043478261,61.5,6.5,0.0,29.37,41.743402,-87.731435,9,50453.690582959636,71.5,0.8186098654708521,6.5,84.0,58.5,7.0,0.6000000000000059,18.009417040358745,0.1927309417040345,64.10112107623318,0,1,0,0,0,0,0
4460,45300,84.0,58.5,71.5,0.6000000000000001,23.0,2.4000000000000004,1805,530,0.0,7,53.45788043478261,61.5,6.5,0.0,29.37,41.743402,-87.731435,9,50452.535305985206,71.5,0.8184263618022865,6.5,84.0,58.5,7.0,0.6000000000000059,18.010535754315175,0.1926877381752956,64.10053799596503,0,0,1,0,0,0,0
4461,45300,84.0,58.5,71.5,0.6000000000000001,23.0,2.4000000000000004,1805,530,0.0,7,53.45788043478261,61.5,6.5,0.0,29.37,41.743402,-87.731435,9,50451.38054683998,71.5,0.8182429403854774,6.5,84.0,58.5,7.0,0.6000000000000059,18.011653966831016,0.19264455401165254,64.09995517705065,0,0,0,1,0,0,0
4462,45300,84.0,58.5,71.5,0.6000000000000001,23.0,2.4000000000000004,1805,530,0.0,7,53.45788043478261,61.5,6.5,0.0,29.37,41.728495,-87.60096300000002,9,50450.226305175885,71.5,0.8180596011651355,6.5,84.0,58.5,7.0,0.6000000000000059,18.012771678243332,0.1926013892000882,64.09937261931437,0,0,1,0,0,0,0
4463,45300,84.0,58.5,71.5,0.6000000000000001,23.0,2.4000000000000004,1805,530,0.0,7,53.45788043478261,61.5,6.5,0.0,29.37,41.951866,-87.72505699999998,9,50449.07258064517,71.5,0.8178763440860215,6.5,84.0,58.5,7.0,0.6000000000000059,18.01388888888889,0.19255824372759714,64.09879032258064,0,0,1,0,0,0,0
4464,45300,84.0,58.5,71.5,0.6000000000000001,23.0,2.4000000000000004,1805,530,0.0,7,53.45788043478261,61.5,6.5,0.0,29.37,41.951866,-87.72505699999998,9,50447.91937290034,71.5,0.8176931690929451,6.5,84.0,58.5,7.0,0.6000000000000059,18.015005599104146,0.1925151175811856,64.09820828667414,0,0,0,1,0,0,0
4465,45300,84.0,58.5,71.5,0.6000000000000001,23.0,2.4000000000000004,1805,530,0.0,7,53.45788043478261,61.5,6.5,0.0,29.37,41.753411,-87.63981700000002,9,50446.766681594265,71.5,0.8175100761307658,6.5,84.0,58.5,7.0,0.6000000000000059,18.016121809225254,0.1924720107478714,64.09762651141962,0,0,1,0,0,0,0
4466,45300,84.0,58.5,71.5,0.6000000000000001,23.0,2.4000000000000004,1805,530,0.0,7,53.45788043478261,61.5,6.5,0.0,29.37,41.904194,-87.756155,9,50445.614506380116,71.5,0.8173270651443922,6.5,84.0,58.5,7.0,0.6000000000000059,18.01723751958809,0.19242892321468405,64.09704499664204,0,0,1,0,0,0,0
4467,45300,84.0,58.5,71.5,0.6000000000000001,23.0,2.4000000000000004,1805,530,0.0,7,53.45788043478261,61.5,6.5,0.0,29.37,41.974689,-87.890615,9,50444.46284691137,71.5,0.8171441360787824,6.5,84.0,58.5,7.0,0.6000000000000059,18.0183527305282,0.19238585496866464,64.09646374216652,0,1,0,0,0,0,0
4468,45300,84.0,58.5,71.5,0.6000000000000001,23.0,2.4000000000000004,1805,530,0.0,7,53.45788043478261,61.5,6.5,0.0,29.37,41.974689,-87.890615,9,50443.3117028418,71.5,0.8169612888789438,6.5,84.0,58.5,7.0,0.6000000000000059,18.019467442380847,0.1923428059968659,64.09588274781831,0,0,1,0,0,0,0
4469,45300,84.0,58.5,71.5,0.6000000000000001,23.0,2.4000000000000004,1805,530,0.0,7,53.45788043478261,61.5,6.5,0.0,29.37,41.974689,-87.890615,9,50442.16107382551,71.5,0.8167785234899329,6.5,84.0,58.5,7.0,0.6000000000000059,18.020581655480985,0.1922997762863521,64.09530201342282,0,0,0,1,0,0,0
4470,45300,84.0,58.5,71.5,0.6000000000000001,23.0,2.4000000000000004,1805,530,0.0,7,53.45788043478261,61.5,6.5,0.0,29.37,41.957799,-87.930995,9,50441.01095951688,71.5,0.8165958398568552,6.5,84.0,58.5,7.0,0.6000000000000059,18.021695370163275,0.19225676582419896,64.09472153880564,0,1,0,0,0,0,0
4471,45300,84.0,58.5,71.5,0.6000000000000001,23.0,2.4000000000000004,1805,530,0.0,7,53.45788043478261,61.5,6.5,0.0,29.37,41.957799,-87.930995,9,50439.86135957066,71.5,0.8164132379248659,6.5,84.0,58.5,7.0,0.6000000000000059,18.02280858676207,0.1922137745974941,64.09414132379247,0,0,1,0,0,0,0
4472,45300,84.0,58.5,71.5,0.6000000000000001,23.0,2.4000000000000004,1805,530,0.0,7,53.45788043478261,61.5,6.5,0.0,29.37,41.957799,-87.930995,9,50438.712273641846,71.5,0.8162307176391683,6.5,84.0,58.5,7.0,0.6000000000000059,18.023921305611445,0.1921708025933364,64.09356136820925,0,0,0,1,0,0,0
4473,44700,71.5,52.0,62.0,3.95,6.5,4.800000000000002,1758,533,3.0,-3,53.45788043478261,56.5,0.0,0.0,29.48,41.95469,-87.800991,9,50437.42959320518,71.5,0.8167188198480108,6.5,84.0,58.5,7.0,0.6000000000000059,18.021345552078678,0.19212784979883632,64.09186410371032,0,0,1,0,0,0,0
4474,44700,71.5,52.0,62.0,3.95,6.5,4.800000000000002,1758,533,3.0,-3,53.45788043478261,56.5,0.0,0.0,29.48,41.95469,-87.800991,9,50436.147486033515,71.5,0.8172067039106146,6.5,84.0,58.5,7.0,0.6000000000000059,18.018770949720672,0.1920849162011159,64.09016759776536,0,0,0,1,0,0,0
4475,44700,71.5,52.0,62.0,3.95,6.5,4.800000000000002,1758,533,3.0,-3,53.45788043478261,56.5,0.0,0.0,29.48,41.964242,-87.757639,9,50434.86595174263,71.5,0.8176943699731903,6.5,84.0,58.5,7.0,0.6000000000000059,18.016197497765862,0.19204200178730868,64.08847184986595,0,1,0,0,0,0,0
4476,44700,71.5,52.0,62.0,3.95,6.5,4.800000000000002,1758,533,3.0,-3,53.45788043478261,56.5,0.0,0.0,29.48,41.964242,-87.757639,9,50433.584989948635,71.5,0.8181818181818182,6.5,84.0,58.5,7.0,0.6000000000000059,18.013625195443378,0.19199910654455968,64.08677685950414,0,0,1,0,0,0,0
4477,44700,71.5,52.0,62.0,3.95,6.5,4.800000000000002,1758,533,3.0,-3,53.45788043478261,56.5,0.0,0.0,29.48,41.964242,-87.757639,9,50432.30460026798,71.5,0.8186690486824475,6.5,84.0,58.5,7.0,0.6000000000000059,18.011054041983027,0.19195623046002536,64.0850826261724,0,0,0,0,0,0,1
4478,44700,71.5,52.0,62.0,3.95,6.5,4.800000000000002,1758,533,3.0,-3,53.45788043478261,56.5,0.0,0.0,29.48,42.008314,-87.77792099999998,9,50431.02478231748,71.5,0.8191560616208975,6.5,84.0,58.5,7.0,0.6000000000000059,18.008484036615318,0.1919133735208738,64.0833891493637,0,0,1,0,0,0,0
4479,44700,71.5,52.0,62.0,3.95,6.5,4.800000000000002,1758,533,3.0,-3,53.45788043478261,56.5,0.0,0.0,29.48,41.98196400000001,-87.812827,9,50429.745535714275,71.5,0.8196428571428571,6.5,84.0,58.5,7.0,0.6000000000000059,18.005915178571428,0.1918705357142843,64.08169642857143,0,0,1,0,0,0,0
4480,44700,71.5,52.0,62.0,3.95,6.5,4.800000000000002,1758,533,3.0,-3,53.45788043478261,56.5,0.0,0.0,29.48,41.99247800000001,-87.862995,9,50428.46686007587,62.0,0.8201294353938853,0.0,71.5,58.5,-3.0,0.6000000000000059,18.003347467083238,0.19182771702744786,64.08000446328944,0,0,1,0,0,0,0
4481,44700,71.5,52.0,62.0,3.95,6.5,4.800000000000002,1758,533,3.0,-3,53.45788043478261,56.5,0.0,0.0,29.48,41.944869,-87.832763,9,50427.18875502008,62.0,0.8206157965194109,0.0,71.5,58.5,-3.0,0.6000000000000059,18.000780901383308,0.19178491744756665,64.07831325301204,0,1,0,0,0,0,0
4482,44700,71.5,52.0,62.0,3.95,6.5,4.800000000000002,1758,533,3.0,-3,53.45788043478261,56.5,0.0,0.0,29.48,41.944869,-87.832763,9,50425.91122016507,62.0,0.8211019406647334,0.0,71.5,58.5,-3.0,0.6000000000000059,17.998215480704886,0.1917421369618545,64.076622797234,0,0,1,0,0,0,0
4483,44700,71.5,52.0,62.0,3.95,6.5,4.800000000000002,1758,533,3.0,-3,53.45788043478261,56.5,0.0,0.0,29.48,41.991429,-87.747113,9,50424.63425512935,62.0,0.8215878679750223,0.0,71.5,52.0,-3.0,0.6000000000000059,17.99565120428189,0.1916993755575365,64.07493309545049,0,1,0,0,0,0,0
4484,44700,71.5,52.0,62.0,3.95,6.5,4.800000000000002,1758,533,3.0,-3,53.45788043478261,56.5,0.0,0.0,29.48,41.991429,-87.747113,9,50423.357859531774,62.0,0.8220735785953177,0.0,71.5,52.0,-3.0,0.6000000000000059,17.993088071348943,0.1916566332218492,64.0732441471572,0,0,1,0,0,0,0
4485,44700,71.5,52.0,62.0,3.95,6.5,4.800000000000002,1758,533,3.0,-3,53.45788043478261,56.5,0.0,0.0,29.48,41.991429,-87.747113,9,50422.08203299154,62.0,0.8225590726705305,0.0,71.5,52.0,-3.0,0.6000000000000059,17.99052608114133,0.1916139099420405,64.0715559518502,0,0,0,1,0,0,0
4486,44700,71.5,52.0,62.0,3.95,6.5,4.800000000000002,1758,533,3.0,-3,53.45788043478261,56.5,0.0,0.0,29.48,41.923738,-87.785288,9,50420.806775128156,62.0,0.8230443503454424,0.0,71.5,52.0,-3.0,0.6000000000000059,17.987965232895032,0.19157120570536967,64.06986850902608,0,1,0,0,0,0,0
4487,44700,71.5,52.0,62.0,3.95,6.5,4.800000000000002,1758,533,3.0,-3,53.45788043478261,56.5,0.0,0.0,29.48,41.923738,-87.785288,9,50419.53208556151,62.0,0.8235294117647058,0.0,71.5,52.0,-3.0,0.6000000000000059,17.985405525846698,0.19152852049910726,64.06818181818181,0,0,1,0,0,0,0
4488,44700,71.5,52.0,62.0,3.95,6.5,4.800000000000002,1758,533,3.0,-3,53.45788043478261,56.5,0.0,0.0,29.48,41.923738,-87.785288,9,50418.257963911776,62.0,0.8240142570728447,0.0,71.5,52.0,-3.0,0.6000000000000059,17.982846959233683,0.19148585431053547,64.06649587881488,0,0,0,1,0,0,0
4489,44700,71.5,52.0,62.0,3.95,6.5,4.800000000000002,1758,533,3.0,-3,53.45788043478261,56.5,0.0,0.0,29.48,42.011601,-87.81150600000002,9,50416.98440979955,62.0,0.8244988864142541,0.0,71.5,52.0,-3.0,0.6000000000000059,17.980289532293988,0.19144320712694735,64.06481069042316,0,1,0,0,0,0,0
4490,44700,71.5,52.0,62.0,3.95,6.5,4.800000000000002,1758,533,3.0,-3,53.45788043478261,56.5,0.0,0.0,29.48,42.011601,-87.81150600000002,9,50415.711422845685,62.0,0.8249832999331997,0.0,71.5,52.0,-3.0,0.6000000000000059,17.97773324426631,0.19140057893564769,64.063126252505,0,0,1,0,0,0,0
4491,44700,71.5,52.0,62.0,3.95,6.5,4.800000000000002,1758,533,3.0,-3,53.45788043478261,56.5,0.0,0.0,29.48,42.011601,-87.81150600000002,9,50414.43900267142,62.0,0.8254674977738201,0.0,71.5,52.0,-3.0,0.6000000000000059,17.975178094390028,0.19135796972395228,64.06144256455921,0,0,0,1,0,0,0
4492,44700,71.5,52.0,62.0,3.95,6.5,4.800000000000002,1758,533,3.0,-3,53.45788043478261,56.5,0.0,0.0,29.48,41.960616,-87.777189,9,50413.16714889828,62.0,0.8259514800801246,0.0,71.5,52.0,-3.0,0.6000000000000059,17.972624081905185,0.19131537947918845,64.05975962608504,0,0,1,0,0,0,0
4493,44700,71.5,52.0,62.0,3.95,6.5,4.800000000000002,1758,533,3.0,-3,53.45788043478261,56.5,0.0,0.0,29.48,41.960616,-87.777189,9,50411.8958611482,62.0,0.8264352469959947,0.0,71.5,52.0,-3.0,0.6000000000000059,17.97007120605251,0.19127280818869466,64.05807743658211,0,0,0,1,0,0,0
4494,44700,71.5,52.0,62.0,3.95,6.5,4.800000000000002,1758,533,3.0,-3,53.45788043478261,56.5,0.0,0.0,29.48,41.986921,-87.689778,9,50410.625139043375,62.0,0.8269187986651836,0.0,71.5,52.0,-3.0,0.6000000000000059,17.967519466073412,0.19123025583982065,64.05639599555062,0,0,1,0,0,0,0
4495,44700,71.5,52.0,62.0,3.95,6.5,4.800000000000002,1758,533,3.0,-3,53.45788043478261,56.5,0.0,0.0,29.48,41.89923,-87.716788,9,50409.354982206416,62.0,0.8274021352313167,0.0,71.5,52.0,-3.0,0.6000000000000059,17.964968861209965,0.19118772241992746,64.0547153024911,0,0,0,1,0,0,0
4496,44700,71.5,52.0,62.0,3.95,6.5,4.800000000000002,1758,533,3.0,-3,53.45788043478261,56.5,0.0,0.0,29.48,41.906638,-87.701431,9,50408.085390260174,62.0,0.8278852568378919,0.0,71.5,52.0,-3.0,0.6000000000000059,17.962419390704913,0.1911452079163873,64.0530353569046,0,1,0,0,0,0,0
4497,44700,71.5,52.0,62.0,3.95,6.5,4.800000000000002,1758,533,3.0,-3,53.45788043478261,56.5,0.0,0.0,29.48,41.906638,-87.701431,9,50406.81636282792,62.0,0.8283681636282793,0.0,71.5,52.0,-3.0,0.6000000000000059,17.959871053801688,0.1911027123165837,64.05135615829258,0,0,1,0,0,0,0
4498,44700,71.5,52.0,62.0,3.95,6.5,4.800000000000002,1758,533,3.0,-3,53.45788043478261,56.5,0.0,0.0,29.48,41.911824,-87.726737,9,50405.54789953323,62.0,0.8288508557457213,0.0,71.5,52.0,-3.0,0.6000000000000059,17.957323849744387,0.19106023560791147,64.04967770615693,0,1,0,0,0,0,0
4499,44700,71.5,52.0,62.0,3.95,6.5,4.800000000000002,1758,533,3.0,-3,53.45788043478261,56.5,0.0,0.0,29.48,41.911824,-87.726737,9,50404.28,62.0,0.8293333333333334,0.0,71.5,52.0,-3.0,0.6000000000000059,17.954777777777778,0.1910177777777764,64.048,0,0,1,0,0,0,0
4500,44700,71.5,52.0,62.0,3.95,6.5,4.800000000000002,1758,533,3.0,-3,53.45788043478261,56.5,0.0,0.0,29.48,41.911824,-87.726737,9,50403.01266385248,62.0,0.8298155965341035,0.0,71.5,52.0,-3.0,0.6000000000000059,17.9522328371473,0.1909753388135956,64.0463230393246,0,0,0,1,0,0,0
4501,44700,71.5,52.0,62.0,3.95,6.5,4.800000000000002,1758,533,3.0,-3,53.45788043478261,56.5,0.0,0.0,29.48,41.891118,-87.65449100000002,9,50401.74589071523,62.0,0.8302976454908929,0.0,71.5,52.0,-3.0,3.9500000000000064,17.949689027099065,0.19093291870279736,64.04464682363394,0,0,1,0,0,0,0
4502,44700,71.5,52.0,62.0,3.95,6.5,4.800000000000002,1758,533,3.0,-3,53.45788043478261,56.5,0.0,0.0,29.48,41.891118,-87.65449100000002,9,50400.47968021318,62.0,0.8307794803464357,0.0,71.5,52.0,-3.0,3.9500000000000055,17.947146346879858,0.19089051743282115,64.0429713524317,0,0,0,1,0,0,0
4503,44700,71.5,52.0,62.0,3.95,6.5,4.800000000000002,1758,533,3.0,-3,53.45788043478261,56.5,0.0,0.0,29.48,41.868142,-87.696269,9,50399.21403197158,62.0,0.8312611012433393,0.0,71.5,52.0,-3.0,3.9500000000000055,17.944604795737124,0.1908481349911176,64.04129662522203,0,0,1,0,0,0,0
4504,44700,71.5,52.0,62.0,3.95,6.5,4.800000000000002,1758,533,3.0,-3,53.45788043478261,56.5,0.0,0.0,29.48,41.868142,-87.696269,9,50397.94894561598,62.0,0.8317425083240844,0.0,71.5,52.0,-3.0,3.9500000000000055,17.942064372918978,0.1908057713651484,64.03962264150944,0,0,0,1,0,0,0
4505,44700,71.5,52.0,62.0,3.95,6.5,4.800000000000002,1758,533,3.0,-3,53.45788043478261,56.5,0.0,0.0,29.48,41.867108,-87.654224,9,50396.684420772304,62.0,0.8322237017310253,0.0,71.5,52.0,-3.0,3.9500000000000055,17.93952507767421,0.1907634265423865,64.03794940079894,0,1,0,0,0,0,0
4506,44700,71.5,52.0,62.0,3.95,6.5,4.800000000000002,1758,533,3.0,-3,53.45788043478261,56.5,0.0,0.0,29.48,41.867108,-87.654224,9,50395.42045706679,62.0,0.8327046816063901,0.0,71.5,52.0,-3.0,3.9500000000000055,17.936986909252273,0.19072110051031588,64.03627690259596,0,0,1,0,0,0,0
4507,44700,71.5,52.0,62.0,3.95,6.5,4.800000000000002,1758,533,3.0,-3,53.45788043478261,56.5,0.0,0.0,29.48,41.867108,-87.654224,9,50394.15705412599,62.0,0.8331854480922803,0.0,71.5,52.0,-3.0,3.9500000000000055,17.934449866903282,0.1906787932564316,64.03460514640639,0,0,0,1,0,0,0
4508,44700,71.5,52.0,62.0,3.95,6.5,4.800000000000002,1758,533,3.0,-3,53.45788043478261,56.5,0.0,0.0,29.48,41.896282,-87.655232,9,50392.894211576844,62.0,0.833666001330672,0.0,71.5,52.0,-3.0,3.9500000000000055,17.931913949878023,0.1906365047682399,64.03293413173652,0,0,1,0,0,0,0
4509,44700,71.5,52.0,62.0,3.95,6.5,4.800000000000002,1758,533,3.0,-3,53.45788043478261,56.5,0.0,0.0,29.48,41.921965,-87.632085,9,50391.63192904656,62.0,0.8341463414634146,0.0,71.5,52.0,-3.0,3.9500000000000055,17.929379157427938,0.190594235033258,64.03126385809313,0,0,1,0,0,0,0
4510,44700,71.5,52.0,62.0,3.95,6.5,4.800000000000002,1758,533,3.0,-3,53.45788043478261,56.5,0.0,0.0,29.48,41.921965,-87.632085,9,50390.37020616271,62.0,0.8346264686322323,0.0,71.5,52.0,-3.0,3.9500000000000055,17.926845488805142,0.19055198403901435,64.02959432498339,0,0,0,1,0,0,0
4511,44700,71.5,52.0,62.0,3.95,6.5,4.800000000000002,1758,533,3.0,-3,53.45788043478261,56.5,0.0,0.0,29.48,41.801179,-87.679447,9,50389.1090425532,62.0,0.8351063829787234,0.0,71.5,52.0,-3.0,3.9500000000000055,17.92431294326241,0.19050975177304824,64.02792553191489,0,0,1,0,0,0,0
4512,44700,71.5,52.0,62.0,3.95,6.5,4.800000000000002,1758,533,3.0,-3,53.45788043478261,56.5,0.0,0.0,29.48,41.800737,-87.71188000000002,9,50387.84843784622,62.0,0.8355860846443607,0.0,71.5,52.0,-3.0,3.9500000000000055,17.92178152005318,0.19046753822291015,64.02625747839575,0,0,1,0,0,0,0
4513,44700,71.5,52.0,62.0,3.95,6.5,4.800000000000002,1758,533,3.0,-3,53.45788043478261,56.5,0.0,0.0,29.48,41.82561,-87.726549,9,50386.58839167036,62.0,0.8360655737704918,0.0,71.5,52.0,-3.0,3.9500000000000055,17.919251218431548,0.19042534337616165,64.02459016393442,0,0,1,0,0,0,0
4514,44700,71.5,52.0,62.0,3.95,6.5,4.800000000000002,1758,533,3.0,-3,53.45788043478261,56.5,0.0,0.0,29.48,41.82561,-87.726549,9,50385.328903654496,62.0,0.8365448504983388,0.0,71.5,52.0,-3.0,3.9500000000000055,17.916722037652267,0.19038316722037515,64.02292358803986,0,0,0,1,0,0,0
4515,44700,71.5,52.0,62.0,3.95,6.5,4.800000000000002,1758,533,3.0,-3,53.45788043478261,56.5,0.0,0.0,29.48,41.77166,-87.703047,9,50384.06997342781,62.0,0.8370239149689991,0.0,71.5,52.0,-3.0,3.9500000000000055,17.914193976970772,0.1903410097431341,64.02125775022144,0,0,1,0,0,0,0
4516,44700,71.5,52.0,62.0,3.95,6.5,4.800000000000002,1758,533,3.0,-3,53.45788043478261,56.5,0.0,0.0,29.48,41.77166,-87.703047,9,50382.81160061988,62.0,0.8375027673234448,0.0,71.5,52.0,-3.0,3.9500000000000055,17.91166703564313,0.19029887093203315,64.01959264998894,0,0,0,1,0,0,0
4517,44700,71.5,52.0,62.0,3.95,6.5,4.800000000000002,1758,533,3.0,-3,53.45788043478261,56.5,0.0,0.0,29.48,41.768388,-87.678649,9,50381.55378486057,62.0,0.8379814077025233,0.0,71.5,52.0,-3.0,3.9500000000000055,17.909141212926073,0.19025675077467769,64.0179282868526,0,0,1,0,0,0,0
4518,44700,71.5,52.0,62.0,3.95,6.5,4.800000000000002,1758,533,3.0,-3,53.45788043478261,56.5,0.0,0.0,29.48,41.773215,-87.60088,9,50380.29652578004,62.0,0.8384598362469573,0.0,71.5,52.0,-3.0,3.9500000000000055,17.906616508077008,0.19021464925868412,64.01626466032306,0,1,0,0,0,0,0
4519,44700,71.5,52.0,62.0,3.95,6.5,4.800000000000002,1758,533,3.0,-3,53.45788043478261,56.5,0.0,0.0,29.48,41.773215,-87.60088,9,50379.03982300885,62.0,0.8389380530973451,0.0,71.5,52.0,-3.0,3.9500000000000055,17.904092920353985,0.19017256637167998,64.01460176991151,0,0,1,0,0,0,0
4520,44700,71.5,52.0,62.0,3.95,6.5,4.800000000000002,1758,533,3.0,-3,53.45788043478261,56.5,0.0,0.0,29.48,41.773215,-87.60088,9,50377.783676177845,62.0,0.8394160583941606,0.0,71.5,52.0,-3.0,3.9500000000000055,17.901570449015704,0.1901305021013036,64.0129396151294,0,0,0,1,0,0,0
4521,44700,71.5,52.0,62.0,3.95,6.5,4.800000000000002,1758,533,3.0,-3,53.45788043478261,56.5,0.0,0.0,29.48,41.822536,-87.66634300000004,9,50376.52808491818,62.0,0.8398938522777533,0.0,71.5,52.0,-3.0,3.9500000000000055,17.899049093321537,0.19008845643520425,64.01127819548873,0,1,0,0,0,0,0
4522,44700,71.5,52.0,62.0,3.95,6.5,4.800000000000002,1758,533,3.0,-3,53.45788043478261,56.5,0.0,0.0,29.48,41.822536,-87.66634300000004,9,50375.273048861374,62.0,0.8403714348883484,0.0,71.5,52.0,-3.0,3.9500000000000055,17.896528852531507,0.19004642936104216,64.00961751050188,0,0,1,0,0,0,0
4523,44700,71.5,52.0,62.0,3.95,6.5,4.800000000000002,1758,533,3.0,-3,53.45788043478261,56.5,0.0,0.0,29.48,41.766202,-87.562889,9,50374.01856763926,62.0,0.8408488063660478,0.0,71.5,52.0,-3.0,3.9500000000000055,17.894009725906276,0.19000442086648844,64.0079575596817,0,0,0,1,0,0,0
4524,44700,71.5,52.0,62.0,3.95,6.5,4.800000000000002,1758,533,3.0,-3,53.45788043478261,56.5,0.0,0.0,29.48,41.754292,-87.590773,9,50372.76464088399,62.0,0.8413259668508287,0.0,71.5,52.0,-3.0,3.9500000000000055,17.891491712707182,0.18996243093922516,64.00629834254144,0,1,0,0,0,0,0
4525,44700,71.5,52.0,62.0,3.95,6.5,4.800000000000002,1758,533,3.0,-3,53.45788043478261,56.5,0.0,0.0,29.48,41.723195,-87.64997,9,50371.511268228016,62.0,0.8418029164825453,0.0,71.5,52.0,-3.0,3.9500000000000055,17.8889748121962,0.18992045956694514,64.00463985859479,0,1,0,0,0,0,0
4526,44700,71.5,52.0,62.0,3.95,6.5,4.800000000000002,1758,533,3.0,-3,53.45788043478261,56.5,0.0,0.0,29.48,41.868077,-87.666901,9,50370.25844930417,62.0,0.8422796554009278,0.0,71.5,52.0,-3.0,3.9500000000000055,17.88645902363596,0.18987850673735227,64.00298210735586,0,0,1,0,0,0,0
4527,44700,71.5,52.0,62.0,3.95,6.5,4.800000000000002,1758,533,3.0,-3,53.45788043478261,56.5,0.0,0.0,29.48,41.868077,-87.666901,9,50369.00618374559,62.0,0.842756183745583,0.0,71.5,52.0,-3.0,3.9500000000000055,17.883944346289756,0.1898365724381612,64.00132508833923,0,0,0,1,0,0,0
4528,44700,71.5,52.0,62.0,3.95,6.5,4.800000000000002,1758,533,3.0,-3,53.45788043478261,56.5,0.0,0.0,29.48,41.720848,-87.666014,9,50367.75447118568,62.0,0.8432325016559947,0.0,71.5,52.0,-3.0,3.9500000000000055,17.881430779421507,0.1897946566570973,63.999668801059826,0,0,1,0,0,0,0
4529,44700,71.5,52.0,62.0,3.95,6.5,4.800000000000002,1758,533,3.0,-3,53.45788043478261,56.5,0.0,0.0,29.48,41.704336,-87.70373599999998,9,50366.50331125828,62.0,0.8437086092715231,0.0,71.5,52.0,-3.0,3.9500000000000055,17.87891832229581,0.18975275938189706,63.99801324503312,0,0,1,0,0,0,0
4530,44700,71.5,52.0,62.0,3.95,6.5,4.800000000000002,1758,533,3.0,-3,53.45788043478261,56.5,0.0,0.0,29.48,41.750498,-87.605294,9,50365.25270359744,62.0,0.8441845067314059,0.0,71.5,52.0,-3.0,3.9500000000000055,17.876406974177886,0.1897108806003076,63.99635841977489,0,1,0,0,0,0,0
4531,44700,71.5,52.0,62.0,3.95,6.5,4.800000000000002,1758,533,3.0,-3,53.45788043478261,56.5,0.0,0.0,29.48,41.750498,-87.605294,9,50364.002647837595,62.0,0.8446601941747572,0.0,71.5,52.0,-3.0,3.9500000000000055,17.87389673433363,0.18966902030008687,63.994704324801404,0,0,1,0,0,0,0
4532,44700,71.5,52.0,62.0,3.95,6.5,4.800000000000002,1758,533,3.0,-3,53.45788043478261,56.5,0.0,0.0,29.48,41.750498,-87.605294,9,50362.753143613496,62.0,0.8451356717405691,0.0,71.5,52.0,-3.0,3.9500000000000055,17.87138760202956,0.18962717846900368,63.993050959629386,0,0,0,1,0,0,0
4533,44700,71.5,52.0,62.0,3.95,6.5,4.800000000000002,1758,533,3.0,-3,53.45788043478261,56.5,0.0,0.0,29.48,41.798697,-87.736812,9,50361.50419056021,62.0,0.8456109395677106,0.0,71.5,52.0,-3.0,3.9500000000000055,17.868879576532862,0.1895853550948376,63.99139832377592,0,0,1,0,0,0,0
4534,44700,71.5,52.0,62.0,3.95,6.5,4.800000000000002,1758,533,3.0,-3,53.45788043478261,56.5,0.0,0.0,29.48,41.704572,-87.56566600000002,9,50360.255788313116,62.0,0.8460859977949283,0.0,71.5,52.0,-3.0,3.9500000000000055,17.866372657111356,0.18954355016537902,63.989746416758535,0,1,0,0,0,0,0
4535,44700,71.5,52.0,62.0,3.95,6.5,4.800000000000002,1758,533,3.0,-3,53.45788043478261,56.5,0.0,0.0,29.48,41.704572,-87.56566600000002,9,50359.00793650794,62.0,0.8465608465608465,0.0,71.5,52.0,-3.0,3.9500000000000055,17.863866843033513,0.1895017636684289,63.98809523809525,0,0,1,0,0,0,0
4536,44700,71.5,52.0,62.0,3.95,6.5,4.800000000000002,1758,533,3.0,-3,53.45788043478261,56.5,0.0,0.0,29.48,41.662014,-87.72460799999998,9,50357.76063478069,62.0,0.8470354860039674,0.0,71.5,52.0,-3.0,3.9500000000000055,17.861362133568438,0.18945999559179932,63.98644478730439,0,1,0,0,0,0,0
4537,44700,71.5,52.0,62.0,3.95,6.5,4.800000000000002,1758,533,3.0,-3,53.45788043478261,56.5,0.0,0.0,29.48,41.662014,-87.72460799999998,9,50356.51388276774,62.0,0.8475099162626708,0.0,71.5,52.0,-3.0,3.9500000000000055,17.8588585279859,0.18941824592331286,63.98479506390481,0,0,1,0,0,0,0
4538,44700,71.5,52.0,62.0,3.95,6.5,4.800000000000002,1758,533,3.0,-3,53.45788043478261,56.5,0.0,0.0,29.48,41.72646500000001,-87.585413,9,50355.26768010575,62.0,0.8479841374752148,0.0,71.5,52.0,-3.0,3.9500000000000055,17.85635602555629,0.18937651465080274,63.983146067415724,0,1,0,0,0,0,0
4539,44700,71.5,52.0,62.0,3.95,6.5,4.800000000000002,1758,533,3.0,-3,53.45788043478261,56.5,0.0,0.0,29.48,41.72646500000001,-87.585413,9,50354.02202643172,62.0,0.8484581497797357,0.0,71.5,52.0,-3.0,3.9500000000000055,17.85385462555066,0.18933480176211315,63.98149779735682,0,0,1,0,0,0,0
4540,44700,71.5,52.0,62.0,3.95,6.5,4.800000000000002,1758,533,3.0,-3,53.45788043478261,56.5,0.0,0.0,29.48,41.94016,-87.794896,9,50352.77692138295,62.0,0.8489319533142479,0.0,71.5,52.0,-3.0,3.9500000000000055,17.851354327240696,0.1892931072450988,63.97985025324817,0,0,1,0,0,0,0
4541,44700,71.5,52.0,62.0,3.95,6.5,4.800000000000002,1758,533,3.0,-3,53.45788043478261,56.5,0.0,0.0,29.48,41.94016,-87.794896,9,50351.53236459709,62.0,0.8494055482166446,0.0,71.5,52.0,-3.0,3.9500000000000055,17.848855129898727,0.1892514310876252,63.9782034346103,0,0,0,1,0,0,0
4542,44700,71.5,52.0,62.0,3.95,6.5,4.800000000000002,1758,533,3.0,-3,53.45788043478261,56.5,0.0,0.0,29.48,41.878114,-87.629798,9,50350.28835571209,62.0,0.8498789346246973,0.0,71.5,52.0,-3.0,3.9500000000000055,17.846357032797712,0.1892097732775685,63.97655734096411,0,0,1,0,0,0,0
4543,44700,71.5,52.0,62.0,3.95,6.5,4.800000000000002,1758,533,3.0,-3,53.45788043478261,56.5,0.0,0.0,29.48,41.932094,-87.700117,9,50349.0448943662,62.0,0.8503521126760564,0.0,71.5,52.0,-3.0,3.9500000000000055,17.843860035211264,0.1891681338028155,63.97491197183098,0,1,0,0,0,0,0
4544,44700,71.5,52.0,62.0,3.95,6.5,4.800000000000002,1758,533,3.0,-3,53.45788043478261,56.5,0.0,0.0,29.48,41.932094,-87.700117,9,50347.80198019802,62.0,0.8508250825082508,0.0,71.5,52.0,-3.0,3.9500000000000055,17.84136413641364,0.18912651265126373,63.97326732673268,0,0,1,0,0,0,0
4545,44700,71.5,52.0,62.0,3.95,6.5,4.800000000000002,1758,533,3.0,-3,53.45788043478261,56.5,0.0,0.0,29.48,41.932094,-87.700117,9,50346.55961284647,62.0,0.8512978442586889,0.0,71.5,52.0,-3.0,3.9500000000000055,17.83886933567972,0.18908490981082127,63.97162340519138,0,0,0,1,0,0,0
4546,44700,71.5,52.0,62.0,3.95,6.5,4.800000000000002,1758,533,3.0,-3,53.45788043478261,56.5,0.0,0.0,29.48,42.01743,-87.68776899999996,9,50345.31779195073,62.0,0.8517703980646579,0.0,71.5,52.0,-3.0,3.9500000000000055,17.836375632285023,0.189043325269407,63.96998020672971,0,0,1,0,0,0,0
4547,44700,71.5,52.0,62.0,3.95,6.5,4.800000000000002,1758,533,3.0,-3,53.45788043478261,56.5,0.0,0.0,29.48,41.916265,-87.800515,9,50344.0765171504,62.0,0.8522427440633246,0.0,71.5,52.0,-3.0,3.9500000000000055,17.833883025505713,0.18900175901495025,63.968337730870715,0,1,0,0,0,0,0
4548,44700,71.5,52.0,62.0,3.95,6.5,4.800000000000002,1758,533,3.0,-3,53.45788043478261,56.5,0.0,0.0,29.48,41.916265,-87.800515,9,50342.835788085285,62.0,0.8527148823917344,0.0,71.5,52.0,-3.0,3.9500000000000055,17.831391514618602,0.188960211035391,63.96669597713783,0,0,1,0,0,0,0
4549,44700,71.5,52.0,62.0,3.95,6.5,4.800000000000002,1758,533,3.0,-3,53.45788043478261,56.5,0.0,0.0,29.48,41.916265,-87.800515,9,50341.595604395596,62.0,0.8531868131868132,0.0,71.5,52.0,-3.0,3.9500000000000055,17.828901098901103,0.18891868131867992,63.96505494505495,0,0,0,1,0,0,0
4550,44700,71.5,52.0,62.0,3.95,6.5,4.800000000000002,1758,533,3.0,-3,53.45788043478261,56.5,0.0,0.0,29.48,41.846075,-87.716277,9,50340.355965721814,62.0,0.8536585365853658,0.0,71.5,52.0,-3.0,3.9500000000000055,17.82641177763129,0.18887716985277825,63.963414634146346,0,1,0,0,0,0,0
4551,44700,71.5,52.0,62.0,3.95,6.5,4.800000000000002,1758,533,3.0,-3,53.45788043478261,56.5,0.0,0.0,29.48,41.846075,-87.716277,9,50339.11687170475,62.0,0.8541300527240774,0.0,71.5,52.0,-3.0,3.9500000000000055,17.823923550087873,0.18883567662565767,63.96177504393673,0,0,1,0,0,0,0
4552,44700,71.5,52.0,62.0,3.95,6.5,4.800000000000002,1758,533,3.0,-3,53.45788043478261,56.5,0.0,0.0,29.48,41.846075,-87.716277,9,50337.878321985496,62.0,0.8546013617395124,0.0,71.5,52.0,-3.0,3.9500000000000055,17.821436415550192,0.1887942016253006,63.96013617395124,0,0,0,1,0,0,0
4553,44700,71.5,52.0,62.0,3.95,6.5,4.800000000000002,1758,533,3.0,-3,53.45788043478261,56.5,0.0,0.0,29.48,41.776156,-87.778927,9,50336.640316205536,62.0,0.855072463768116,0.0,71.5,52.0,-3.0,3.9500000000000055,17.8189503732982,0.1887527448397,63.95849802371541,0,1,0,0,0,0,0
4554,44700,71.5,52.0,62.0,3.95,6.5,4.800000000000002,1758,533,3.0,-3,53.45788043478261,56.5,0.0,0.0,29.48,41.682587,-87.707973,9,50335.402854006585,62.0,0.8555433589462129,0.0,71.5,52.0,-3.0,3.9500000000000055,17.816465422612513,0.1887113062568592,63.95686059275521,0,0,1,0,0,0,0
4555,44700,71.5,52.0,62.0,3.95,6.5,4.800000000000002,1758,533,3.0,-3,53.45788043478261,56.5,0.0,0.0,29.48,41.732984,-87.649642,9,50334.16593503073,62.0,0.8560140474100087,0.0,71.5,52.0,-3.0,3.9500000000000055,17.813981562774362,0.1886698858647923,63.95522388059702,0,0,1,0,0,0,0
4556,44700,71.5,52.0,62.0,3.95,6.5,4.800000000000002,1758,533,3.0,-3,53.45788043478261,56.5,0.0,0.0,29.48,41.732984,-87.649642,9,50332.92955892034,62.0,0.8564845292955892,0.0,71.5,52.0,-3.0,3.9500000000000055,17.811498793065613,0.18862848365152374,63.95358788676761,0,0,0,1,0,0,0
4557,44700,71.5,52.0,62.0,3.95,6.5,4.800000000000002,1758,533,3.0,-3,53.45788043478261,56.5,0.0,0.0,29.48,41.903002,-87.68826700000002,9,50331.693725318124,62.0,0.8569548047389206,0.0,71.5,52.0,-3.0,3.9500000000000055,17.809017112768753,0.18858709960508854,63.95195261079421,0,1,0,0,0,0,0
4558,44700,71.5,52.0,62.0,3.95,6.5,4.800000000000002,1758,533,3.0,-3,53.45788043478261,56.5,0.0,0.0,29.48,41.903002,-87.68826700000002,9,50330.45843386708,62.0,0.85742487387585,0.0,71.5,52.0,-3.0,3.9500000000000055,17.806536521166922,0.18854573371353228,63.95031805220443,0,0,1,0,0,0,0
4559,44700,71.5,52.0,62.0,3.95,6.5,4.800000000000002,1758,533,3.0,-3,53.45788043478261,56.5,0.0,0.0,29.48,41.678618,-87.559308,9,50329.22368421053,62.0,0.8578947368421053,0.0,71.5,52.0,-3.0,3.9500000000000055,17.804057017543858,0.1885043859649109,63.948684210526324,0,1,0,0,0,0,0
4560,44700,71.5,52.0,62.0,3.95,6.5,4.800000000000002,1758,533,3.0,-3,53.45788043478261,56.5,0.0,0.0,29.48,41.678618,-87.559308,9,50327.98947599211,62.0,0.8583643937732953,0.0,71.5,52.0,-3.0,3.9500000000000055,17.801578601183948,0.18846305634729088,63.94705108528832,0,0,1,0,0,0,0
4561,44700,71.5,52.0,62.0,3.95,6.5,4.800000000000002,1758,533,3.0,-3,53.45788043478261,56.5,0.0,0.0,29.48,41.678618,-87.559308,9,50326.75580885576,62.0,0.8588338448049101,0.0,71.5,52.0,-3.0,3.9500000000000055,17.799101271372205,0.1884217448487492,63.94541867601929,0,0,0,1,0,0,0
4562,44700,71.5,52.0,62.0,3.95,6.5,4.800000000000002,1758,533,3.0,-3,53.45788043478261,56.5,0.0,0.0,29.48,41.740641,-87.546587,9,50325.522682445764,62.0,0.8593030900723209,0.0,71.5,52.0,-3.0,3.9500000000000055,17.79662502739426,0.18838045145737314,63.943786982248525,0,1,0,0,0,0,0
4563,44700,71.5,52.0,62.0,3.95,6.5,4.800000000000002,1758,533,3.0,-3,53.45788043478261,56.5,0.0,0.0,29.48,41.740641,-87.546587,9,50324.29009640666,62.0,0.8597721297107801,0.0,71.5,52.0,-3.0,3.9500000000000055,17.794149868536373,0.18833917616126067,63.94215600350571,0,0,1,0,0,0,0
4564,44700,71.5,52.0,62.0,3.95,6.5,4.800000000000002,1758,533,3.0,-3,53.45788043478261,56.5,0.0,0.0,29.48,41.740641,-87.546587,9,50323.05805038335,62.0,0.8602409638554217,0.0,71.5,52.0,-3.0,3.9500000000000055,17.791675794085428,0.18829791894852,63.94052573932092,0,0,0,1,0,0,0
4565,44700,71.5,52.0,62.0,3.95,6.5,4.800000000000002,1758,533,3.0,-3,53.45788043478261,56.5,0.0,0.0,29.48,41.680946,-87.535198,9,50321.826544021016,62.0,0.8607095926412615,0.0,71.5,52.0,-3.0,3.9500000000000055,17.78920280332895,0.18825667980726976,63.938896189224714,0,1,0,0,0,0,0
4566,44700,71.5,52.0,62.0,3.95,6.5,4.800000000000002,1758,533,3.0,-3,53.45788043478261,56.5,0.0,0.0,29.48,41.680946,-87.535198,9,50320.59557696519,62.0,0.8611780162031969,0.0,71.5,52.0,-3.0,3.9500000000000055,17.78673089555507,0.18821545872563908,63.937267352747966,0,0,0,1,0,0,0
4567,44700,71.5,52.0,62.0,3.95,6.5,4.800000000000002,1758,533,3.0,-3,53.45788043478261,56.5,0.0,0.0,29.48,41.948167,-87.730698,9,50319.36514886165,62.0,0.861646234676007,0.0,71.5,52.0,-3.0,3.9500000000000055,17.78426007005254,0.18817425569176746,63.93563922942207,0,0,1,0,0,0,0
4568,44700,71.5,52.0,62.0,3.95,6.5,4.800000000000002,1758,533,3.0,-3,53.45788043478261,56.5,0.0,0.0,29.48,41.948167,-87.730698,9,50318.13525935653,62.0,0.8621142481943532,0.0,71.5,52.0,-3.0,3.9500000000000055,17.781790326110748,0.1881330706938047,63.93401181877872,0,0,0,1,0,0,0
4569,44700,71.5,52.0,62.0,3.95,6.5,4.800000000000002,1758,533,3.0,-3,53.45788043478261,56.5,0.0,0.0,29.48,41.963976,-87.69181,9,50316.905908096276,62.0,0.862582056892779,0.0,71.5,52.0,-3.0,3.9500000000000055,17.779321663019694,0.18809190371991108,63.93238512035011,0,0,1,0,0,0,0
4570,44700,71.5,52.0,62.0,3.95,6.5,4.800000000000002,1758,533,3.0,-3,53.45788043478261,56.5,0.0,0.0,29.48,41.659112,-87.53869300000002,9,50315.67709472762,62.0,0.8630496609057099,0.0,71.5,52.0,-3.0,3.9500000000000055,17.776854080070006,0.1880507547582572,63.930759133668786,0,0,1,0,0,0,0
4571,44700,71.5,52.0,62.0,3.95,6.5,4.800000000000002,1758,533,3.0,-3,53.45788043478261,56.5,0.0,0.0,29.48,41.925198,-87.746381,9,50314.44881889764,62.0,0.8635170603674541,0.0,71.5,52.0,-3.0,3.9500000000000055,17.774387576552936,0.18800962379702402,63.92913385826772,0,0,1,0,0,0,0
4572,44700,71.5,52.0,62.0,3.95,6.5,4.800000000000002,1758,533,3.0,-3,53.45788043478261,56.5,0.0,0.0,29.48,41.973845,-87.805059,9,50313.22108025367,62.0,0.863984255412202,0.0,71.5,52.0,-3.0,3.9500000000000055,17.771922151760332,0.18796851082440272,63.927509293680295,0,1,0,0,0,0,0
4573,44700,71.5,52.0,62.0,3.95,6.5,4.800000000000002,1758,533,3.0,-3,53.45788043478261,56.5,0.0,0.0,29.48,41.973845,-87.805059,9,50311.993878443376,62.0,0.8644512461740271,0.0,71.5,52.0,-3.0,3.9500000000000055,17.769457804984697,0.18792741582859504,63.925885439440314,0,0,1,0,0,0,0
4574,44700,71.5,52.0,62.0,3.95,6.5,4.800000000000002,1758,533,3.0,-3,53.45788043478261,56.5,0.0,0.0,29.48,41.973845,-87.805059,9,50310.767213114756,62.0,0.8649180327868853,0.0,71.5,52.0,-3.0,3.9500000000000055,17.766994535519125,0.18788633879781286,63.92426229508197,0,0,0,1,0,0,0
4575,44700,71.5,52.0,62.0,3.95,6.5,4.800000000000002,1758,533,3.0,-3,53.45788043478261,56.5,0.0,0.0,29.48,41.94722700000001,-87.67145699999998,9,50309.54108391608,62.0,0.8653846153846154,0.0,71.5,52.0,-3.0,3.9500000000000055,17.764532342657343,0.18784527972027834,63.92263986013985,0,0,1,0,0,0,0
4576,44700,71.5,52.0,62.0,3.95,6.5,4.800000000000002,1758,533,3.0,-3,53.45788043478261,56.5,0.0,0.0,29.48,41.94722700000001,-87.67145699999998,9,50308.31549049597,62.0,0.8658509941009395,0.0,71.5,52.0,-3.0,3.9500000000000055,17.762071225693685,0.1878042385842241,63.92101813414901,0,0,0,1,0,0,0
4577,44700,71.5,52.0,62.0,3.95,6.5,4.800000000000002,1758,533,3.0,-3,53.45788043478261,56.5,0.0,0.0,29.48,41.743402,-87.731435,9,50307.09043250328,62.0,0.8663171690694627,0.0,71.5,52.0,-3.0,3.9500000000000055,17.75961118392311,0.1877632153778929,63.919397116644824,0,0,1,0,0,0,0
4578,44700,71.5,52.0,62.0,3.95,6.5,4.800000000000002,1758,533,3.0,-3,53.45788043478261,56.5,0.0,0.0,29.48,41.743402,-87.731435,9,50305.865909587235,62.0,0.8667831404236733,0.0,71.5,52.0,-3.0,3.9500000000000055,17.757152216641188,0.18772221008953785,63.91777680716314,0,0,0,1,0,0,0
4579,44700,71.5,52.0,62.0,3.95,6.5,4.800000000000002,1758,533,3.0,-3,53.45788043478261,56.5,0.0,0.0,29.48,41.728495,-87.60096300000002,9,50304.641921397386,62.0,0.8672489082969432,0.0,71.5,52.0,-3.0,3.9500000000000055,17.754694323144104,0.1876812227074222,63.91615720524018,0,1,0,0,0,0,0
4580,44700,71.5,52.0,62.0,3.95,6.5,4.800000000000002,1758,533,3.0,-3,53.45788043478261,56.5,0.0,0.0,29.48,41.728495,-87.60096300000002,9,50303.4184675835,62.0,0.8677144728225278,0.0,71.5,52.0,-3.0,3.9500000000000055,17.75223750272866,0.1876402532198196,63.91453831041258,0,0,1,0,0,0,0
4581,44700,71.5,52.0,62.0,3.95,6.5,4.800000000000002,1758,533,3.0,-3,53.45788043478261,56.5,0.0,0.0,29.48,41.728495,-87.60096300000002,9,50302.19554779572,62.0,0.8681798341335661,0.0,71.5,52.0,-3.0,3.9500000000000055,17.749781754692272,0.1875993016150139,63.91292012221737,0,0,0,1,0,0,0
4582,44700,71.5,52.0,62.0,3.95,6.5,4.800000000000002,1758,533,3.0,-3,53.45788043478261,56.5,0.0,0.0,29.48,41.951866,-87.72505699999998,9,50300.973161684495,62.0,0.8686449923630809,0.0,71.5,52.0,-3.0,3.9500000000000055,17.74732707833297,0.18755836788129907,63.911302640192005,0,0,1,0,0,0,0
4583,44700,71.5,52.0,62.0,3.95,6.5,4.800000000000002,1758,533,3.0,-3,53.45788043478261,56.5,0.0,0.0,29.48,41.951866,-87.72505699999998,9,50299.751308900515,62.0,0.8691099476439791,0.0,71.5,52.0,-3.0,3.9500000000000055,17.74487347294939,0.18751745200697945,63.90968586387434,0,0,0,1,0,0,0
4584,44700,71.5,52.0,62.0,3.95,6.5,4.800000000000002,1758,533,3.0,-3,53.45788043478261,56.5,0.0,0.0,29.48,41.753411,-87.63981700000002,9,50298.52998909487,62.0,0.8695747001090512,0.0,71.5,52.0,-3.0,3.9500000000000055,17.742420937840787,0.1874765539803694,63.90806979280261,0,0,1,0,0,0,0
4585,44700,71.5,52.0,62.0,3.95,6.5,4.800000000000002,1758,533,3.0,-3,53.45788043478261,56.5,0.0,0.0,29.48,41.904194,-87.756155,9,50297.30920191888,62.0,0.8700392498909725,0.0,71.5,52.0,-3.0,3.9500000000000055,17.73996947230702,0.18743567378979364,63.906454426515474,0,1,0,0,0,0,0
4586,44700,71.5,52.0,62.0,3.95,6.5,4.800000000000002,1758,533,3.0,-3,53.45788043478261,56.5,0.0,0.0,29.48,41.904194,-87.756155,9,50296.0889470242,62.0,0.8705035971223022,0.0,71.5,52.0,-3.0,3.9500000000000055,17.73751907564857,0.18739481142358705,63.904839764552,0,0,1,0,0,0,0
4587,44700,71.5,52.0,62.0,3.95,6.5,4.800000000000002,1758,533,3.0,-3,53.45788043478261,56.5,0.0,0.0,29.48,41.974689,-87.890615,9,50294.86922406277,62.0,0.8709677419354839,0.0,71.5,52.0,-3.0,3.9500000000000055,17.73506974716652,0.18735396687009453,63.903225806451616,0,1,0,0,0,0,0
4588,44700,71.5,52.0,62.0,3.95,6.5,4.800000000000002,1758,533,3.0,-3,53.45788043478261,56.5,0.0,0.0,29.48,41.974689,-87.890615,9,50293.65003268686,62.0,0.8714316844628459,0.0,71.5,52.0,-3.0,3.9500000000000055,17.732621486162568,0.1873131401176713,63.901612551754205,0,0,1,0,0,0,0
4589,44700,71.5,52.0,62.0,3.95,6.5,4.800000000000002,1758,533,3.0,-3,53.45788043478261,56.5,0.0,0.0,29.48,41.974689,-87.890615,9,50292.43137254902,62.0,0.8718954248366013,0.0,71.5,52.0,-3.0,3.9500000000000055,17.730174291938997,0.18727233115468275,63.9,0,0,0,1,0,0,0
4590,44700,71.5,52.0,62.0,3.95,6.5,4.800000000000002,1758,533,3.0,-3,53.45788043478261,56.5,0.0,0.0,29.48,41.957799,-87.930995,9,50291.21324330211,62.0,0.8723589631888478,0.0,71.5,52.0,-3.0,3.9500000000000055,17.727728163798734,0.18723153996950415,63.89838815072969,0,0,1,0,0,0,0
4591,43320,70.0,60.0,65.0,5.4,11.0,6.8,1744,542,0.0,4,53.45788043478261,60.0,0.0,0.09,29.415,41.95469,-87.800991,9,50289.69512195122,62.0,0.8721689895470384,0.0,71.5,52.0,-3.0,3.9500000000000055,17.72626306620209,0.1872103658536572,63.89753919860628,0,1,0,0,0,0,0
4592,43320,70.0,60.0,65.0,5.4,11.0,6.8,1744,542,0.0,4,53.45788043478261,60.0,0.0,0.09,29.415,41.95469,-87.800991,9,50288.177661659036,62.0,0.8719790986283474,0.0,71.5,52.0,-3.0,3.9500000000000055,17.724798606575227,0.18718920095797814,63.89669061615503,0,0,1,0,0,0,0
4593,43320,70.0,60.0,65.0,5.4,11.0,6.8,1744,542,0.0,4,53.45788043478261,60.0,0.0,0.09,29.415,41.95469,-87.800991,9,50286.660861993914,62.0,0.8717892903787549,0.0,71.5,52.0,-3.0,3.9500000000000055,17.723334784501525,0.18716804527644615,63.89584240313453,0,0,0,1,0,0,0
4594,43320,70.0,60.0,65.0,5.4,11.0,6.8,1744,542,0.0,4,53.45788043478261,60.0,0.0,0.09,29.415,41.964242,-87.757639,9,50285.14472252449,62.0,0.8715995647442872,0.0,71.5,52.0,-3.0,3.9500000000000055,17.721871599564746,0.18714689880304544,63.8949945593036,0,1,0,0,0,0,0
4595,43320,70.0,60.0,65.0,5.4,11.0,6.8,1744,542,0.0,4,53.45788043478261,60.0,0.0,0.09,29.415,41.964242,-87.757639,9,50283.629242819836,62.0,0.8714099216710183,0.0,71.5,52.0,-3.0,3.9500000000000055,17.720409051348994,0.1871257615317654,63.89414708442124,0,0,1,0,0,0,0
4596,43320,70.0,60.0,65.0,5.4,11.0,6.8,1744,542,0.0,4,53.45788043478261,60.0,0.0,0.09,29.415,42.008314,-87.77792099999998,9,50282.11442244941,62.0,0.8712203611050685,0.0,71.5,52.0,-3.0,3.9500000000000055,17.718947139438765,0.1871046334566008,63.89329997824668,0,0,1,0,0,0,0
4597,43320,70.0,60.0,65.0,5.4,11.0,6.8,1744,542,0.0,4,53.45788043478261,60.0,0.0,0.09,29.415,41.98196400000001,-87.812827,9,50280.60026098304,62.0,0.8710308829926054,0.0,71.5,52.0,-3.0,3.9500000000000055,17.71748586341888,0.18708351457155156,63.89245324053937,0,0,1,0,0,0,0
4598,43320,70.0,60.0,65.0,5.4,11.0,6.8,1744,542,0.0,4,53.45788043478261,60.0,0.0,0.09,29.415,41.99247800000001,-87.862995,9,50279.086757990866,65.0,0.8708414872798435,0.0,70.0,52.0,4.0,3.9500000000000055,17.71602522287454,0.18706240487062276,63.89160687105893,0,0,1,0,0,0,0
4599,43320,70.0,60.0,65.0,5.4,11.0,6.8,1744,542,0.0,4,53.45788043478261,60.0,0.0,0.09,29.415,41.98196400000001,-87.812827,9,50277.573913043474,65.0,0.8706521739130435,0.0,70.0,52.0,4.0,3.9500000000000055,17.714565217391304,0.1870413043478248,63.89076086956522,0,0,0,1,0,0,0
4600,43320,70.0,60.0,65.0,5.4,11.0,6.8,1744,542,0.0,4,53.45788043478261,60.0,0.0,0.09,29.415,41.99247800000001,-87.862995,9,50276.0617257118,65.0,0.8704629428385133,0.0,70.0,52.0,4.0,3.9500000000000055,17.713105846555095,0.1870202129971732,63.8899152358183,0,0,0,1,0,0,0
4601,43320,70.0,60.0,65.0,5.4,11.0,6.8,1744,542,0.0,4,53.45788043478261,60.0,0.0,0.09,29.415,41.944869,-87.832763,9,50274.550195567135,65.0,0.8702737940026075,0.0,70.0,60.0,4.0,3.9500000000000055,17.711647109952196,0.18699913081268885,63.889069969578436,0,0,1,0,0,0,0
4602,43320,70.0,60.0,65.0,5.4,11.0,6.8,1744,542,0.0,4,53.45788043478261,60.0,0.0,0.09,29.415,41.944869,-87.832763,9,50273.03932218118,65.0,0.8700847273517271,0.0,70.0,60.0,4.0,3.9500000000000055,17.710189007169234,0.1869780577883976,63.88822507060614,0,0,0,1,0,0,0
4603,43320,70.0,60.0,65.0,5.4,11.0,6.8,1744,542,0.0,4,53.45788043478261,60.0,0.0,0.09,29.415,41.991429,-87.747113,9,50271.52910512598,65.0,0.8698957428323197,0.0,70.0,60.0,4.0,3.9500000000000055,17.708731537793227,0.1869569939183306,63.88738053866204,0,0,1,0,0,0,0
4604,43320,70.0,60.0,65.0,5.4,11.0,6.8,1744,542,0.0,4,53.45788043478261,60.0,0.0,0.09,29.415,41.991429,-87.747113,9,50270.01954397393,65.0,0.8697068403908795,0.0,70.0,60.0,4.0,3.9500000000000055,17.70727470141151,0.18693593919652424,63.88653637350706,0,0,0,1,0,0,0
4605,43320,70.0,60.0,65.0,5.4,11.0,6.8,1744,542,0.0,4,53.45788043478261,60.0,0.0,0.09,29.415,41.923738,-87.785288,9,50268.51063829787,65.0,0.8695180199739471,0.0,70.0,60.0,4.0,3.9500000000000055,17.705818497611812,0.18691489361702,63.88569257490229,0,0,1,0,0,0,0
4606,43320,70.0,60.0,65.0,5.4,11.0,6.8,1744,542,0.0,4,53.45788043478261,60.0,0.0,0.09,29.415,41.923738,-87.785288,9,50267.00238767094,65.0,0.8693292815281094,0.0,70.0,60.0,4.0,3.9500000000000055,17.704362925982203,0.18689385717386456,63.88484914260907,0,0,0,1,0,0,0
4607,43320,70.0,60.0,65.0,5.4,11.0,6.8,1744,542,0.0,4,53.45788043478261,60.0,0.0,0.09,29.415,42.011601,-87.81150600000002,9,50265.49479166666,65.0,0.869140625,0.0,70.0,60.0,4.0,3.9500000000000055,17.70290798611111,0.18687282986110987,63.88400607638889,0,1,0,0,0,0,0
4608,43320,70.0,60.0,65.0,5.4,11.0,6.8,1744,542,0.0,4,53.45788043478261,60.0,0.0,0.09,29.415,42.011601,-87.81150600000002,9,50263.987849858975,65.0,0.8689520503362985,0.0,70.0,60.0,4.0,3.9500000000000055,17.701453677587327,0.1868518116728128,63.883163376003466,0,0,1,0,0,0,0
4609,43320,70.0,60.0,65.0,5.4,11.0,6.8,1744,542,0.0,4,53.45788043478261,60.0,0.0,0.09,29.415,41.960616,-87.777189,9,50262.481561822126,65.0,0.8687635574837309,0.0,70.0,60.0,4.0,3.9500000000000055,17.7,0.18683080260303564,63.88232104121475,0,0,0,1,0,0,0
4610,43320,70.0,60.0,65.0,5.4,11.0,6.8,1744,542,0.0,4,53.45788043478261,60.0,0.0,0.09,29.415,41.986921,-87.689778,9,50260.975927130785,65.0,0.8685751463890696,0.0,70.0,60.0,4.0,3.9500000000000055,17.698546952938624,0.18680980264584565,63.88147907178486,0,0,1,0,0,0,0
4611,43320,70.0,60.0,65.0,5.4,11.0,6.8,1744,542,0.0,4,53.45788043478261,60.0,0.0,0.09,29.415,41.89923,-87.716788,9,50259.47094535993,65.0,0.8683868169991327,0.0,70.0,60.0,4.0,3.9500000000000055,17.697094535993067,0.1867888117953153,63.88063746747615,0,0,1,0,0,0,0
4612,43320,70.0,60.0,65.0,5.4,11.0,6.8,1744,542,0.0,4,53.45788043478261,60.0,0.0,0.09,29.415,41.801498,-87.763416,9,50257.96661608498,65.0,0.8681985692607848,0.0,70.0,60.0,4.0,3.9500000000000055,17.695642748753524,0.1867678300455223,63.879796228051156,0,1,0,0,0,0,0
4613,43320,70.0,60.0,65.0,5.4,11.0,6.8,1744,542,0.0,4,53.45788043478261,60.0,0.0,0.09,29.415,41.801498,-87.763416,9,50256.46293888166,65.0,0.8680104031209362,0.0,70.0,60.0,4.0,3.9500000000000055,17.694191590810572,0.18674685739054928,63.878955353272644,0,0,1,0,0,0,0
4614,43320,70.0,60.0,65.0,5.4,11.0,6.8,1744,542,0.0,4,53.45788043478261,60.0,0.0,0.09,29.415,41.801498,-87.763416,9,50254.959913326114,65.0,0.8678223185265439,0.0,70.0,60.0,4.0,3.9500000000000055,17.69274106175515,0.18672589382448415,63.87811484290358,0,0,0,1,0,0,0
4615,43320,70.0,60.0,65.0,5.4,11.0,6.8,1744,542,0.0,4,53.45788043478261,60.0,0.0,0.09,29.415,41.906638,-87.701431,9,50253.45753899481,65.0,0.8676343154246099,0.0,70.0,60.0,4.0,3.9500000000000055,17.691291161178512,0.18670493934141996,63.877274696707104,0,1,0,0,0,0,0
4616,43320,70.0,60.0,65.0,5.4,11.0,6.8,1744,542,0.0,4,53.45788043478261,60.0,0.0,0.09,29.415,41.906638,-87.701431,9,50251.95581546458,65.0,0.8674463937621832,0.0,70.0,60.0,4.0,3.9500000000000055,17.689841888672298,0.18668399393545476,63.87643491444661,0,0,1,0,0,0,0
4617,43320,70.0,60.0,65.0,5.4,11.0,6.8,1744,542,0.0,4,53.45788043478261,60.0,0.0,0.09,29.415,41.911824,-87.726737,9,50250.454742312686,65.0,0.8672585534863577,0.0,70.0,60.0,4.0,3.9500000000000055,17.688393243828497,0.18666305760069174,63.875595495885655,0,1,0,0,0,0,0
4618,43320,70.0,60.0,65.0,5.4,11.0,6.8,1744,542,0.0,4,53.45788043478261,60.0,0.0,0.09,29.415,41.911824,-87.726737,9,50248.95431911669,65.0,0.8670707945442736,0.0,70.0,60.0,4.0,3.9500000000000055,17.686945226239445,0.18664213033123936,63.87475644078805,0,0,1,0,0,0,0
4619,43320,70.0,60.0,65.0,5.4,11.0,6.8,1744,542,0.0,4,53.45788043478261,60.0,0.0,0.09,29.415,41.857402,-87.694991,9,50247.454545454544,65.0,0.8668831168831169,0.0,70.0,60.0,4.0,5.400000000000005,17.685497835497838,0.18662121212121094,63.87391774891775,0,0,1,0,0,0,0
4620,43320,70.0,60.0,65.0,5.4,11.0,6.8,1744,542,0.0,4,53.45788043478261,60.0,0.0,0.09,29.415,41.891118,-87.65449100000002,9,50245.95542090457,65.0,0.8666955204501191,0.0,70.0,60.0,4.0,5.400000000000004,17.684051071196713,0.1866003029647251,63.873079420038955,0,0,1,0,0,0,0
4621,43320,70.0,60.0,65.0,5.4,11.0,6.8,1744,542,0.0,4,53.45788043478261,60.0,0.0,0.09,29.415,41.868142,-87.696269,9,50244.45694504544,65.0,0.8665080051925573,0.0,70.0,60.0,4.0,5.400000000000004,17.68260493292947,0.18657940285590535,63.87224145391605,0,1,0,0,0,0,0
4622,43320,70.0,60.0,65.0,5.4,11.0,6.8,1744,542,0.0,4,53.45788043478261,60.0,0.0,0.09,29.415,41.868142,-87.696269,9,50242.959117456194,65.0,0.8663205710577547,0.0,70.0,60.0,4.0,5.400000000000004,17.681159420289855,0.18655851178888053,63.87140385031365,0,0,1,0,0,0,0
4623,43320,70.0,60.0,65.0,5.4,11.0,6.8,1744,542,0.0,4,53.45788043478261,60.0,0.0,0.09,29.415,41.868142,-87.696269,9,50241.46193771626,65.0,0.8661332179930796,0.0,70.0,60.0,4.0,5.400000000000004,17.679714532871973,0.18653762975778432,63.87056660899653,0,0,0,1,0,0,0
4624,43320,70.0,60.0,65.0,5.4,11.0,6.8,1744,542,0.0,4,53.45788043478261,60.0,0.0,0.09,29.415,41.867108,-87.654224,9,50239.96540540541,65.0,0.865945945945946,0.0,70.0,60.0,4.0,5.400000000000004,17.678270270270268,0.18651675675675564,63.86972972972973,0,0,1,0,0,0,0
4625,43320,70.0,60.0,65.0,5.4,11.0,6.8,1744,542,0.0,4,53.45788043478261,60.0,0.0,0.09,29.415,41.867108,-87.654224,9,50238.46952010376,65.0,0.8657587548638133,0.0,70.0,60.0,4.0,5.400000000000004,17.67682663207955,0.18649589277993836,63.86889321227843,0,0,0,1,0,0,0
4626,43320,70.0,60.0,65.0,5.4,11.0,6.8,1744,542,0.0,4,53.45788043478261,60.0,0.0,0.09,29.415,41.896282,-87.655232,9,50236.974281391835,65.0,0.8655716446941863,0.0,70.0,60.0,4.0,5.400000000000004,17.675383617894965,0.18647503782148148,63.86805705640804,0,0,1,0,0,0,0
4627,43320,70.0,60.0,65.0,5.4,11.0,6.8,1744,542,0.0,4,53.45788043478261,60.0,0.0,0.09,29.415,41.921965,-87.632085,9,50235.47968885048,65.0,0.8653846153846154,0.0,70.0,60.0,4.0,5.400000000000004,17.673941227312017,0.18645419187553908,63.86722126188418,0,0,1,0,0,0,0
4628,43320,70.0,60.0,65.0,5.4,11.0,6.8,1744,542,0.0,4,53.45788043478261,60.0,0.0,0.09,29.415,41.921965,-87.632085,9,50233.98574206092,65.0,0.8651976668826961,0.0,70.0,60.0,4.0,5.400000000000004,17.672499459926552,0.18643335493627025,63.86638582847267,0,0,0,1,0,0,0
4629,43320,70.0,60.0,65.0,5.4,11.0,6.8,1744,542,0.0,4,53.45788043478261,60.0,0.0,0.09,29.415,41.801179,-87.679447,9,50232.49244060474,65.0,0.8650107991360692,0.0,70.0,60.0,4.0,5.400000000000004,17.671058315334772,0.18641252699783908,63.86555075593952,0,0,1,0,0,0,0
4630,43320,70.0,60.0,65.0,5.4,11.0,6.8,1744,542,0.0,4,53.45788043478261,60.0,0.0,0.09,29.415,41.800737,-87.71188000000002,9,50230.99978406392,65.0,0.8648240120924207,0.0,70.0,60.0,4.0,5.400000000000004,17.669617793133234,0.1863917080544148,63.86471604405096,0,0,1,0,0,0,0
4631,43320,70.0,60.0,65.0,5.4,11.0,6.8,1744,542,0.0,4,53.45788043478261,60.0,0.0,0.09,29.415,41.82561,-87.726549,9,50229.507772020734,65.0,0.8646373056994818,0.0,70.0,60.0,4.0,5.400000000000004,17.668177892918827,0.18637089810017166,63.86388169257339,0,1,0,0,0,0,0
4632,43320,70.0,60.0,65.0,5.4,11.0,6.8,1744,542,0.0,4,53.45788043478261,60.0,0.0,0.09,29.415,41.778297,-87.752411,9,50228.01640405785,65.0,0.8644506799050291,0.0,70.0,60.0,4.0,5.400000000000004,17.666738614288796,0.1863500971292888,63.86304770127347,0,0,1,0,0,0,0
4633,43320,70.0,60.0,65.0,5.4,11.0,6.8,1744,542,0.0,4,53.45788043478261,60.0,0.0,0.09,29.415,41.77166,-87.703047,9,50226.52567975831,65.0,0.8642641346568839,0.0,70.0,60.0,4.0,5.400000000000004,17.66529995684074,0.18632930513595056,63.862214069918004,0,1,0,0,0,0,0
4634,43320,70.0,60.0,65.0,5.4,11.0,6.8,1744,542,0.0,4,53.45788043478261,60.0,0.0,0.09,29.415,41.77166,-87.703047,9,50225.0355987055,65.0,0.8640776699029126,0.0,70.0,60.0,4.0,5.400000000000004,17.6638619201726,0.1863085221143463,63.86138079827401,0,0,1,0,0,0,0
4635,43320,70.0,60.0,65.0,5.4,11.0,6.8,1744,542,0.0,4,53.45788043478261,60.0,0.0,0.09,29.415,41.773215,-87.60088,9,50223.546160483165,65.0,0.8638912855910268,0.0,70.0,60.0,4.0,5.400000000000004,17.662424503882654,0.1862877480586702,63.86054788610871,0,1,0,0,0,0,0
4636,43320,70.0,60.0,65.0,5.4,11.0,6.8,1744,542,0.0,4,53.45788043478261,60.0,0.0,0.09,29.415,41.773215,-87.60088,9,50222.05736467544,65.0,0.8637049816691826,0.0,70.0,60.0,4.0,5.400000000000004,17.66098770756955,0.18626698296312166,63.85971533318956,0,0,1,0,0,0,0
4637,43320,70.0,60.0,65.0,5.4,11.0,6.8,1744,542,0.0,4,53.45788043478261,60.0,0.0,0.09,29.415,41.822536,-87.66634300000004,9,50220.56921086675,65.0,0.8635187580853816,0.0,70.0,60.0,4.0,5.400000000000004,17.659551530832253,0.18624622682190492,63.85888313928418,0,0,1,0,0,0,0
4638,43320,70.0,60.0,65.0,5.4,11.0,6.8,1744,542,0.0,4,53.45788043478261,60.0,0.0,0.09,29.415,41.754676,-87.612922,9,50219.08169864195,65.0,0.8633326147876698,0.0,70.0,60.0,4.0,5.400000000000004,17.658115973270103,0.1862254796292294,63.858051304160384,0,0,1,0,0,0,0
4639,43320,70.0,60.0,65.0,5.4,11.0,6.8,1744,542,0.0,4,53.45788043478261,60.0,0.0,0.09,29.415,41.803423,-87.642984,9,50217.59482758621,65.0,0.8631465517241379,0.0,70.0,60.0,4.0,5.400000000000004,17.656681034482762,0.1862047413793093,63.85721982758621,0,0,1,0,0,0,0
4640,43320,70.0,60.0,65.0,5.4,11.0,6.8,1744,542,0.0,4,53.45788043478261,60.0,0.0,0.09,29.415,41.803423,-87.642984,9,50216.10859728507,65.0,0.8629605688429218,0.0,70.0,60.0,4.0,5.400000000000004,17.655246714070245,0.186184012066364,63.85638870932989,0,0,0,0,0,1,0
4641,43320,70.0,60.0,65.0,5.4,11.0,6.8,1744,542,0.0,4,53.45788043478261,60.0,0.0,0.09,29.415,41.868077,-87.666901,9,50214.62300732444,65.0,0.8627746660922017,0.0,70.0,60.0,4.0,5.400000000000004,17.653813011632913,0.18616329168461768,63.85555794915985,0,1,0,0,0,0,0
4642,43320,70.0,60.0,65.0,5.4,11.0,6.8,1744,542,0.0,4,53.45788043478261,60.0,0.0,0.09,29.415,41.868077,-87.666901,9,50213.13805729055,65.0,0.8625888434202025,0.0,70.0,60.0,4.0,5.400000000000004,17.652379926771484,0.1861425802282997,63.85472754684472,0,0,1,0,0,0,0
4643,43320,70.0,60.0,65.0,5.4,11.0,6.8,1744,542,0.0,4,53.45788043478261,60.0,0.0,0.09,29.415,41.720848,-87.666014,9,50211.65374677002,65.0,0.8624031007751938,0.0,70.0,60.0,4.0,5.400000000000004,17.650947459086993,0.18612187769164407,63.85389750215332,0,1,0,0,0,0,0
4644,43320,70.0,60.0,65.0,5.4,11.0,6.8,1744,542,0.0,4,53.45788043478261,60.0,0.0,0.09,29.415,41.720848,-87.666014,9,50210.17007534984,65.0,0.8622174381054898,0.0,70.0,60.0,4.0,5.400000000000004,17.649515608180835,0.18610118406889029,63.85306781485468,0,0,1,0,0,0,0
4645,43320,70.0,60.0,65.0,5.4,11.0,6.8,1744,542,0.0,4,53.45788043478261,60.0,0.0,0.09,29.415,41.704336,-87.70373599999998,9,50208.687042617305,65.0,0.862031855359449,0.0,70.0,60.0,4.0,5.400000000000004,17.648084373654758,0.18608049935428228,63.852238484718036,0,1,0,0,0,0,0
4646,43320,70.0,60.0,65.0,5.4,11.0,6.8,1744,542,0.0,4,53.45788043478261,60.0,0.0,0.09,29.415,41.704336,-87.70373599999998,9,50207.204648160114,65.0,0.8618463524854745,0.0,70.0,60.0,4.0,5.400000000000004,17.646653755110822,0.1860598235420692,63.85140951151281,0,0,1,0,0,0,0
4647,43320,70.0,60.0,65.0,5.4,11.0,6.8,1744,542,0.0,4,53.45788043478261,60.0,0.0,0.09,29.415,41.750498,-87.605294,9,50205.722891566256,65.0,0.8616609294320138,0.0,70.0,60.0,4.0,5.400000000000004,17.645223752151466,0.18603915662650505,63.85058089500861,0,0,1,0,0,0,0
4648,43320,70.0,60.0,65.0,5.4,11.0,6.8,1744,542,0.0,4,53.45788043478261,60.0,0.0,0.09,29.415,41.798697,-87.736812,9,50204.24177242418,65.0,0.8614755861475586,0.0,70.0,60.0,4.0,5.400000000000004,17.643794364379435,0.1860184986018489,63.84975263497526,0,0,1,0,0,0,0
4649,43320,70.0,60.0,65.0,5.4,11.0,6.8,1744,542,0.0,4,53.45788043478261,60.0,0.0,0.09,29.415,41.673408,-87.599862,9,50202.761290322574,65.0,0.8612903225806452,0.0,70.0,60.0,4.0,5.400000000000004,17.642365591397848,0.18599784946236464,63.8489247311828,0,1,0,0,0,0,0
4650,43320,70.0,60.0,65.0,5.4,11.0,6.8,1744,542,0.0,4,53.45788043478261,60.0,0.0,0.09,29.415,41.673408,-87.599862,9,50201.28144485057,65.0,0.8611051386798538,0.0,70.0,60.0,4.0,5.400000000000004,17.640937432810148,0.18597720920232114,63.84809718340142,0,0,1,0,0,0,0
4651,43320,70.0,60.0,65.0,5.4,11.0,6.8,1744,542,0.0,4,53.45788043478261,60.0,0.0,0.09,29.415,41.673408,-87.599862,9,50199.802235597585,65.0,0.8609200343938092,0.0,70.0,60.0,4.0,5.400000000000004,17.639509888220122,0.18595657781599215,63.84726999140155,0,0,0,0,1,0,0
4652,43320,70.0,60.0,65.0,5.4,11.0,6.8,1744,542,0.0,4,53.45788043478261,60.0,0.0,0.09,29.415,41.704572,-87.56566600000002,9,50198.323662153445,65.0,0.8607350096711799,0.0,70.0,60.0,4.0,5.400000000000004,17.638082957231894,0.1859359552976565,63.846443154953796,0,1,0,0,0,0,0
4653,43320,70.0,60.0,65.0,5.4,11.0,6.8,1744,542,0.0,4,53.45788043478261,60.0,0.0,0.09,29.415,41.662014,-87.72460799999998,9,50196.845724108294,65.0,0.8605500644606789,0.0,70.0,60.0,4.0,5.400000000000004,17.63665663944993,0.1859153416415977,63.845616673828964,0,0,1,0,0,0,0
4654,43320,70.0,60.0,65.0,5.4,11.0,6.8,1744,542,0.0,4,53.45788043478261,60.0,0.0,0.09,29.415,41.72646500000001,-87.585413,9,50195.368421052626,65.0,0.8603651987110634,0.0,70.0,60.0,4.0,5.400000000000004,17.635230934479054,0.18589473684210436,63.84479054779807,0,0,1,0,0,0,0
4655,43320,70.0,60.0,65.0,5.4,11.0,6.8,1744,542,0.0,4,53.45788043478261,60.0,0.0,0.09,29.415,41.94016,-87.794896,9,50193.891752577314,65.0,0.8601804123711341,0.0,70.0,60.0,4.0,5.400000000000004,17.6338058419244,0.18587414089346987,63.84396477663231,0,0,1,0,0,0,0
4656,43320,70.0,60.0,65.0,5.4,11.0,6.8,1744,542,0.0,4,53.45788043478261,60.0,0.0,0.09,29.415,41.932094,-87.700117,9,50192.415718273565,65.0,0.8599957053897359,0.0,70.0,60.0,4.0,5.400000000000004,17.632381361391452,0.18585355378999266,63.84313936010307,0,0,1,0,0,0,0
4657,43320,70.0,60.0,65.0,5.4,11.0,6.8,1744,542,0.0,4,53.45788043478261,60.0,0.0,0.09,29.415,42.01743,-87.68776899999996,9,50190.94031773293,65.0,0.8598110777157578,0.0,70.0,60.0,4.0,5.400000000000004,17.630957492486047,0.1858329755259759,63.842314297981964,0,0,1,0,0,0,0
4658,43320,70.0,60.0,65.0,5.4,11.0,6.8,1744,542,0.0,4,53.45788043478261,60.0,0.0,0.09,29.415,41.916265,-87.800515,9,50189.465550547335,65.0,0.8596265292981327,0.0,70.0,60.0,4.0,5.400000000000004,17.629534234814336,0.1858124060957278,63.84148959004078,0,1,0,0,0,0,0
4659,43320,70.0,60.0,65.0,5.4,11.0,6.8,1744,542,0.0,4,53.45788043478261,60.0,0.0,0.09,29.415,41.916265,-87.800515,9,50187.99141630901,65.0,0.8594420600858369,0.0,70.0,60.0,4.0,5.400000000000004,17.628111587982833,0.18579184549356131,63.8406652360515,0,0,1,0,0,0,0
4660,43320,70.0,60.0,65.0,5.4,11.0,6.8,1744,542,0.0,4,53.45788043478261,60.0,0.0,0.09,29.415,41.846075,-87.716277,9,50186.517914610595,65.0,0.859257670027891,0.0,70.0,60.0,4.0,5.400000000000004,17.626689551598368,0.18577129371379444,63.83984123578632,0,1,0,0,0,0,0
4661,43320,70.0,60.0,65.0,5.4,11.0,6.8,1744,542,0.0,4,53.45788043478261,60.0,0.0,0.09,29.415,41.846075,-87.716277,9,50185.04504504504,65.0,0.859073359073359,0.0,70.0,60.0,4.0,5.400000000000004,17.625268125268125,0.18575075075074987,63.839017589017594,0,0,1,0,0,0,0
4662,43320,70.0,60.0,65.0,5.4,11.0,6.8,1744,542,0.0,4,53.45788043478261,60.0,0.0,0.09,29.415,41.907645,-87.760886,9,50183.572807205666,65.0,0.8588891271713489,0.0,70.0,60.0,4.0,5.400000000000004,17.62384730859961,0.1857302165987553,63.8381942955179,0,0,1,0,0,0,0
4663,43320,70.0,60.0,65.0,5.4,11.0,6.8,1744,542,0.0,4,53.45788043478261,60.0,0.0,0.09,29.415,41.776156,-87.778927,9,50182.101200686106,65.0,0.8587049742710121,0.0,70.0,60.0,4.0,5.400000000000004,17.62242710120068,0.18570969125214326,63.83737135506004,0,1,0,0,0,0,0
4664,43320,70.0,60.0,65.0,5.4,11.0,6.8,1744,542,0.0,4,53.45788043478261,60.0,0.0,0.09,29.415,41.776156,-87.778927,9,50180.63022508039,65.0,0.8585209003215434,0.0,70.0,60.0,4.0,5.400000000000004,17.621007502679532,0.18568917470525104,63.836548767416936,0,0,1,0,0,0,0
4665,43320,70.0,60.0,65.0,5.4,11.0,6.8,1744,542,0.0,4,53.45788043478261,60.0,0.0,0.09,29.415,41.682587,-87.707973,9,50179.159879982864,65.0,0.8583369052721818,0.0,70.0,60.0,4.0,5.400000000000004,17.619588512644665,0.18566866695242093,63.835726532361775,0,0,1,0,0,0,0
4666,43320,70.0,60.0,65.0,5.4,11.0,6.8,1744,542,0.0,4,53.45788043478261,60.0,0.0,0.09,29.415,41.732984,-87.649642,9,50177.69016498821,65.0,0.8581529890722092,0.0,70.0,60.0,4.0,5.400000000000004,17.61817013070495,0.185648167988,63.83490464966789,0,0,1,0,0,0,0
4667,43320,70.0,60.0,65.0,5.4,11.0,6.8,1744,542,0.0,4,53.45788043478261,60.0,0.0,0.09,29.415,41.732984,-87.649642,9,50176.221079691524,65.0,0.8579691516709511,0.0,70.0,60.0,4.0,5.400000000000004,17.61675235646958,0.1856276778063402,63.83408311910882,0,0,0,1,0,0,0
4668,43320,70.0,60.0,65.0,5.4,11.0,6.8,1744,542,0.0,4,53.45788043478261,60.0,0.0,0.09,29.415,41.903002,-87.68826700000002,9,50174.75262368815,65.0,0.8577853930177768,0.0,70.0,60.0,4.0,5.400000000000004,17.615335189548087,0.1856071964017983,63.83326194045834,0,1,0,0,0,0,0
4669,43320,70.0,60.0,65.0,5.4,11.0,6.8,1744,542,0.0,4,53.45788043478261,60.0,0.0,0.09,29.415,41.903002,-87.68826700000002,9,50173.28479657388,65.0,0.8576017130620985,0.0,70.0,60.0,4.0,5.400000000000004,17.613918629550323,0.1855867237687358,63.83244111349036,0,0,1,0,0,0,0
4670,43320,70.0,60.0,65.0,5.4,11.0,6.8,1744,542,0.0,4,53.45788043478261,60.0,0.0,0.09,29.415,41.903002,-87.68826700000002,9,50171.81759794476,65.0,0.8574181117533719,0.0,70.0,60.0,4.0,5.400000000000004,17.612502676086493,0.1855662599015192,63.83162063797902,0,0,0,1,0,0,0
4671,43320,70.0,60.0,65.0,5.4,11.0,6.8,1744,542,0.0,4,53.45788043478261,60.0,0.0,0.09,29.415,41.678618,-87.559308,9,50170.351027397264,65.0,0.8572345890410958,0.0,70.0,60.0,4.0,5.400000000000004,17.611087328767127,0.18554580479451974,63.830800513698634,0,1,0,0,0,0,0
4672,43320,70.0,60.0,65.0,5.4,11.0,6.8,1744,542,0.0,4,53.45788043478261,60.0,0.0,0.09,29.415,41.678618,-87.559308,9,50168.885084528134,65.0,0.8570511448748127,0.0,70.0,60.0,4.0,5.400000000000004,17.609672587203082,0.18552535844211349,63.82998074042371,0,0,1,0,0,0,0
4673,43320,70.0,60.0,65.0,5.4,11.0,6.8,1744,542,0.0,4,53.45788043478261,60.0,0.0,0.09,29.415,41.678618,-87.559308,9,50167.41976893453,65.0,0.8568677792041078,0.0,70.0,60.0,4.0,5.400000000000004,17.608258451005558,0.18550492083868128,63.82916131792897,0,0,0,1,0,0,0
4674,43320,70.0,60.0,65.0,5.4,11.0,6.8,1744,542,0.0,4,53.45788043478261,60.0,0.0,0.09,29.415,41.740641,-87.546587,9,50165.95508021391,65.0,0.8566844919786096,0.0,70.0,60.0,4.0,5.400000000000004,17.606844919786095,0.18548449197860886,63.8283422459893,0,0,1,0,0,0,0
4675,43320,70.0,60.0,65.0,5.4,11.0,6.8,1744,542,0.0,4,53.45788043478261,60.0,0.0,0.09,29.415,41.680946,-87.535198,9,50164.49101796407,65.0,0.8565012831479898,0.0,70.0,60.0,4.0,5.400000000000004,17.605431993156547,0.18546407185628666,63.827523524379814,0,0,1,0,0,0,0
4676,43320,70.0,60.0,65.0,5.4,11.0,6.8,1744,542,0.0,4,53.45788043478261,60.0,0.0,0.09,29.415,41.948167,-87.730698,9,50163.027581783186,65.0,0.8563181526619628,0.0,70.0,60.0,4.0,5.400000000000004,17.604019670729098,0.18544366046611,63.82670515287579,0,1,0,0,0,0,0
4677,43320,70.0,60.0,65.0,5.4,11.0,6.8,1744,542,0.0,4,53.45788043478261,60.0,0.0,0.09,29.415,41.948167,-87.730698,9,50161.564771269776,65.0,0.8561351004702864,0.0,70.0,60.0,4.0,5.400000000000004,17.60260795211629,0.18542325780247887,63.82588713125267,0,0,1,0,0,0,0
4678,43320,70.0,60.0,65.0,5.4,11.0,6.8,1744,542,0.0,4,53.45788043478261,60.0,0.0,0.09,29.415,41.963976,-87.69181,9,50160.102586022644,65.0,0.8559521265227613,0.0,70.0,60.0,4.0,5.400000000000004,17.601196836930967,0.18540286385979834,63.825069459286176,0,1,0,0,0,0,0
4679,43320,70.0,60.0,65.0,5.4,11.0,6.8,1744,542,0.0,4,53.45788043478261,60.0,0.0,0.09,29.415,41.963976,-87.69181,9,50158.641025641016,65.0,0.8557692307692307,0.0,70.0,60.0,4.0,5.400000000000004,17.599786324786326,0.1853824786324779,63.824252136752136,0,0,1,0,0,0,0
4680,43320,70.0,60.0,65.0,5.4,11.0,6.8,1744,542,0.0,4,53.45788043478261,60.0,0.0,0.09,29.415,41.963976,-87.69181,9,50157.18008972442,65.0,0.8555864131595813,0.0,70.0,60.0,4.0,5.400000000000004,17.59837641529588,0.18536210211493195,63.823435163426616,0,0,0,1,0,0,0
4681,43320,70.0,60.0,65.0,5.4,11.0,6.8,1744,542,0.0,4,53.45788043478261,60.0,0.0,0.09,29.415,41.659112,-87.53869300000002,9,50155.71977787271,65.0,0.855403673643742,0.0,70.0,60.0,4.0,5.400000000000004,17.596967108073468,0.1853417343015798,63.82261853908586,0,1,0,0,0,0,0
4682,43320,70.0,60.0,65.0,5.4,11.0,6.8,1744,542,0.0,4,53.45788043478261,60.0,0.0,0.09,29.415,41.659112,-87.53869300000002,9,50154.260089686104,65.0,0.8552210121716848,0.0,70.0,60.0,4.0,5.400000000000004,17.59555840273329,0.1853213751868453,63.8218022635063,0,0,1,0,0,0,0
4683,43320,70.0,60.0,65.0,5.4,11.0,6.8,1744,542,0.0,4,53.45788043478261,60.0,0.0,0.09,29.415,41.925198,-87.746381,9,50152.801024765155,65.0,0.8550384286934244,0.0,70.0,60.0,4.0,5.400000000000004,17.594150298889836,0.18530102476515728,63.820986336464564,0,1,0,0,0,0,0
4684,43320,70.0,60.0,65.0,5.4,11.0,6.8,1744,542,0.0,4,53.45788043478261,60.0,0.0,0.09,29.415,41.925198,-87.746381,9,50151.34258271078,65.0,0.8548559231590181,0.0,70.0,60.0,4.0,5.400000000000004,17.59274279615795,0.18528068303094916,63.820170757737465,0,0,1,0,0,0,0
4685,43320,70.0,60.0,65.0,5.4,11.0,6.8,1744,542,0.0,4,53.45788043478261,60.0,0.0,0.09,29.415,41.925198,-87.746381,9,50149.8847631242,65.0,0.854673495518566,0.0,70.0,60.0,4.0,5.400000000000004,17.591335894152795,0.18526034997865914,63.819355527102005,0,0,0,1,0,0,0
4686,43320,70.0,60.0,65.0,5.4,11.0,6.8,1744,542,0.0,4,53.45788043478261,60.0,0.0,0.09,29.415,41.973845,-87.805059,9,50148.427565607,65.0,0.8544911457222104,0.0,70.0,60.0,4.0,5.400000000000004,17.589929592489867,0.18524002560273026,63.81854064433539,0,1,0,0,0,0,0
4687,43320,70.0,60.0,65.0,5.4,11.0,6.8,1744,542,0.0,4,53.45788043478261,60.0,0.0,0.09,29.415,41.973845,-87.805059,9,50146.970989761096,65.0,0.8543088737201365,0.0,70.0,60.0,4.0,5.400000000000004,17.588523890784984,0.18521970989761025,63.81772610921502,0,0,1,0,0,0,0
4688,43320,70.0,60.0,65.0,5.4,11.0,6.8,1744,542,0.0,4,53.45788043478261,60.0,0.0,0.09,29.415,41.973845,-87.805059,9,50145.51503518874,65.0,0.8541266794625719,0.0,70.0,60.0,4.0,5.400000000000004,17.587118788654298,0.1851994028577515,63.81691192151845,0,0,0,1,0,0,0
4689,43320,70.0,60.0,65.0,5.4,11.0,6.8,1744,542,0.0,4,53.45788043478261,60.0,0.0,0.09,29.415,41.94722700000001,-87.67145699999998,9,50144.05970149254,65.0,0.8539445628997868,0.0,70.0,60.0,4.0,5.400000000000004,17.585714285714285,0.18517910447761127,63.81609808102346,0,0,1,0,0,0,0
4690,43320,70.0,60.0,65.0,5.4,11.0,6.8,1744,542,0.0,4,53.45788043478261,60.0,0.0,0.09,29.415,41.743402,-87.731435,9,50142.60498827542,65.0,0.8537625239820934,0.0,70.0,60.0,4.0,5.400000000000004,17.58431038158175,0.18515881475165144,63.815284587508,0,1,0,0,0,0,0
4691,43320,70.0,60.0,65.0,5.4,11.0,6.8,1744,542,0.0,4,53.45788043478261,60.0,0.0,0.09,29.415,41.743402,-87.731435,9,50141.150895140665,65.0,0.8535805626598465,0.0,70.0,60.0,4.0,5.400000000000004,17.582907075873827,0.18513853367433866,63.81447144075021,0,0,1,0,0,0,0
4692,43320,70.0,60.0,65.0,5.4,11.0,6.8,1744,542,0.0,4,53.45788043478261,60.0,0.0,0.09,29.415,41.743402,-87.731435,9,50139.69742169188,65.0,0.8533986788834435,0.0,70.0,60.0,4.0,5.400000000000004,17.58150436820797,0.18511826124014424,63.81365864052845,0,0,0,1,0,0,0
4693,43320,70.0,60.0,65.0,5.4,11.0,6.8,1744,542,0.0,4,53.45788043478261,60.0,0.0,0.09,29.415,41.728495,-87.60096300000002,9,50138.24456753303,65.0,0.8532168726033234,0.0,70.0,60.0,4.0,5.400000000000004,17.58010225820196,0.1850979974435443,63.812846186621215,0,1,0,0,0,0,0
4694,43320,70.0,60.0,65.0,5.4,11.0,6.8,1744,542,0.0,4,53.45788043478261,60.0,0.0,0.09,29.415,41.728495,-87.60096300000002,9,50136.79233226837,65.0,0.853035143769968,0.0,70.0,60.0,4.0,5.400000000000004,17.57870074547391,0.1850777422790196,63.81203407880725,0,0,1,0,0,0,0
4695,43320,70.0,60.0,65.0,5.4,11.0,6.8,1744,542,0.0,4,53.45788043478261,60.0,0.0,0.09,29.415,41.951866,-87.72505699999998,9,50135.340715502556,65.0,0.8528534923339012,0.0,70.0,60.0,4.0,5.400000000000004,17.57729982964225,0.1850574957410556,63.811222316865425,0,1,0,0,0,0,0
4696,43320,70.0,60.0,65.0,5.4,11.0,6.8,1744,542,0.0,4,53.45788043478261,60.0,0.0,0.09,29.415,41.951866,-87.72505699999998,9,50133.88971684054,65.0,0.8526719182456888,0.0,70.0,60.0,4.0,5.400000000000004,17.57589951032574,0.18503725782414246,63.810410900574844,0,0,1,0,0,0,0
4697,43320,70.0,60.0,65.0,5.4,11.0,6.8,1744,542,0.0,4,53.45788043478261,60.0,0.0,0.09,29.415,41.753411,-87.63981700000002,9,50132.43933588762,65.0,0.8524904214559387,0.0,70.0,60.0,4.0,5.400000000000004,17.574499787143463,0.18501702852277505,63.80959982971478,0,0,1,0,0,0,0
4698,43320,70.0,60.0,65.0,5.4,11.0,6.8,1744,542,0.0,4,53.45788043478261,60.0,0.0,0.09,29.415,41.904194,-87.756155,9,50130.98957224941,65.0,0.8523090019153011,0.0,70.0,60.0,4.0,5.400000000000004,17.573100659714832,0.1849968078314529,63.80878910406469,0,0,1,0,0,0,0
4699,43320,70.0,60.0,65.0,5.4,11.0,6.8,1744,542,0.0,4,53.45788043478261,60.0,0.0,0.09,29.415,41.974689,-87.890615,9,50129.54042553192,65.0,0.8521276595744681,0.0,70.0,60.0,4.0,5.400000000000004,17.571702127659574,0.18497659574468026,63.807978723404254,0,1,0,0,0,0,0
4700,43320,70.0,60.0,65.0,5.4,11.0,6.8,1744,542,0.0,4,53.45788043478261,60.0,0.0,0.09,29.415,41.974689,-87.890615,9,50128.091895341415,65.0,0.8519463943841736,0.0,70.0,60.0,4.0,5.400000000000004,17.570304190597746,0.184956392256966,63.8071686875133,0,0,1,0,0,0,0
4701,43320,70.0,60.0,65.0,5.4,11.0,6.8,1744,542,0.0,4,53.45788043478261,60.0,0.0,0.09,29.415,41.974689,-87.890615,9,50126.643981284564,65.0,0.8517652062951936,0.0,70.0,60.0,4.0,5.400000000000004,17.568906848149723,0.1849361973628237,63.80635899617186,0,0,0,1,0,0,0
4702,43320,70.0,60.0,65.0,5.4,11.0,6.8,1744,542,0.0,4,53.45788043478261,60.0,0.0,0.09,29.415,41.957799,-87.930995,9,50125.19668296832,65.0,0.8515840952583458,0.0,70.0,60.0,4.0,5.400000000000004,17.56751009993621,0.1849160110567717,63.805549649160106,0,1,0,0,0,0,0
4703,43320,70.0,60.0,65.0,5.4,11.0,6.8,1744,542,0.0,4,53.45788043478261,60.0,0.0,0.09,29.415,41.957799,-87.930995,9,50123.75,65.0,0.8514030612244898,0.0,70.0,60.0,4.0,5.400000000000004,17.56611394557823,0.1848958333333328,63.804740646258495,0,0,1,0,0,0,0
4704,43320,70.0,60.0,65.0,5.4,11.0,6.8,1744,542,0.0,4,53.45788043478261,60.0,0.0,0.09,29.415,41.957799,-87.930995,9,50122.30393198725,65.0,0.8512221041445271,0.0,70.0,60.0,4.0,5.400000000000004,17.56471838469713,0.1848756641870345,63.80393198724761,0,0,0,1,0,0,0
4705,42360,59.0,42.5,51.0,8.95,13.0,9.1,1734,548,14.0,-8,53.45788043478261,49.0,0.0,0.74,29.155,41.964242,-87.757639,10,50120.65448363791,65.0,0.85401614959626,0.0,70.0,60.0,4.0,5.400000000000004,17.563748406289843,0.18499362515937048,63.80078623034424,0,0,0,1,0,0,0
4706,42360,59.0,42.5,51.0,8.95,13.0,9.1,1734,548,14.0,-8,53.45788043478261,49.0,0.0,0.74,29.155,42.008314,-87.77792099999998,10,50119.00573613767,65.0,0.8568090078606331,0.0,70.0,60.0,4.0,5.400000000000004,17.562778840025494,0.185111536010197,63.79764181007011,0,0,1,0,0,0,0
4707,42360,59.0,42.5,51.0,8.95,13.0,9.1,1734,548,14.0,-8,53.45788043478261,49.0,0.0,0.74,29.155,41.98196400000001,-87.812827,10,50117.357689039934,65.0,0.8596006796941377,0.0,70.0,60.0,4.0,5.400000000000004,17.56180968564146,0.18522939677145228,63.79449872557349,0,0,1,0,0,0,0
4708,42360,59.0,42.5,51.0,8.95,13.0,9.1,1734,548,14.0,-8,53.45788043478261,49.0,0.0,0.74,29.155,41.99247800000001,-87.862995,10,50115.710341898484,65.0,0.8623911658526227,0.0,70.0,60.0,4.0,5.400000000000004,17.560840942875345,0.1853472074750472,63.7913569760034,0,0,1,0,0,0,0
4709,42360,59.0,42.5,51.0,8.95,13.0,9.1,1734,548,14.0,-8,53.45788043478261,49.0,0.0,0.74,29.155,41.944869,-87.832763,10,50114.06369426752,65.0,0.8651804670912951,0.0,70.0,60.0,4.0,5.400000000000004,17.559872611464968,0.18546496815286567,63.78821656050955,0,0,1,0,0,0,0
4710,42360,59.0,42.5,51.0,8.95,13.0,9.1,1734,548,14.0,-8,53.45788043478261,49.0,0.0,0.74,29.155,41.923738,-87.785288,10,50112.417745701554,65.0,0.8679685841647209,0.0,70.0,60.0,4.0,5.400000000000004,17.558904691148378,0.18558267883676446,63.78507747824243,0,1,0,0,0,0,0
4711,42360,59.0,42.5,51.0,8.95,13.0,9.1,1734,548,14.0,-8,53.45788043478261,49.0,0.0,0.74,29.155,41.923738,-87.785288,10,50110.77249575552,65.0,0.8707555178268251,0.0,70.0,60.0,4.0,5.400000000000004,17.55793718166384,0.1857003395585733,63.78193972835314,0,0,1,0,0,0,0
4712,42360,59.0,42.5,51.0,8.95,13.0,9.1,1734,548,14.0,-8,53.45788043478261,49.0,0.0,0.74,29.155,41.923738,-87.785288,10,50109.12794398472,51.0,0.8735412688308932,0.0,59.0,60.0,-8.0,5.400000000000004,17.556970082749842,0.18581795035009493,63.77880330999363,0,0,0,1,0,0,0
4713,42360,59.0,42.5,51.0,8.95,13.0,9.1,1734,548,14.0,-8,53.45788043478261,49.0,0.0,0.74,29.155,42.010412,-87.66214000000002,10,50107.484089944846,51.0,0.8763258379295715,0.0,59.0,60.0,-8.0,5.400000000000004,17.5560033941451,0.1859355112431051,63.775668222316504,0,0,1,0,0,0,0
4714,42360,59.0,42.5,51.0,8.95,13.0,9.1,1734,548,14.0,-8,53.45788043478261,49.0,0.0,0.74,29.155,42.010412,-87.66214000000002,10,50105.84093319193,51.0,0.8791092258748674,0.0,59.0,60.0,-8.0,5.400000000000004,17.555037115588547,0.18605302226935255,63.77253446447508,0,0,0,1,0,0,0
4715,42360,59.0,42.5,51.0,8.95,13.0,9.1,1734,548,14.0,-8,53.45788043478261,49.0,0.0,0.74,29.155,41.801498,-87.763416,10,50104.19847328244,51.0,0.8818914334181508,0.0,59.0,42.5,-8.0,5.400000000000004,17.554071246819337,0.18617048346055928,63.76940203562341,0,0,1,0,0,0,0
4716,42360,59.0,42.5,51.0,8.95,13.0,9.1,1734,548,14.0,-8,53.45788043478261,49.0,0.0,0.74,29.155,41.801498,-87.763416,10,50102.55670977316,51.0,0.8846724613101548,0.0,59.0,42.5,-8.0,5.400000000000004,17.55310578757685,0.18628789484842007,63.76627093491626,0,0,0,1,0,0,0
4717,42360,59.0,42.5,51.0,8.95,13.0,9.1,1734,548,14.0,-8,53.45788043478261,49.0,0.0,0.74,29.155,41.911824,-87.726737,10,50100.915642221276,51.0,0.887452310300975,0.0,59.0,42.5,-8.0,5.400000000000004,17.552140737600674,0.1864052564646031,63.76314116150911,0,0,0,1,0,0,0
4718,42360,59.0,42.5,51.0,8.95,13.0,9.1,1734,548,14.0,-8,53.45788043478261,49.0,0.0,0.74,29.155,41.857402,-87.694991,10,50099.275270184364,51.0,0.890230981140072,0.0,59.0,42.5,-8.0,5.400000000000004,17.55117609663064,0.1865225683407496,63.76001271455817,0,1,0,0,0,0,0
4719,42360,59.0,42.5,51.0,8.95,13.0,9.1,1734,548,14.0,-8,53.45788043478261,49.0,0.0,0.74,29.155,41.891118,-87.65449100000002,10,50097.635593220344,51.0,0.8930084745762712,0.0,59.0,42.5,-8.0,5.400000000000004,17.55021186440678,0.18663983050847405,63.756885593220346,0,1,0,0,0,0,0
4720,42360,59.0,42.5,51.0,8.95,13.0,9.1,1734,548,14.0,-8,53.45788043478261,49.0,0.0,0.74,29.155,41.867108,-87.654224,10,50095.996610887516,51.0,0.8957847913577632,0.0,59.0,42.5,-8.0,5.400000000000004,17.54924804066935,0.186757042999364,63.75375979665325,0,0,1,0,0,0,0
4721,42360,59.0,42.5,51.0,8.95,13.0,9.1,1734,548,14.0,-8,53.45788043478261,49.0,0.0,0.74,29.155,41.867108,-87.654224,10,50094.3583227446,51.0,0.8985599322321051,0.0,59.0,42.5,-8.0,5.400000000000004,17.548284625158832,0.1868742058449804,63.75063532401524,0,0,0,1,0,0,0
4722,42360,59.0,42.5,51.0,8.95,13.0,9.1,1734,548,14.0,-8,53.45788043478261,49.0,0.0,0.74,29.155,41.82561,-87.726549,10,50092.720728350614,51.0,0.9013338979462208,0.0,59.0,42.5,-8.0,5.400000000000004,17.547321617615918,0.1869913190768574,63.74751217446538,0,1,0,0,0,0,0
4723,42360,59.0,42.5,51.0,8.95,13.0,9.1,1734,548,14.0,-8,53.45788043478261,49.0,0.0,0.74,29.155,41.82561,-87.726549,10,50091.08382726503,51.0,0.9041066892464014,0.0,59.0,42.5,-8.0,5.400000000000004,17.54635901778154,0.18710838272650246,63.74439034716342,0,0,1,0,0,0,0
4724,42360,59.0,42.5,51.0,8.95,13.0,9.1,1734,548,14.0,-8,53.45788043478261,49.0,0.0,0.74,29.155,41.82561,-87.726549,10,50089.44761904762,51.0,0.9068783068783068,0.0,59.0,42.5,-8.0,5.400000000000004,17.545396825396825,0.1872253968253963,63.74126984126985,0,0,0,1,0,0,0
4725,42360,59.0,42.5,51.0,8.95,13.0,9.1,1734,548,14.0,-8,53.45788043478261,49.0,0.0,0.74,29.155,41.77166,-87.703047,10,50087.81210325856,51.0,0.9096487515869656,0.0,59.0,42.5,-8.0,5.400000000000004,17.544435040203133,0.18734236140499316,63.73815065594582,0,1,0,0,0,0,0
4726,42360,59.0,42.5,51.0,8.95,13.0,9.1,1734,548,14.0,-8,53.45788043478261,49.0,0.0,0.74,29.155,41.768388,-87.678649,10,50086.177279458425,51.0,0.9124180241167759,0.0,59.0,42.5,-8.0,5.400000000000004,17.543473661942038,0.1874592764967204,63.73503279035329,0,1,0,0,0,0,0
4727,42360,59.0,42.5,51.0,8.95,13.0,9.1,1734,548,14.0,-8,53.45788043478261,49.0,0.0,0.74,29.155,41.822536,-87.66634300000004,10,50084.543147208125,51.0,0.915186125211506,0.0,59.0,42.5,-8.0,5.400000000000004,17.54251269035533,0.1875761421319792,63.73191624365482,0,0,1,0,0,0,0
4728,42360,59.0,42.5,51.0,8.95,13.0,9.1,1734,548,14.0,-8,53.45788043478261,49.0,0.0,0.74,29.155,41.803423,-87.642984,10,50082.90970606894,51.0,0.9179530556142949,0.0,59.0,42.5,-8.0,5.400000000000004,17.541552125185028,0.1876929583421437,63.728801015013744,0,0,1,0,0,0,0
4729,42360,59.0,42.5,51.0,8.95,13.0,9.1,1734,548,14.0,-8,53.45788043478261,49.0,0.0,0.74,29.155,41.803423,-87.642984,10,50081.27695560254,51.0,0.9207188160676532,0.0,59.0,42.5,-8.0,5.400000000000004,17.540591966173366,0.18780972515856184,63.725687103594076,0,0,0,1,0,0,0
4730,42360,59.0,42.5,51.0,8.95,13.0,9.1,1734,548,14.0,-8,53.45788043478261,49.0,0.0,0.74,29.155,41.868077,-87.666901,10,50079.644895370955,51.0,0.9234834073134645,0.0,59.0,42.5,-8.0,5.400000000000004,17.539632213062774,0.18792644261255495,63.72257450856056,0,1,0,0,0,0,0
4731,42360,59.0,42.5,51.0,8.95,13.0,9.1,1734,548,14.0,-8,53.45788043478261,49.0,0.0,0.74,29.155,41.868077,-87.666901,10,50078.0135249366,51.0,0.926246830092984,0.0,59.0,42.5,-8.0,5.400000000000004,17.538672865595938,0.1880431107354179,63.719463229078606,0,0,1,0,0,0,0
4732,42360,59.0,42.5,51.0,8.95,13.0,9.1,1734,548,14.0,-8,53.45788043478261,49.0,0.0,0.74,29.155,41.868077,-87.666901,10,50076.38284386224,51.0,0.9290090851468412,0.0,59.0,42.5,-8.0,5.400000000000004,17.537713923515742,0.1881597295584191,63.71635326431439,0,0,0,1,0,0,0
4733,42360,59.0,42.5,51.0,8.95,13.0,9.1,1734,548,14.0,-8,53.45788043478261,49.0,0.0,0.74,29.155,41.720848,-87.666014,10,50074.75285171103,51.0,0.9317701732150402,0.0,59.0,42.5,-8.0,8.950000000000003,17.53675538656527,0.1882762991128005,63.713244613434725,0,0,1,0,0,0,0
4734,42360,59.0,42.5,51.0,8.95,13.0,9.1,1734,548,14.0,-8,53.45788043478261,49.0,0.0,0.74,29.155,41.704336,-87.70373599999998,10,50073.12354804647,51.0,0.9345300950369588,0.0,59.0,42.5,-8.0,8.950000000000003,17.535797254487857,0.18839281942977773,63.710137275607174,0,1,0,0,0,0,0
4735,42360,59.0,42.5,51.0,8.95,13.0,9.1,1734,548,14.0,-8,53.45788043478261,49.0,0.0,0.74,29.155,41.704336,-87.70373599999998,10,50071.49493243243,51.0,0.9372888513513512,0.0,59.0,42.5,-8.0,8.950000000000003,17.534839527027028,0.18850929054054005,63.70703125,0,0,1,0,0,0,0
4736,42360,59.0,42.5,51.0,8.95,13.0,9.1,1734,548,14.0,-8,53.45788043478261,49.0,0.0,0.74,29.155,41.750498,-87.605294,10,50069.86700443318,51.0,0.940046442896348,0.0,59.0,42.5,-8.0,8.950000000000003,17.533882203926535,0.1886257124762503,63.70392653578214,0,1,0,0,0,0,0
4737,42360,59.0,42.5,51.0,8.95,13.0,9.1,1734,548,14.0,-8,53.45788043478261,49.0,0.0,0.74,29.155,41.750498,-87.605294,10,50068.23976361334,51.0,0.9428028704094554,0.0,59.0,42.5,-8.0,8.950000000000003,17.53292528493035,0.1887420852680451,63.70082313212326,0,0,1,0,0,0,0
4738,42360,59.0,42.5,51.0,8.95,13.0,9.1,1734,548,14.0,-8,53.45788043478261,49.0,0.0,0.74,29.155,41.750498,-87.605294,10,50066.61320953788,51.0,0.9455581346275586,0.0,59.0,42.5,-8.0,8.950000000000003,17.531968769782655,0.18885840894703476,63.69772103819371,0,0,0,1,0,0,0
4739,42360,59.0,42.5,51.0,8.95,13.0,9.1,1734,548,14.0,-8,53.45788043478261,49.0,0.0,0.74,29.155,41.673408,-87.599862,10,50064.98734177216,51.0,0.94831223628692,0.0,59.0,42.5,-8.0,8.950000000000003,17.531012658227848,0.1889746835443033,63.69462025316456,0,0,1,0,0,0,0
4740,42360,59.0,42.5,51.0,8.95,13.0,9.1,1734,548,14.0,-8,53.45788043478261,49.0,0.0,0.74,29.155,41.704572,-87.56566600000002,10,50063.362159881886,51.0,0.9510651761231808,0.0,59.0,42.5,-8.0,8.950000000000003,17.530056950010547,0.1890909090909086,63.69152077620754,0,1,0,0,0,0,0
4741,42360,59.0,42.5,51.0,8.95,13.0,9.1,1734,548,14.0,-8,53.45788043478261,49.0,0.0,0.74,29.155,41.704572,-87.56566600000002,10,50061.73766343315,51.0,0.9538169548713624,0.0,59.0,42.5,-8.0,8.950000000000003,17.52910164487558,0.18920708561788224,63.68842260649515,0,0,1,0,0,0,0
4742,42360,59.0,42.5,51.0,8.95,13.0,9.1,1734,548,14.0,-8,53.45788043478261,49.0,0.0,0.74,29.155,41.704572,-87.56566600000002,10,50060.11385199241,51.0,0.9565675732658656,0.0,59.0,42.5,-8.0,8.950000000000003,17.528146742567994,0.1893232131562297,63.685325743200515,0,0,0,1,0,0,0
4743,42360,59.0,42.5,51.0,8.95,13.0,9.1,1734,548,14.0,-8,53.45788043478261,49.0,0.0,0.74,29.155,41.72646500000001,-87.585413,10,50058.49072512648,51.0,0.959317032040472,0.0,59.0,42.5,-8.0,8.950000000000003,17.527192242833053,0.1894392917369304,63.68223018549747,0,0,0,1,0,0,0
4744,42360,59.0,42.5,51.0,8.95,13.0,9.1,1734,548,14.0,-8,53.45788043478261,49.0,0.0,0.74,29.155,41.94016,-87.794896,10,50056.86828240253,51.0,0.9620653319283456,0.0,59.0,42.5,-8.0,8.950000000000003,17.526238145416222,0.18955532139093734,63.6791359325606,0,0,1,0,0,0,0
4745,42360,59.0,42.5,51.0,8.95,13.0,9.1,1734,548,14.0,-8,53.45788043478261,49.0,0.0,0.74,29.155,41.94016,-87.794896,10,50055.246523388116,51.0,0.9648124736620312,0.0,59.0,42.5,-8.0,8.950000000000003,17.52528445006321,0.18967130214917774,63.67604298356511,0,0,0,1,0,0,0
4746,42360,59.0,42.5,51.0,8.95,13.0,9.1,1734,548,14.0,-8,53.45788043478261,49.0,0.0,0.74,29.155,41.916265,-87.800515,10,50053.625447651146,51.0,0.967558457973457,0.0,59.0,42.5,-8.0,8.950000000000003,17.524331156519903,0.1897872340425527,63.67295133768696,0,0,1,0,0,0,0
4747,42360,59.0,42.5,51.0,8.95,13.0,9.1,1734,548,14.0,-8,53.45788043478261,49.0,0.0,0.74,29.155,41.846075,-87.716277,10,50052.0050547599,51.0,0.9703032855939344,0.0,59.0,42.5,-8.0,8.950000000000003,17.523378264532436,0.1899031171019372,63.669860994102784,0,0,0,1,0,0,0
4748,42360,59.0,42.5,51.0,8.95,13.0,9.1,1734,548,14.0,-8,53.45788043478261,49.0,0.0,0.74,29.155,41.682587,-87.707973,10,50050.38534428301,51.0,0.9730469572541588,0.0,59.0,42.5,-8.0,8.950000000000003,17.522425773847125,0.1900189513581802,63.66677195198989,0,0,1,0,0,0,0
4749,42360,59.0,42.5,51.0,8.95,13.0,9.1,1734,548,14.0,-8,53.45788043478261,49.0,0.0,0.74,29.155,41.682587,-87.707973,10,50048.76631578947,51.0,0.9757894736842104,0.0,59.0,42.5,-8.0,8.950000000000003,17.521473684210527,0.1901347368421048,63.66368421052631,0,0,0,1,0,0,0
4750,42360,59.0,42.5,51.0,8.95,13.0,9.1,1734,548,14.0,-8,53.45788043478261,49.0,0.0,0.74,29.155,41.903002,-87.68826700000002,10,50047.147968848665,51.0,0.978530835613555,0.0,59.0,42.5,-8.0,8.950000000000003,17.520521995369393,0.19025047358450808,63.66059776889076,0,0,1,0,0,0,0
4751,42360,59.0,42.5,51.0,8.95,13.0,9.1,1734,548,14.0,-8,53.45788043478261,49.0,0.0,0.74,29.155,41.903002,-87.68826700000002,10,50045.530303030304,51.0,0.9812710437710438,0.0,59.0,42.5,-8.0,8.950000000000003,17.519570707070706,0.19036616161616116,63.657512626262616,0,0,0,1,0,0,0
4752,42360,59.0,42.5,51.0,8.95,13.0,9.1,1734,548,14.0,-8,53.45788043478261,49.0,0.0,0.74,29.155,41.678618,-87.559308,10,50043.91331790448,51.0,0.9840100988849148,0.0,59.0,42.5,-8.0,8.950000000000003,17.518619819061644,0.1904818009678093,63.654428781822006,0,1,0,0,0,0,0
4753,42360,59.0,42.5,51.0,8.95,13.0,9.1,1734,548,14.0,-8,53.45788043478261,49.0,0.0,0.74,29.155,41.678618,-87.559308,10,50042.29701304165,51.0,0.9867480016827934,0.0,59.0,42.5,-8.0,8.950000000000003,17.517669331089607,0.19059739167017198,63.65134623474968,0,0,1,0,0,0,0
4754,42360,59.0,42.5,51.0,8.95,13.0,9.1,1734,548,14.0,-8,53.45788043478261,49.0,0.0,0.74,29.155,41.678618,-87.559308,10,50040.681388012614,51.0,0.9894847528916928,0.0,59.0,42.5,-8.0,8.950000000000003,17.51671924290221,0.19071293375394274,63.64826498422713,0,0,0,1,0,0,0
4755,42360,59.0,42.5,51.0,8.95,13.0,9.1,1734,548,14.0,-8,53.45788043478261,49.0,0.0,0.74,29.155,41.678618,-87.559308,10,50039.06644238856,51.0,0.9922203532380152,0.0,59.0,42.5,-8.0,8.950000000000003,17.515769554247267,0.19082842724978927,63.645185029436504,0,0,0,0,0,0,1
4756,42360,59.0,42.5,51.0,8.95,13.0,9.1,1734,548,14.0,-8,53.45788043478261,49.0,0.0,0.74,29.155,41.925198,-87.746381,10,50037.45217574102,51.0,0.9949548034475508,0.0,59.0,42.5,-8.0,8.950000000000003,17.514820264872817,0.19094387218835354,63.64210636956065,0,0,1,0,0,0,0
4757,42360,59.0,42.5,51.0,8.95,13.0,9.1,1734,548,14.0,-8,53.45788043478261,49.0,0.0,0.74,29.155,41.973845,-87.805059,10,50035.83858764187,51.0,0.9976881042454812,0.0,59.0,42.5,-8.0,8.950000000000003,17.513871374527113,0.1910592686002517,63.6390290037831,0,0,1,0,0,0,0
4758,42360,59.0,42.5,51.0,8.95,13.0,9.1,1734,548,14.0,-8,53.45788043478261,49.0,0.0,0.74,29.155,41.743402,-87.731435,10,50034.225677663366,51.0,1.000420256356377,0.0,59.0,42.5,-8.0,8.950000000000003,17.512922882958605,0.19117461651607434,63.63595293128809,0,1,0,0,0,0,0
4759,42360,59.0,42.5,51.0,8.95,13.0,9.1,1734,548,14.0,-8,53.45788043478261,49.0,0.0,0.74,29.155,41.743402,-87.731435,10,50032.613445378156,51.0,1.0031512605042017,0.0,59.0,42.5,-8.0,8.950000000000003,17.511974789915968,0.1912899159663861,63.6328781512605,0,0,1,0,0,0,0
4760,42360,59.0,42.5,51.0,8.95,13.0,9.1,1734,548,14.0,-8,53.45788043478261,49.0,0.0,0.74,29.155,41.743402,-87.731435,10,50031.00189035917,51.0,1.0058811174123083,0.0,59.0,42.5,-8.0,8.950000000000003,17.511027095148073,0.19140516698172608,63.62980466288593,0,0,0,1,0,0,0
4761,42360,59.0,42.5,51.0,8.95,13.0,9.1,1734,548,14.0,-8,53.45788043478261,49.0,0.0,0.74,29.155,41.951866,-87.72505699999998,10,50029.39101217977,51.0,1.008609827803444,0.0,59.0,42.5,-8.0,8.950000000000003,17.510079798404032,0.19152036959260768,63.626732465350685,0,0,1,0,0,0,0
4762,42360,59.0,42.5,51.0,8.95,13.0,9.1,1734,548,14.0,-8,53.45788043478261,49.0,0.0,0.74,29.155,41.753411,-87.63981700000002,10,50027.780810413606,51.0,1.011337392399748,0.0,59.0,42.5,-8.0,8.950000000000003,17.50913289943313,0.1916355238295188,63.62366155784169,0,0,1,0,0,0,0
4763,42360,59.0,42.5,51.0,8.95,13.0,9.1,1734,548,14.0,-8,53.45788043478261,49.0,0.0,0.74,29.155,41.904194,-87.756155,10,50026.171284634765,51.0,1.014063811922754,0.0,59.0,42.5,-8.0,8.950000000000003,17.508186397984883,0.19175062972292145,63.62059193954661,0,0,0,0,0,0,1
4764,42360,59.0,42.5,51.0,8.95,13.0,9.1,1734,548,14.0,-8,53.45788043478261,49.0,0.0,0.74,29.155,41.974689,-87.890615,10,50024.562434417625,51.0,1.016789087093389,0.0,59.0,42.5,-8.0,8.950000000000003,17.507240293809026,0.19186568730325246,63.61752360965372,0,1,0,0,0,0,0
4765,42360,59.0,42.5,51.0,8.95,13.0,9.1,1734,548,14.0,-8,53.45788043478261,49.0,0.0,0.74,29.155,41.974689,-87.890615,10,50022.95425933697,51.0,1.0195132186319764,0.0,59.0,42.5,-8.0,8.950000000000003,17.506294586655475,0.1919806966009228,63.61445656735208,0,0,1,0,0,0,0
4766,42360,59.0,42.5,51.0,8.95,13.0,9.1,1734,548,14.0,-8,53.45788043478261,49.0,0.0,0.74,29.155,41.974689,-87.890615,10,50021.34675896791,51.0,1.0222362072582336,0.0,59.0,42.5,-8.0,8.950000000000003,17.505349276274387,0.192095657646318,63.61139081183134,0,0,0,1,0,0,0
4767,42360,59.0,42.5,51.0,8.95,13.0,9.1,1734,548,14.0,-8,53.45788043478261,49.0,0.0,0.74,29.155,41.957799,-87.930995,10,50019.739932885896,51.0,1.0249580536912752,0.0,59.0,42.5,-8.0,8.950000000000003,17.504404362416107,0.19221057046979825,63.608326342281885,0,1,0,0,0,0,0
4768,42360,59.0,42.5,51.0,8.95,13.0,9.1,1734,548,14.0,-8,53.45788043478261,49.0,0.0,0.74,29.155,41.957799,-87.930995,10,50018.133780666816,51.0,1.027678758649612,0.0,59.0,42.5,-8.0,8.950000000000003,17.503459844831198,0.19232543510169806,63.60526315789475,0,0,1,0,0,0,0
4769,54600,70.0,51.0,60.5,6.25,2.0,7.75,1926,416,4.5,-7,53.45788043478261,57.5,0.0,0.48,29.235,41.964242,-87.757639,6,50019.094339622636,51.0,1.028406708595388,0.0,59.0,42.5,-8.0,8.950000000000003,17.500209643605867,0.1923857442348004,63.60398322851153,0,0,1,0,0,0,0
4770,54600,70.0,51.0,60.5,6.25,2.0,7.75,1926,416,4.5,-7,53.45788043478261,57.5,0.0,0.48,29.235,41.923738,-87.785288,6,50020.05449591281,51.0,1.0291343533850346,0.0,59.0,42.5,-8.0,8.950000000000003,17.496960804862713,0.19244602808635464,63.60270383567386,0,0,1,0,0,0,0
4771,54600,70.0,51.0,60.5,6.25,2.0,7.75,1926,416,4.5,-7,53.45788043478261,57.5,0.0,0.48,29.235,41.923738,-87.785288,6,50021.01424979045,51.0,1.0298616932103941,0.0,59.0,42.5,-8.0,8.950000000000003,17.49371332774518,0.1925062866722544,63.60142497904442,0,0,0,1,0,0,0
4772,54600,70.0,51.0,60.5,6.25,2.0,7.75,1926,416,4.5,-7,53.45788043478261,57.5,0.0,0.48,29.235,41.960616,-87.777189,6,50021.973601508485,51.0,1.030588728263147,0.0,59.0,42.5,-8.0,8.950000000000003,17.490467211397444,0.19256652000838004,63.60014665828619,0,0,0,1,0,0,0
4773,54600,70.0,51.0,60.5,6.25,2.0,7.75,1926,416,4.5,-7,53.45788043478261,57.5,0.0,0.48,29.235,42.010412,-87.66214000000002,6,50022.932551319645,51.0,1.0313154587348137,0.0,59.0,42.5,-8.0,8.950000000000003,17.48722245496439,0.19262672811059867,63.59886887306242,0,0,0,1,0,0,0
4774,54600,70.0,51.0,60.5,6.25,2.0,7.75,1926,416,4.5,-7,53.45788043478261,57.5,0.0,0.48,29.235,42.010412,-87.66214000000002,6,50023.89109947644,51.0,1.032041884816754,0.0,59.0,42.5,-8.0,8.950000000000003,17.483979057591622,0.192686910994764,63.59759162303665,0,0,0,0,1,0,0
4775,54600,70.0,51.0,60.5,6.25,2.0,7.75,1926,416,4.5,-7,53.45788043478261,57.5,0.0,0.48,29.235,42.010412,-87.66214000000002,6,50024.84924623116,51.0,1.0327680067001674,0.0,59.0,42.5,-8.0,8.950000000000003,17.48073701842546,0.1927470686767165,63.5963149078727,0,0,0,0,0,0,1
4776,54600,70.0,51.0,60.5,6.25,2.0,7.75,1926,416,4.5,-7,53.45788043478261,57.5,0.0,0.48,29.235,41.98480900000001,-87.728492,6,50025.80699183588,60.5,1.0334938245760938,0.0,70.0,42.5,-7.0,8.950000000000003,17.477496336612933,0.19280720117228345,63.59503872723466,0,0,0,1,0,0,0
4777,54600,70.0,51.0,60.5,6.25,2.0,7.75,1926,416,4.5,-7,53.45788043478261,57.5,0.0,0.48,29.235,41.98480900000001,-87.728492,6,50026.76433654249,60.5,1.0342193386354124,0.0,70.0,42.5,-7.0,8.950000000000003,17.474257011301802,0.1928673084972788,63.593763080786935,0,0,0,0,1,0,0
4778,54600,70.0,51.0,60.5,6.25,2.0,7.75,1926,416,4.5,-7,53.45788043478261,57.5,0.0,0.48,29.235,41.98480900000001,-87.728492,6,50027.72128060264,60.5,1.034944549068843,0.0,70.0,42.5,-7.0,8.950000000000003,17.47101904164051,0.19292739066750325,63.59248796819418,0,0,0,0,0,0,1
4779,54600,70.0,51.0,60.5,6.25,2.0,7.75,1926,416,4.5,-7,53.45788043478261,57.5,0.0,0.48,29.235,41.986921,-87.689778,6,50028.67782426778,60.5,1.0356694560669455,0.0,70.0,51.0,-7.0,8.950000000000003,17.467782426778246,0.1929874476987444,63.59121338912134,0,0,1,0,0,0,0
4780,54600,70.0,51.0,60.5,6.25,2.0,7.75,1926,416,4.5,-7,53.45788043478261,57.5,0.0,0.48,29.235,41.801498,-87.763416,6,50029.63396778917,60.5,1.0363940598201211,0.0,70.0,51.0,-7.0,8.950000000000003,17.464547165864882,0.19304747960677646,63.58993934323363,0,0,1,0,0,0,0
4781,54600,70.0,51.0,60.5,6.25,2.0,7.75,1926,416,4.5,-7,53.45788043478261,57.5,0.0,0.48,29.235,41.801498,-87.763416,6,50030.589711417815,60.5,1.0371183605186114,0.0,70.0,51.0,-7.0,8.950000000000003,17.461313258051025,0.19310748640736056,63.58866583019657,0,0,0,1,0,0,0
4782,54600,70.0,51.0,60.5,6.25,2.0,7.75,1926,416,4.5,-7,53.45788043478261,57.5,0.0,0.48,29.235,41.801498,-87.763416,6,50031.54505540456,60.5,1.0378423583524985,0.0,70.0,51.0,-7.0,8.950000000000003,17.45808070248798,0.19316746811624466,63.58739284967594,0,0,0,0,0,0,1
4783,54600,70.0,51.0,60.5,6.25,2.0,7.75,1926,416,4.5,-7,53.45788043478261,57.5,0.0,0.48,29.235,41.868142,-87.696269,6,50032.5,60.5,1.0385660535117056,0.0,70.0,51.0,-7.0,8.950000000000003,17.45484949832776,0.1932274247491635,63.58612040133779,0,0,1,0,0,0,0
4784,54600,70.0,51.0,60.5,6.25,2.0,7.75,1926,416,4.5,-7,53.45788043478261,57.5,0.0,0.48,29.235,41.868142,-87.696269,6,50033.454545454544,60.5,1.0392894461859978,0.0,70.0,51.0,-7.0,8.950000000000003,17.451619644723092,0.1932873563218387,63.58484848484849,0,0,0,1,0,0,0
4785,54600,70.0,51.0,60.5,6.25,2.0,7.75,1926,416,4.5,-7,53.45788043478261,57.5,0.0,0.48,29.235,41.868142,-87.696269,6,50034.408692018376,60.5,1.0400125365649813,0.0,70.0,51.0,-7.0,8.950000000000003,17.448391140827415,0.19334726284997872,63.58357709987463,0,0,0,0,0,0,1
4786,54600,70.0,51.0,60.5,6.25,2.0,7.75,1926,416,4.5,-7,53.45788043478261,57.5,0.0,0.48,29.235,41.896282,-87.655232,6,50035.36243994151,60.5,1.0407353248381033,0.0,70.0,51.0,-7.0,8.950000000000003,17.44516398579486,0.1934071443492789,63.58230624608314,0,0,0,0,0,0,1
4787,54600,70.0,51.0,60.5,6.25,2.0,7.75,1926,416,4.5,-7,53.45788043478261,57.5,0.0,0.48,29.235,41.77166,-87.703047,6,50036.315789473694,60.5,1.0414578111946533,0.0,70.0,51.0,-7.0,8.950000000000003,17.441938178780287,0.1934670008354215,63.58103592314119,0,0,1,0,0,0,0
4788,54600,70.0,51.0,60.5,6.25,2.0,7.75,1926,416,4.5,-7,53.45788043478261,57.5,0.0,0.48,29.235,41.77166,-87.703047,6,50037.268740864485,60.5,1.0421799958237628,0.0,70.0,51.0,-7.0,8.950000000000003,17.438713718939237,0.19352683232407564,63.579766130716216,0,0,0,1,0,0,0
4789,54600,70.0,51.0,60.5,6.25,2.0,7.75,1926,416,4.5,-7,53.45788043478261,57.5,0.0,0.48,29.235,41.773215,-87.60088,6,50038.221294363255,60.5,1.0429018789144051,0.0,70.0,51.0,-7.0,8.950000000000003,17.435490605427976,0.19358663883089733,63.578496868476,0,0,0,1,0,0,0
4790,54600,70.0,51.0,60.5,6.25,2.0,7.75,1926,416,4.5,-7,53.45788043478261,57.5,0.0,0.48,29.235,41.822536,-87.66634300000004,6,50039.17345021916,60.5,1.0436234606553956,0.0,70.0,51.0,-7.0,8.950000000000003,17.432268837403463,0.1936464203715296,63.57722813608849,0,0,0,1,0,0,0
4791,54600,70.0,51.0,60.5,6.25,2.0,7.75,1926,416,4.5,-7,53.45788043478261,57.5,0.0,0.48,29.235,41.868077,-87.666901,6,50040.12520868114,60.5,1.0443447412353923,0.0,70.0,51.0,-7.0,8.950000000000003,17.429048414023377,0.1937061769616023,63.57595993322204,0,0,1,0,0,0,0
4792,54600,70.0,51.0,60.5,6.25,2.0,7.75,1926,416,4.5,-7,53.45788043478261,57.5,0.0,0.48,29.235,41.868077,-87.666901,6,50041.07656999792,60.5,1.045065720842896,0.0,70.0,51.0,-7.0,8.950000000000003,17.425829334446068,0.1937659086167324,63.574692259545174,0,0,0,1,0,0,0
4793,54600,70.0,51.0,60.5,6.25,2.0,7.75,1926,416,4.5,-7,53.45788043478261,57.5,0.0,0.48,29.235,41.720848,-87.666014,6,50042.02753441802,60.5,1.0457863996662495,0.0,70.0,51.0,-7.0,8.950000000000003,17.42261159783062,0.19382561535252368,63.573425114726746,0,0,1,0,0,0,0
4794,54600,70.0,51.0,60.5,6.25,2.0,7.75,1926,416,4.5,-7,53.45788043478261,57.5,0.0,0.48,29.235,41.704336,-87.70373599999998,6,50042.97810218979,60.5,1.0465067778936392,0.0,70.0,51.0,-7.0,8.950000000000003,17.419395203336812,0.1938852971845669,63.57215849843587,0,0,0,1,0,0,0
4795,54600,70.0,51.0,60.5,6.25,2.0,7.75,1926,416,4.5,-7,53.45788043478261,57.5,0.0,0.48,29.235,41.673408,-87.599862,6,50043.9282735613,60.5,1.0472268557130942,0.0,70.0,51.0,-7.0,8.950000000000003,17.416180150125104,0.19394495412844004,63.57089241034196,0,0,1,0,0,0,0
4796,54600,70.0,51.0,60.5,6.25,2.0,7.75,1926,416,4.5,-7,53.45788043478261,57.5,0.0,0.48,29.235,41.94016,-87.794896,6,50044.87804878049,60.5,1.047946633312487,0.0,70.0,51.0,-7.0,8.950000000000003,17.41296643735668,0.1940045861997078,63.56962685011465,0,0,1,0,0,0,0
4797,54600,70.0,51.0,60.5,6.25,2.0,7.75,1926,416,4.5,-7,53.45788043478261,57.5,0.0,0.48,29.235,42.01743,-87.68776899999996,6,50045.827428095035,60.5,1.0486661108795332,0.0,70.0,51.0,-7.0,6.250000000000004,17.409754064193415,0.19406419341392211,63.56836181742393,0,0,0,1,0,0,0
4798,54600,70.0,51.0,60.5,6.25,2.0,7.75,1926,416,4.5,-7,53.45788043478261,57.5,0.0,0.48,29.235,41.916265,-87.800515,6,50046.77641175245,60.5,1.049385288601792,0.0,70.0,51.0,-7.0,6.250000000000004,17.406543029797877,0.19412377578662188,63.567097311939996,0,0,0,1,0,0,0
4799,54600,70.0,51.0,60.5,6.25,2.0,7.75,1926,416,4.5,-7,53.45788043478261,57.5,0.0,0.48,29.235,41.846075,-87.716277,6,50047.725,60.5,1.0501041666666666,0.0,70.0,51.0,-7.0,6.250000000000004,17.403333333333332,0.194183333333333,63.56583333333333,0,0,0,0,0,0,1
4800,54600,70.0,51.0,60.5,6.25,2.0,7.75,1926,416,4.5,-7,53.45788043478261,57.5,0.0,0.48,29.235,41.903002,-87.68826700000002,6,50048.673193084775,60.5,1.0508227452614038,0.0,70.0,51.0,-7.0,6.250000000000004,17.400124973963756,0.19424286606956853,63.564569881274736,0,0,1,0,0,0,0
4801,54600,70.0,51.0,60.5,6.25,2.0,7.75,1926,416,4.5,-7,53.45788043478261,57.5,0.0,0.48,29.235,41.680946,-87.535198,6,50049.620991253636,60.5,1.0515410245730945,0.0,70.0,51.0,-7.0,6.250000000000004,17.396917950853812,0.1943023740108285,63.56330695543524,0,0,0,1,0,0,0
4802,54600,70.0,51.0,60.5,6.25,2.0,7.75,1926,416,4.5,-7,53.45788043478261,57.5,0.0,0.48,29.235,41.948167,-87.730698,6,50050.56839475328,60.5,1.0522590047886735,0.0,70.0,51.0,-7.0,6.250000000000004,17.393712263168855,0.19436185717260016,63.562044555486146,0,0,0,1,0,0,0
4803,54600,70.0,51.0,60.5,6.25,2.0,7.75,1926,416,4.5,-7,53.45788043478261,57.5,0.0,0.48,29.235,41.963976,-87.69181,6,50051.51540383013,60.5,1.0529766860949208,0.0,70.0,51.0,-7.0,6.250000000000004,17.390507910074938,0.19442131557035766,63.56078268109909,0,0,0,0,0,0,1
4804,54600,70.0,51.0,60.5,6.25,2.0,7.75,1926,416,4.5,-7,53.45788043478261,57.5,0.0,0.48,29.235,41.973845,-87.805059,6,50052.46201873049,60.5,1.05369406867846,0.0,70.0,51.0,-7.0,6.250000000000004,17.387304890738815,0.19448074921956265,63.55952133194589,0,0,1,0,0,0,0
4805,54600,70.0,51.0,60.5,6.25,2.0,7.75,1926,416,4.5,-7,53.45788043478261,57.5,0.0,0.48,29.235,41.904194,-87.756155,6,50053.40823970037,60.5,1.0544111527257594,0.0,70.0,51.0,-7.0,6.250000000000004,17.384103204327925,0.19454015813566344,63.558260507698705,0,0,0,1,0,0,0
4806,54600,70.0,51.0,60.5,6.25,2.0,7.75,1926,416,4.5,-7,53.45788043478261,57.5,0.0,0.48,29.235,41.912563,-87.66805500000002,6,50054.354066985645,60.5,1.055127938423133,0.0,70.0,51.0,-7.0,6.250000000000004,17.3809028500104,0.19459954233409585,63.557000208029955,0,0,1,0,0,0,0
4807,54600,70.0,51.0,60.5,6.25,2.0,7.75,1926,416,4.5,-7,53.45788043478261,57.5,0.0,0.48,29.235,41.912563,-87.66805500000002,6,50055.299500831956,60.5,1.0558444259567388,0.0,70.0,51.0,-7.0,6.250000000000004,17.377703826955074,0.19465890183028256,63.55574043261232,0,0,0,1,0,0,0
4808,54600,70.0,51.0,60.5,6.25,2.0,7.75,1926,416,4.5,-7,53.45788043478261,57.5,0.0,0.48,29.235,41.974689,-87.890615,6,50056.24454148472,60.5,1.0565606155125806,0.0,70.0,51.0,-7.0,6.250000000000004,17.37450613433146,0.19471823663963367,63.554481181118746,0,1,0,0,0,0,0
4809,54600,70.0,51.0,60.5,6.25,2.0,7.75,1926,416,4.5,-7,53.45788043478261,57.5,0.0,0.48,29.235,41.974689,-87.890615,6,50057.18918918919,60.5,1.0572765072765071,0.0,70.0,51.0,-7.0,6.250000000000004,17.371309771309768,0.1947775467775465,63.55322245322245,0,0,1,0,0,0,0
4810,54600,70.0,51.0,60.5,6.25,2.0,7.75,1926,416,4.5,-7,53.45788043478261,57.5,0.0,0.48,29.235,41.974689,-87.890615,6,50058.133444190404,60.5,1.0579921014342133,0.0,70.0,51.0,-7.0,6.250000000000004,17.368114737060903,0.19483683225940526,63.551964248596974,0,0,0,1,0,0,0
4811,54600,70.0,51.0,60.5,6.25,2.0,7.75,1926,416,4.5,-7,53.45788043478261,57.5,0.0,0.48,29.235,41.974689,-87.890615,6,50059.07730673316,60.5,1.0587073981712385,0.0,70.0,51.0,-7.0,6.250000000000004,17.36492103075644,0.1948960931005816,63.550706566916034,0,0,0,0,1,0,0
4812,54600,70.0,51.0,60.5,6.25,2.0,7.75,1926,416,4.5,-7,53.45788043478261,57.5,0.0,0.48,29.235,41.974689,-87.890615,6,50060.02077706212,60.5,1.059422397672969,0.0,70.0,51.0,-7.0,6.250000000000004,17.36172865156867,0.1949553293164344,63.54944940785373,0,0,0,0,0,0,1
4813,54600,70.0,51.0,60.5,6.25,2.0,7.75,1926,416,4.5,-7,53.45788043478261,57.5,0.0,0.48,29.235,41.957799,-87.930995,6,50060.96385542169,60.5,1.0601371001246365,0.0,70.0,51.0,-7.0,6.250000000000004,17.358537598670544,0.1950145409223097,63.548192771084345,0,1,0,0,0,0,0
4814,54780,82.0,62.0,72.0,5.55,6.5,6.4,1929,416,0.0,2,53.45788043478261,64.5,7.0,0.0,29.155,41.95469,-87.800991,6,50061.94392523365,60.5,1.0599169262720665,0.0,70.0,51.0,-7.0,6.250000000000004,17.356282450674975,0.1949740394600205,63.54839044652129,0,0,1,0,0,0,0
4815,54780,82.0,62.0,72.0,5.55,6.5,6.4,1929,416,0.0,2,53.45788043478261,64.5,7.0,0.0,29.155,41.964242,-87.757639,6,50062.92358803987,60.5,1.0596968438538206,0.0,70.0,51.0,-7.0,6.250000000000004,17.35402823920266,0.19493355481727548,63.548588039867106,0,0,1,0,0,0,0
4816,54780,82.0,62.0,72.0,5.55,6.5,6.4,1929,416,0.0,2,53.45788043478261,64.5,7.0,0.0,29.155,42.008314,-87.77792099999998,6,50063.902844093835,60.5,1.059476852812954,0.0,70.0,51.0,-7.0,6.250000000000004,17.351774963670334,0.19489308698359947,63.548785551172934,0,0,1,0,0,0,0
4817,54780,82.0,62.0,72.0,5.55,6.5,6.4,1929,416,0.0,2,53.45788043478261,64.5,7.0,0.0,29.155,42.008314,-87.77792099999998,6,50064.88169364882,60.5,1.0592569530925695,0.0,70.0,51.0,-7.0,6.250000000000004,17.349522623495222,0.1948526359485261,63.548982980489825,0,0,0,1,0,0,0
4818,54780,82.0,62.0,72.0,5.55,6.5,6.4,1929,416,0.0,2,53.45788043478261,64.5,7.0,0.0,29.155,41.98196400000001,-87.812827,6,50065.86013695788,60.5,1.0590371446358169,0.0,70.0,51.0,-7.0,6.250000000000004,17.347271218095038,0.1948122017015976,63.549180327868854,0,0,1,0,0,0,0
4819,54780,82.0,62.0,72.0,5.55,6.5,6.4,1929,416,0.0,2,53.45788043478261,64.5,7.0,0.0,29.155,41.99247800000001,-87.862995,6,50066.838174273864,60.5,1.058817427385892,0.0,70.0,51.0,-7.0,6.250000000000004,17.34502074688797,0.19477178423236488,63.549377593360994,0,0,1,0,0,0,0
4820,54780,82.0,62.0,72.0,5.55,6.5,6.4,1929,416,0.0,2,53.45788043478261,64.5,7.0,0.0,29.155,41.98196400000001,-87.812827,6,50067.815805849415,60.5,1.0585978012860402,0.0,70.0,51.0,-7.0,6.250000000000004,17.34277120929268,0.19473138353038766,63.54957477701721,0,0,0,1,0,0,0
4821,54780,82.0,62.0,72.0,5.55,6.5,6.4,1929,416,0.0,2,53.45788043478261,64.5,7.0,0.0,29.155,41.99247800000001,-87.862995,6,50068.79303193696,72.0,1.058378266279552,7.0,82.0,51.0,2.0,6.250000000000004,17.340522604728328,0.1946909995852341,63.54977187888843,0,0,0,1,0,0,0
4822,54780,82.0,62.0,72.0,5.55,6.5,6.4,1929,416,0.0,2,53.45788043478261,64.5,7.0,0.0,29.155,41.944869,-87.832763,6,50069.76985278872,72.0,1.0581588223097658,7.0,82.0,51.0,2.0,6.250000000000004,17.338274932614556,0.1946506323864812,63.5499688990255,0,0,0,1,0,0,0
4823,54780,82.0,62.0,72.0,5.55,6.5,6.4,1929,416,0.0,2,53.45788043478261,64.5,7.0,0.0,29.155,41.923738,-87.785288,6,50070.746268656716,72.0,1.0579394693200663,7.0,82.0,51.0,2.0,6.250000000000004,17.336028192371476,0.1946102819237145,63.55016583747928,0,0,1,0,0,0,0
4824,54780,82.0,62.0,72.0,5.55,6.5,6.4,1929,416,0.0,2,53.45788043478261,64.5,7.0,0.0,29.155,41.923738,-87.785288,6,50071.722279792746,72.0,1.057720207253886,7.0,82.0,62.0,2.0,6.250000000000004,17.333782383419692,0.19456994818652826,63.550362694300524,0,0,0,1,0,0,0
4825,54780,82.0,62.0,72.0,5.55,6.5,6.4,1929,416,0.0,2,53.45788043478261,64.5,7.0,0.0,29.155,41.960616,-87.777189,6,50072.6978864484,72.0,1.0575010360547037,7.0,82.0,62.0,2.0,6.250000000000004,17.331537505180272,0.1945296311645252,63.55055946954,0,0,0,1,0,0,0
4826,54780,82.0,62.0,72.0,5.55,6.5,6.4,1929,416,0.0,2,53.45788043478261,64.5,7.0,0.0,29.155,41.98480900000001,-87.728492,6,50073.673088875075,72.0,1.057281955666045,7.0,82.0,62.0,2.0,6.250000000000004,17.329293557074788,0.1944893308473169,63.550756163248394,0,0,1,0,0,0,0
4827,54780,82.0,62.0,72.0,5.55,6.5,6.4,1929,416,0.0,2,53.45788043478261,64.5,7.0,0.0,29.155,41.98480900000001,-87.728492,6,50074.64788732395,72.0,1.057062966031483,7.0,82.0,62.0,2.0,6.250000000000004,17.32705053852527,0.19444904722452333,63.55095277547639,0,0,0,1,0,0,0
4828,54780,82.0,62.0,72.0,5.55,6.5,6.4,1929,416,0.0,2,53.45788043478261,64.5,7.0,0.0,29.155,41.98480900000001,-87.728492,6,50075.622282045966,72.0,1.0568440670946366,7.0,82.0,62.0,2.0,6.250000000000004,17.324808448954233,0.1944087802857732,63.551149306274596,0,0,0,0,0,0,1
4829,54780,82.0,62.0,72.0,5.55,6.5,6.4,1929,416,0.0,2,53.45788043478261,64.5,7.0,0.0,29.155,41.986921,-87.689778,6,50076.596273291936,72.0,1.0566252587991718,7.0,82.0,62.0,2.0,6.250000000000004,17.32256728778468,0.19436853002070367,63.55134575569358,0,0,0,1,0,0,0
4830,54780,82.0,62.0,72.0,5.55,6.5,6.4,1929,416,0.0,2,53.45788043478261,64.5,7.0,0.0,29.155,41.801498,-87.763416,6,50077.56986131236,72.0,1.0564065410888015,7.0,82.0,62.0,2.0,6.250000000000004,17.320327054440074,0.1943282964189606,63.5515421237839,0,0,1,0,0,0,0
4831,54780,82.0,62.0,72.0,5.55,6.5,6.4,1929,416,0.0,2,53.45788043478261,64.5,7.0,0.0,29.155,41.801498,-87.763416,6,50078.54304635762,72.0,1.0561879139072847,7.0,82.0,62.0,2.0,6.250000000000004,17.318087748344368,0.1942880794701984,63.55173841059603,0,0,0,1,0,0,0
4832,54780,82.0,62.0,72.0,5.55,6.5,6.4,1929,416,0.0,2,53.45788043478261,64.5,7.0,0.0,29.155,41.836644,-87.677737,6,50079.51582867784,72.0,1.0559693771984275,7.0,82.0,62.0,2.0,6.250000000000004,17.315849368921995,0.19424787916407998,63.55193461618042,0,0,1,0,0,0,0
4833,54780,82.0,62.0,72.0,5.55,6.5,6.4,1929,416,0.0,2,53.45788043478261,64.5,7.0,0.0,29.155,41.763733,-87.742302,6,50080.48820852296,72.0,1.0557509309060822,7.0,82.0,62.0,2.0,6.250000000000004,17.31361191559785,0.19420769549027692,63.55213074058751,0,0,1,0,0,0,0
4834,54780,82.0,62.0,72.0,5.55,6.5,6.4,1929,416,0.0,2,53.45788043478261,64.5,7.0,0.0,29.155,41.836644,-87.677737,6,50081.460186142715,72.0,1.0555325749741469,7.0,82.0,62.0,2.0,6.250000000000004,17.311375387797312,0.19416752843846924,63.55232678386764,0,0,0,1,0,0,0
4835,54780,82.0,62.0,72.0,5.55,6.5,6.4,1929,416,0.0,2,53.45788043478261,64.5,7.0,0.0,29.155,41.763733,-87.742302,6,50082.4317617866,72.0,1.0553143093465671,7.0,82.0,62.0,2.0,6.250000000000004,17.309139784946233,0.19412737799834548,63.552522746071126,0,0,0,1,0,0,0
4836,54780,82.0,62.0,72.0,5.55,6.5,6.4,1929,416,0.0,2,53.45788043478261,64.5,7.0,0.0,29.155,41.911824,-87.726737,6,50083.40293570395,72.0,1.055096133967335,7.0,82.0,62.0,2.0,6.250000000000004,17.306905106470953,0.1940872441596028,63.5527186272483,0,0,1,0,0,0,0
4837,54780,82.0,62.0,72.0,5.55,6.5,6.4,1929,416,0.0,2,53.45788043478261,64.5,7.0,0.0,29.155,41.911824,-87.726737,6,50084.37370814387,72.0,1.054878048780488,7.0,82.0,62.0,2.0,6.250000000000004,17.304671351798262,0.1940471269119468,63.55291442744936,0,0,0,1,0,0,0
4838,54780,82.0,62.0,72.0,5.55,6.5,6.4,1929,416,0.0,2,53.45788043478261,64.5,7.0,0.0,29.155,41.891118,-87.65449100000002,6,50085.34407935524,72.0,1.0546600537301096,7.0,82.0,62.0,2.0,6.250000000000004,17.302438520355448,0.1940070262450917,63.55311014672453,0,0,1,0,0,0,0
4839,54780,82.0,62.0,72.0,5.55,6.5,6.4,1929,416,0.0,2,53.45788043478261,64.5,7.0,0.0,29.155,41.868142,-87.696269,6,50086.31404958678,72.0,1.0544421487603306,7.0,82.0,62.0,2.0,6.250000000000004,17.300206611570243,0.19396694214876006,63.55330578512397,0,0,1,0,0,0,0
4840,54780,82.0,62.0,72.0,5.55,6.5,6.4,1929,416,0.0,2,53.45788043478261,64.5,7.0,0.0,29.155,41.868142,-87.696269,6,50087.283619086964,72.0,1.0542243338153274,7.0,82.0,62.0,2.0,6.250000000000004,17.297975624870894,0.19392687461268307,63.55350134269779,0,0,0,1,0,0,0
4841,54780,82.0,62.0,72.0,5.55,6.5,6.4,1929,416,0.0,2,53.45788043478261,64.5,7.0,0.0,29.155,41.867108,-87.654224,6,50088.252788104095,72.0,1.0540066088393223,7.0,82.0,62.0,2.0,6.250000000000004,17.29574555968608,0.1938868236266003,63.553696819496075,0,0,1,0,0,0,0
4842,54780,82.0,62.0,72.0,5.55,6.5,6.4,1929,416,0.0,2,53.45788043478261,64.5,7.0,0.0,29.155,41.867108,-87.654224,6,50089.22155688623,72.0,1.0537889737765849,7.0,82.0,62.0,2.0,5.550000000000003,17.293516415444973,0.1938467891802599,63.553892215568865,0,0,0,1,0,0,0
4843,54780,82.0,62.0,72.0,5.55,6.5,6.4,1929,416,0.0,2,53.45788043478261,64.5,7.0,0.0,29.155,41.921965,-87.632085,6,50090.18992568125,72.0,1.0535714285714286,7.0,82.0,62.0,2.0,5.550000000000005,17.29128819157721,0.1938067712634184,63.554087530966136,0,0,1,0,0,0,0
4844,54780,82.0,62.0,72.0,5.55,6.5,6.4,1929,416,0.0,2,53.45788043478261,64.5,7.0,0.0,29.155,41.921965,-87.632085,6,50091.15789473683,72.0,1.0533539731682149,7.0,82.0,62.0,2.0,5.550000000000005,17.2890608875129,0.1937667698658408,63.55428276573787,0,0,0,1,0,0,0
4845,54780,82.0,62.0,72.0,5.55,6.5,6.4,1929,416,0.0,2,53.45788043478261,64.5,7.0,0.0,29.155,41.801179,-87.679447,6,50092.12546430045,72.0,1.0531366075113495,7.0,82.0,62.0,2.0,5.550000000000005,17.286834502682623,0.1937267849773006,63.554477919933966,0,0,1,0,0,0,0
4846,54780,82.0,62.0,72.0,5.55,6.5,6.4,1929,416,0.0,2,53.45788043478261,64.5,7.0,0.0,29.155,41.801179,-87.679447,6,50093.092634619345,72.0,1.0529193315452858,7.0,82.0,62.0,2.0,5.550000000000005,17.284609036517438,0.1936868165875797,63.554672993604285,0,0,0,1,0,0,0
4847,54780,82.0,62.0,72.0,5.55,6.5,6.4,1929,416,0.0,2,53.45788043478261,64.5,7.0,0.0,29.155,41.82561,-87.726549,6,50094.059405940585,72.0,1.0527021452145215,7.0,82.0,62.0,2.0,5.550000000000005,17.282384488448848,0.1936468646864684,63.554867986798676,0,0,0,1,0,0,0
4848,54780,82.0,62.0,72.0,5.55,6.5,6.4,1929,416,0.0,2,53.45788043478261,64.5,7.0,0.0,29.155,41.778297,-87.752411,6,50095.02577851104,72.0,1.0524850484636008,7.0,82.0,62.0,2.0,5.550000000000005,17.280160857908847,0.19360692926376544,63.55506289956692,0,0,1,0,0,0,0
4849,54780,82.0,62.0,72.0,5.55,6.5,6.4,1929,416,0.0,2,53.45788043478261,64.5,7.0,0.0,29.155,41.77166,-87.703047,6,50095.99175257731,72.0,1.0522680412371137,7.0,82.0,62.0,2.0,5.550000000000005,17.277938144329898,0.1935670103092781,63.55525773195876,0,0,0,1,0,0,0
4850,54780,82.0,62.0,72.0,5.55,6.5,6.4,1929,416,0.0,2,53.45788043478261,64.5,7.0,0.0,29.155,41.768388,-87.678649,6,50096.9573283859,72.0,1.052051123479695,7.0,82.0,62.0,2.0,5.550000000000005,17.275716347144918,0.19352710781282184,63.5554524840239,0,0,1,0,0,0,0
4851,54780,82.0,62.0,72.0,5.55,6.5,6.4,1929,416,0.0,2,53.45788043478261,64.5,7.0,0.0,29.155,41.773215,-87.60088,6,50097.922506183015,72.0,1.0518342951360264,7.0,82.0,62.0,2.0,5.550000000000005,17.273495465787306,0.19348722176422067,63.55564715581203,0,0,1,0,0,0,0
4852,54780,82.0,62.0,72.0,5.55,6.5,6.4,1929,416,0.0,2,53.45788043478261,64.5,7.0,0.0,29.155,41.773215,-87.60088,6,50098.88728621472,72.0,1.0516175561508343,7.0,82.0,62.0,2.0,5.550000000000005,17.271275499690912,0.19344735215330694,63.55584174737276,0,0,0,1,0,0,0
4853,54780,82.0,62.0,72.0,5.55,6.5,6.4,1929,416,0.0,2,53.45788043478261,64.5,7.0,0.0,29.155,41.822536,-87.66634300000004,6,50099.85166872681,72.0,1.0514009064688916,7.0,82.0,62.0,2.0,5.550000000000005,17.269056448290073,0.19340749896992146,63.556036258755675,0,0,0,1,0,0,0
4854,54780,82.0,62.0,72.0,5.55,6.5,6.4,1929,416,0.0,2,53.45788043478261,64.5,7.0,0.0,29.155,41.766202,-87.562889,6,50100.81565396498,72.0,1.0511843460350154,7.0,82.0,62.0,2.0,5.550000000000005,17.26683831101957,0.1933676622039132,63.5562306900103,0,0,0,1,0,0,0
4855,54780,82.0,62.0,72.0,5.55,6.5,6.4,1929,416,0.0,2,53.45788043478261,64.5,7.0,0.0,29.155,41.754676,-87.612922,6,50101.77924217463,72.0,1.0509678747940692,7.0,82.0,62.0,2.0,5.550000000000005,17.264621087314662,0.19332784184513974,63.55642504118615,0,0,1,0,0,0,0
4856,54780,82.0,62.0,72.0,5.55,6.5,6.4,1929,416,0.0,2,53.45788043478261,64.5,7.0,0.0,29.155,41.754676,-87.612922,6,50102.742433600986,72.0,1.0507514926909616,7.0,82.0,62.0,2.0,5.550000000000005,17.262404776611078,0.1932880378834669,63.556619312332714,0,0,0,1,0,0,0
4857,54780,82.0,62.0,72.0,5.55,6.5,6.4,1929,416,0.0,2,53.45788043478261,64.5,7.0,0.0,29.155,41.803423,-87.642984,6,50103.70522848909,72.0,1.0505351996706465,7.0,82.0,62.0,2.0,5.550000000000005,17.260189378344993,0.1932482503087688,63.556813503499384,0,0,0,1,0,0,0
4858,54780,82.0,62.0,72.0,5.55,6.5,6.4,1929,416,0.0,2,53.45788043478261,64.5,7.0,0.0,29.155,41.868077,-87.666901,6,50104.66762708376,72.0,1.0503189956781231,7.0,82.0,62.0,2.0,5.550000000000005,17.257974891953076,0.1932084791109279,63.55700761473554,0,0,1,0,0,0,0
4859,54780,82.0,62.0,72.0,5.55,6.5,6.4,1929,416,0.0,2,53.45788043478261,64.5,7.0,0.0,29.155,41.868077,-87.666901,6,50105.62962962963,72.0,1.0501028806584365,7.0,82.0,62.0,2.0,5.550000000000005,17.255761316872427,0.1931687242798351,63.557201646090526,0,0,0,1,0,0,0
4860,54780,82.0,62.0,72.0,5.55,6.5,6.4,1929,416,0.0,2,53.45788043478261,64.5,7.0,0.0,29.155,41.720848,-87.666014,6,50106.591236371125,72.0,1.0498868545566755,7.0,82.0,62.0,2.0,5.550000000000005,17.25354865254063,0.1931289858053896,63.557395597613656,0,0,0,1,0,0,0
4861,54780,82.0,62.0,72.0,5.55,6.5,6.4,1929,416,0.0,2,53.45788043478261,64.5,7.0,0.0,29.155,41.704336,-87.70373599999998,6,50107.55244755245,72.0,1.049670917317976,7.0,82.0,62.0,2.0,5.550000000000005,17.25133689839572,0.1930892636774987,63.557589469354184,0,0,0,1,0,0,0
4862,54780,82.0,62.0,72.0,5.55,6.5,6.4,1929,416,0.0,2,53.45788043478261,64.5,7.0,0.0,29.155,41.798697,-87.736812,6,50108.51326341763,72.0,1.049455068887518,7.0,82.0,62.0,2.0,5.550000000000005,17.249126053876207,0.19304955788607828,63.557783261361294,0,0,1,0,0,0,0
4863,54780,82.0,62.0,72.0,5.55,6.5,6.4,1929,416,0.0,2,53.45788043478261,64.5,7.0,0.0,29.155,41.798697,-87.736812,6,50109.47368421053,72.0,1.0492393092105263,7.0,82.0,62.0,2.0,5.550000000000005,17.24691611842105,0.1930098684210524,63.55797697368421,0,0,0,1,0,0,0
4864,54780,82.0,62.0,72.0,5.55,6.5,6.4,1929,416,0.0,2,53.45788043478261,64.5,7.0,0.0,29.155,41.673408,-87.599862,6,50110.433710174715,72.0,1.0490236382322713,7.0,82.0,62.0,2.0,5.550000000000005,17.244707091469678,0.1929701952723533,63.55817060637205,0,1,0,0,0,0,0
4865,54780,82.0,62.0,72.0,5.55,6.5,6.4,1929,416,0.0,2,53.45788043478261,64.5,7.0,0.0,29.155,41.673408,-87.599862,6,50111.39334155363,72.0,1.048808055898068,7.0,82.0,62.0,2.0,5.550000000000005,17.24249897246198,0.19293053842992164,63.558364159473896,0,0,1,0,0,0,0
4866,54780,82.0,62.0,72.0,5.55,6.5,6.4,1929,416,0.0,2,53.45788043478261,64.5,7.0,0.0,29.155,41.673408,-87.599862,6,50112.35257859051,72.0,1.0485925621532772,7.0,82.0,62.0,2.0,5.550000000000005,17.2402917608383,0.19289089788370636,63.558557633038824,0,0,0,1,0,0,0
4867,54780,82.0,62.0,72.0,5.55,6.5,6.4,1929,416,0.0,2,53.45788043478261,64.5,7.0,0.0,29.155,41.704572,-87.56566600000002,6,50113.31142152835,72.0,1.0483771569433031,7.0,82.0,62.0,2.0,5.550000000000005,17.238085456039446,0.19285127362366447,63.55875102711586,0,0,1,0,0,0,0
4868,54780,82.0,62.0,72.0,5.55,6.5,6.4,1929,416,0.0,2,53.45788043478261,64.5,7.0,0.0,29.155,41.704572,-87.56566600000002,6,50114.26987060998,72.0,1.0481618402135962,7.0,82.0,62.0,2.0,5.550000000000005,17.235880057506677,0.1928116656397615,63.55894434175396,0,0,0,1,0,0,0
4869,54780,82.0,62.0,72.0,5.55,6.5,6.4,1929,416,0.0,2,53.45788043478261,64.5,7.0,0.0,29.155,41.662014,-87.72460799999998,6,50115.22792607803,72.0,1.0479466119096508,7.0,82.0,62.0,2.0,5.550000000000005,17.233675564681725,0.19277207392197102,63.559137577002055,0,0,1,0,0,0,0
4870,54780,82.0,62.0,72.0,5.55,6.5,6.4,1929,416,0.0,2,53.45788043478261,64.5,7.0,0.0,29.155,41.662014,-87.72460799999998,6,50116.185588174914,72.0,1.0477314719770068,7.0,82.0,62.0,2.0,5.550000000000005,17.231471977006773,0.1927324984602748,63.559330732909046,0,0,0,1,0,0,0
4871,54780,82.0,62.0,72.0,5.55,6.5,6.4,1929,416,0.0,2,53.45788043478261,64.5,7.0,0.0,29.155,41.72646500000001,-87.585413,6,50117.142857142855,72.0,1.047516420361248,7.0,82.0,62.0,2.0,5.550000000000005,17.229269293924467,0.1926929392446631,63.55952380952381,0,0,0,1,0,0,0
4872,54780,82.0,62.0,72.0,5.55,6.5,6.4,1929,416,0.0,2,53.45788043478261,64.5,7.0,0.0,29.155,41.94016,-87.794896,6,50118.099733223884,72.0,1.0473014570080033,7.0,82.0,62.0,2.0,5.550000000000005,17.227067514877902,0.1926533962651341,63.55971680689514,0,0,1,0,0,0,0
4873,54780,82.0,62.0,72.0,5.55,6.5,6.4,1929,416,0.0,2,53.45788043478261,64.5,7.0,0.0,29.155,41.94016,-87.794896,6,50119.05621665983,72.0,1.0470865818629462,7.0,82.0,62.0,2.0,5.550000000000005,17.224866639310626,0.19261386951169446,63.55990972507181,0,0,0,1,0,0,0
4874,54780,82.0,62.0,72.0,5.55,6.5,6.4,1929,416,0.0,2,53.45788043478261,64.5,7.0,0.0,29.155,41.878114,-87.629798,6,50120.01230769231,72.0,1.046871794871795,7.0,82.0,62.0,2.0,5.550000000000005,17.222666666666665,0.1925743589743587,63.560102564102564,0,0,0,1,0,0,0
4875,54780,82.0,62.0,72.0,5.55,6.5,6.4,1929,416,0.0,2,53.45788043478261,64.5,7.0,0.0,29.155,41.932094,-87.700117,6,50120.968006562754,72.0,1.0466570959803116,7.0,82.0,62.0,2.0,5.550000000000005,17.220467596390485,0.19253486464314987,63.560295324036105,0,0,1,0,0,0,0
4876,54780,82.0,62.0,72.0,5.55,6.5,6.4,1929,416,0.0,2,53.45788043478261,64.5,7.0,0.0,29.155,41.932094,-87.700117,6,50121.92331351241,72.0,1.046442485134304,7.0,82.0,62.0,2.0,5.550000000000005,17.218269427927005,0.19249538650809894,63.56048800492106,0,0,0,1,0,0,0
4877,54780,82.0,62.0,72.0,5.55,6.5,6.4,1929,416,0.0,2,53.45788043478261,64.5,7.0,0.0,29.155,41.932094,-87.700117,6,50122.87822878228,72.0,1.046227962279623,7.0,82.0,62.0,2.0,5.550000000000005,17.21607216072161,0.19245592455924526,63.560680606806066,0,0,0,0,1,0,0
4878,54780,82.0,62.0,72.0,5.55,6.5,6.4,1929,416,0.0,2,53.45788043478261,64.5,7.0,0.0,29.155,42.01743,-87.68776899999996,6,50123.83275261324,72.0,1.0460135273621645,7.0,82.0,62.0,2.0,5.550000000000005,17.213875794220126,0.19241647878663634,63.560873129739704,0,0,0,1,0,0,0
4879,54780,82.0,62.0,72.0,5.55,6.5,6.4,1929,416,0.0,2,53.45788043478261,64.5,7.0,0.0,29.155,41.916265,-87.800515,6,50124.7868852459,72.0,1.0457991803278688,7.0,82.0,62.0,2.0,5.550000000000005,17.21168032786885,0.1923770491803276,63.56106557377049,0,0,1,0,0,0,0
4880,54780,82.0,62.0,72.0,5.55,6.5,6.4,1929,416,0.0,2,53.45788043478261,64.5,7.0,0.0,29.155,41.916265,-87.800515,6,50125.74062692071,72.0,1.0455849211227208,7.0,82.0,62.0,2.0,5.550000000000005,17.209485761114525,0.19233763573038284,63.56125793894693,0,0,0,1,0,0,0
4881,54780,82.0,62.0,72.0,5.55,6.5,6.4,1929,416,0.0,2,53.45788043478261,64.5,7.0,0.0,29.155,41.846075,-87.716277,6,50126.69397787792,72.0,1.0453707496927491,7.0,82.0,62.0,2.0,5.550000000000005,17.20729209340434,0.192298238426874,63.561450225317486,0,0,1,0,0,0,0
4882,54780,82.0,62.0,72.0,5.55,6.5,6.4,1929,416,0.0,2,53.45788043478261,64.5,7.0,0.0,29.155,41.846075,-87.716277,6,50127.64693835757,72.0,1.045156665984026,7.0,82.0,62.0,2.0,5.550000000000005,17.205099324185948,0.19225885725988096,63.561642432930576,0,0,0,1,0,0,0
4883,54780,82.0,62.0,72.0,5.55,6.5,6.4,1929,416,0.0,2,53.45788043478261,64.5,7.0,0.0,29.155,41.776156,-87.778927,6,50128.59950859951,72.0,1.04494266994267,7.0,82.0,62.0,2.0,5.550000000000005,17.202907452907453,0.19221949221949194,63.561834561834566,0,0,1,0,0,0,0
4884,54780,82.0,62.0,72.0,5.55,6.5,6.4,1929,416,0.0,2,53.45788043478261,64.5,7.0,0.0,29.155,41.732984,-87.649642,6,50129.5516888434,72.0,1.0447287615148413,7.0,82.0,62.0,2.0,5.550000000000005,17.2007164790174,0.1921801432958032,63.56202661207779,0,0,0,1,0,0,0
4885,54780,82.0,62.0,72.0,5.55,6.5,6.4,1929,416,0.0,2,53.45788043478261,64.5,7.0,0.0,29.155,41.678618,-87.559308,6,50130.5034793287,72.0,1.0445149406467458,7.0,82.0,62.0,2.0,5.550000000000005,17.198526401964802,0.1921408104789191,63.562218583708564,0,0,1,0,0,0,0
4886,54780,82.0,62.0,72.0,5.55,6.5,6.4,1929,416,0.0,2,53.45788043478261,64.5,7.0,0.0,29.155,41.678618,-87.559308,6,50131.45488029466,72.0,1.0443012072846327,7.0,82.0,62.0,2.0,5.550000000000005,17.196337221199098,0.19210149375895205,63.56241047677512,0,0,0,1,0,0,0
4887,54780,82.0,62.0,72.0,5.55,6.5,6.4,1929,416,0.0,2,53.45788043478261,64.5,7.0,0.0,29.155,41.680946,-87.535198,6,50132.405891980365,72.0,1.0440875613747955,7.0,82.0,62.0,2.0,5.550000000000005,17.194148936170212,0.19206219312602266,63.5626022913257,0,0,1,0,0,0,0
4888,54780,82.0,62.0,72.0,5.55,6.5,6.4,1929,416,0.0,2,53.45788043478261,64.5,7.0,0.0,29.155,41.680946,-87.535198,6,50133.35651462467,72.0,1.0438740028635711,7.0,82.0,62.0,2.0,5.550000000000005,17.191961546328493,0.1920229085702595,63.562794027408465,0,0,0,1,0,0,0
4889,54780,82.0,62.0,72.0,5.55,6.5,6.4,1929,416,0.0,2,53.45788043478261,64.5,7.0,0.0,29.155,41.680946,-87.535198,6,50134.30674846626,72.0,1.0436605316973415,7.0,82.0,62.0,2.0,5.550000000000005,17.189775051124744,0.19198364008179933,63.562985685071574,0,0,0,0,0,0,1
4890,54780,82.0,62.0,72.0,5.55,6.5,6.4,1929,416,0.0,2,53.45788043478261,64.5,7.0,0.0,29.155,41.948167,-87.730698,6,50135.256593743616,72.0,1.0434471478225311,7.0,82.0,62.0,2.0,5.550000000000005,17.187589450010222,0.1919443876507869,63.56317726436312,0,0,1,0,0,0,0
4891,54780,82.0,62.0,72.0,5.55,6.5,6.4,1929,416,0.0,2,53.45788043478261,64.5,7.0,0.0,29.155,41.948167,-87.730698,6,50136.20605069502,72.0,1.0432338511856092,7.0,82.0,62.0,2.0,5.550000000000005,17.18540474243663,0.19190515126737506,63.563368765331155,0,0,0,1,0,0,0
4892,54780,82.0,62.0,72.0,5.55,6.5,6.4,1929,416,0.0,2,53.45788043478261,64.5,7.0,0.0,29.155,41.963976,-87.69181,6,50137.15511955856,72.0,1.043020641733088,7.0,82.0,62.0,2.0,5.550000000000005,17.18322092785612,0.19186593092172466,63.56356018802371,0,0,1,0,0,0,0
4893,54780,82.0,62.0,72.0,5.55,6.5,6.4,1929,416,0.0,2,53.45788043478261,64.5,7.0,0.0,29.155,41.659112,-87.53869300000002,6,50138.10380057213,72.0,1.0428075194115245,7.0,82.0,62.0,2.0,5.550000000000005,17.18103800572129,0.19182672660400465,63.56375153248876,0,0,1,0,0,0,0
4894,54780,82.0,62.0,72.0,5.55,6.5,6.4,1929,416,0.0,2,53.45788043478261,64.5,7.0,0.0,29.155,41.659112,-87.53869300000002,6,50139.052093973434,72.0,1.042594484167518,7.0,82.0,62.0,2.0,5.550000000000005,17.178855975485188,0.191787538304392,63.563942798774264,0,0,0,1,0,0,0
4895,54780,82.0,62.0,72.0,5.55,6.5,6.4,1929,416,0.0,2,53.45788043478261,64.5,7.0,0.0,29.155,41.925198,-87.746381,6,50140.0,72.0,1.0423815359477124,7.0,82.0,62.0,2.0,5.550000000000005,17.176674836601308,0.19174836601307166,63.5641339869281,0,0,1,0,0,0,0
4896,54780,82.0,62.0,72.0,5.55,6.5,6.4,1929,416,0.0,2,53.45788043478261,64.5,7.0,0.0,29.155,41.925198,-87.746381,6,50140.94751888912,72.0,1.0421686746987953,7.0,82.0,62.0,2.0,5.550000000000005,17.174494588523586,0.1917092097202366,63.56432509699816,0,0,0,1,0,0,0
4897,54780,82.0,62.0,72.0,5.55,6.5,6.4,1929,416,0.0,2,53.45788043478261,64.5,7.0,0.0,29.155,41.973845,-87.805059,6,50141.89465087791,72.0,1.041955900367497,7.0,82.0,62.0,2.0,5.550000000000005,17.17231523070641,0.19167006941608794,63.564516129032256,0,0,0,1,0,0,0
4898,54780,82.0,62.0,72.0,5.55,6.5,6.4,1929,416,0.0,2,53.45788043478261,64.5,7.0,0.0,29.155,41.94722700000001,-87.67145699999998,6,50142.84139620331,72.0,1.0417432129005921,7.0,82.0,62.0,2.0,5.550000000000005,17.170136762604617,0.1916309450908346,63.56470708307818,0,0,1,0,0,0,0
4899,54780,82.0,62.0,72.0,5.55,6.5,6.4,1929,416,0.0,2,53.45788043478261,64.5,7.0,0.0,29.155,41.94722700000001,-87.67145699999998,6,50143.78775510204,72.0,1.041530612244898,7.0,82.0,62.0,2.0,5.550000000000005,17.16795918367347,0.19159183673469365,63.56489795918368,0,0,0,1,0,0,0
4900,54780,82.0,62.0,72.0,5.55,6.5,6.4,1929,416,0.0,2,53.45788043478261,64.5,7.0,0.0,29.155,41.743402,-87.731435,6,50144.73372781066,72.0,1.0413180983472758,7.0,82.0,62.0,2.0,5.550000000000005,17.1657824933687,0.19155274433789,63.56508875739645,0,0,0,1,0,0,0
4901,54780,82.0,62.0,72.0,5.55,6.5,6.4,1929,416,0.0,2,53.45788043478261,64.5,7.0,0.0,29.155,41.793818,-87.654234,6,50145.67931456548,72.0,1.0411056711546307,7.0,82.0,62.0,2.0,5.550000000000005,17.163606691146473,0.1915136678906566,63.56527947776418,0,0,0,1,0,0,0
4902,54780,82.0,62.0,72.0,5.55,6.5,6.4,1929,416,0.0,2,53.45788043478261,64.5,7.0,0.0,29.155,41.904194,-87.756155,6,50146.624515602685,72.0,1.04089333061391,7.0,82.0,62.0,2.0,5.550000000000005,17.161431776463388,0.1914746073832345,63.56547012033449,0,0,1,0,0,0,0
4903,54780,82.0,62.0,72.0,5.55,6.5,6.4,1929,416,0.0,2,53.45788043478261,64.5,7.0,0.0,29.155,41.904194,-87.756155,6,50147.56933115824,72.0,1.0406810766721044,7.0,82.0,62.0,2.0,5.550000000000005,17.159257748776508,0.19143556280587248,63.565660685154974,0,0,0,1,0,0,0
4904,54780,82.0,62.0,72.0,5.55,6.5,6.4,1929,416,0.0,2,53.45788043478261,64.5,7.0,0.0,29.155,41.98728,-87.666066,6,50148.51376146789,72.0,1.040468909276249,7.0,82.0,62.0,2.0,5.550000000000005,17.15708460754332,0.19139653414882746,63.565851172273184,0,0,1,0,0,0,0
4905,54780,82.0,62.0,72.0,5.55,6.5,6.4,1929,416,0.0,2,53.45788043478261,64.5,7.0,0.0,29.155,41.912563,-87.66805500000002,6,50149.45780676723,72.0,1.0402568283734204,7.0,82.0,62.0,2.0,5.550000000000005,17.154912352221768,0.1913575214023642,63.56604158173665,0,0,1,0,0,0,0
4906,54780,82.0,62.0,72.0,5.55,6.5,6.4,1929,416,0.0,2,53.45788043478261,64.5,7.0,0.0,29.155,41.912563,-87.66805500000002,6,50150.40146729161,72.0,1.0400448339107398,7.0,82.0,62.0,2.0,5.550000000000005,17.152740982270227,0.19131852455675535,63.56623191359282,0,0,0,1,0,0,0
4907,54780,82.0,62.0,72.0,5.55,6.5,6.4,1929,416,0.0,2,53.45788043478261,64.5,7.0,0.0,29.155,41.776428,-87.627096,6,50151.34474327629,72.0,1.0398329258353711,7.0,82.0,62.0,2.0,5.550000000000005,17.150570497147513,0.19127954360228167,63.56642216788916,0,0,1,0,0,0,0
4908,54780,82.0,62.0,72.0,5.55,6.5,6.4,1929,416,0.0,2,53.45788043478261,64.5,7.0,0.0,29.155,41.974689,-87.890615,6,50152.2876349562,72.0,1.0396211040945202,7.0,82.0,62.0,2.0,5.550000000000005,17.148400896312896,0.19124057852923174,63.56661234467304,0,1,0,0,0,0,0
4909,54780,82.0,62.0,72.0,5.55,6.5,6.4,1929,416,0.0,2,53.45788043478261,64.5,7.0,0.0,29.155,41.974689,-87.890615,6,50153.23014256619,72.0,1.039409368635438,7.0,82.0,62.0,2.0,5.550000000000005,17.146232179226068,0.191201629327902,63.56680244399186,0,0,1,0,0,0,0
4910,54780,82.0,62.0,72.0,5.55,6.5,6.4,1929,416,0.0,2,53.45788043478261,64.5,7.0,0.0,29.155,41.974689,-87.890615,6,50154.17226634087,72.0,1.0391977194054165,7.0,82.0,62.0,2.0,5.550000000000005,17.14406434534718,0.19116269598859675,63.566992465892895,0,0,0,1,0,0,0
4911,54780,82.0,62.0,72.0,5.55,6.5,6.4,1929,416,0.0,2,53.45788043478261,64.5,7.0,0.0,29.155,41.974689,-87.890615,6,50155.11400651466,72.0,1.0389861563517917,7.0,82.0,62.0,2.0,5.550000000000005,17.14189739413681,0.1911237785016284,63.56718241042346,0,0,0,0,1,0,0
4912,54780,82.0,62.0,72.0,5.55,6.5,6.4,1929,416,0.0,2,53.45788043478261,64.5,7.0,0.0,29.155,41.957799,-87.930995,6,50156.05536332179,72.0,1.0387746794219417,7.0,82.0,62.0,2.0,5.550000000000005,17.139731325055973,0.19108487685731707,63.567372277630774,0,0,1,0,0,0,0
4913,54780,82.0,62.0,72.0,5.55,6.5,6.4,1929,416,0.0,2,53.45788043478261,64.5,7.0,0.0,29.155,41.957799,-87.930995,6,50156.99633699634,72.0,1.0385632885632885,7.0,82.0,62.0,2.0,5.550000000000005,17.137566137566136,0.1910459910459908,63.56756206756207,0,0,0,1,0,0,0
4914,54840,68.0,60.0,64.0,8.95,29.0,9.15,1931,417,1.0,-7,53.45788043478261,59.0,0.0,0.0,29.105,41.95469,-87.800991,6,50157.9491353001,72.0,1.0385554425228891,7.0,82.0,62.0,2.0,5.550000000000005,17.13997965412004,0.1910071210579855,63.566632756866724,0,0,1,0,0,0,0
4915,54840,68.0,60.0,64.0,8.95,29.0,9.15,1931,417,1.0,-7,53.45788043478261,59.0,0.0,0.0,29.105,41.95469,-87.800991,6,50158.90154597233,72.0,1.038547599674532,7.0,82.0,62.0,2.0,5.550000000000005,17.14239218877136,0.190968266883645,63.56570382424736,0,0,0,1,0,0,0
4916,54840,68.0,60.0,64.0,8.95,29.0,9.15,1931,417,1.0,-7,53.45788043478261,59.0,0.0,0.0,29.105,41.964242,-87.757639,6,50159.85356924954,72.0,1.03853976001627,7.0,82.0,62.0,2.0,5.550000000000005,17.14480374211918,0.19092942851332087,63.56477526947326,0,0,1,0,0,0,0
4917,54840,68.0,60.0,64.0,8.95,29.0,9.15,1931,417,1.0,-7,53.45788043478261,59.0,0.0,0.0,29.105,41.964242,-87.757639,6,50160.80520536804,72.0,1.038531923546157,7.0,82.0,62.0,2.0,5.550000000000005,17.1472143147621,0.19089060593737264,63.56384709231396,0,0,0,1,0,0,0
4918,54840,68.0,60.0,64.0,8.95,29.0,9.15,1931,417,1.0,-7,53.45788043478261,59.0,0.0,0.0,29.105,42.008314,-87.77792099999998,6,50161.75645456393,72.0,1.0385240902622483,7.0,82.0,62.0,2.0,5.550000000000005,17.14962390729823,0.19085179914616765,63.56291929253914,0,0,1,0,0,0,0
4919,54840,68.0,60.0,64.0,8.95,29.0,9.15,1931,417,1.0,-7,53.45788043478261,59.0,0.0,0.0,29.105,42.008314,-87.77792099999998,6,50162.70731707317,72.0,1.0385162601626017,7.0,82.0,62.0,2.0,5.550000000000005,17.152032520325207,0.19081300813008106,63.5619918699187,0,0,0,1,0,0,0
4920,54840,68.0,60.0,64.0,8.95,29.0,9.15,1931,417,1.0,-7,53.45788043478261,59.0,0.0,0.0,29.105,42.008314,-87.77792099999998,6,50163.65779313148,72.0,1.0385084332452754,7.0,82.0,62.0,2.0,5.550000000000005,17.154440154440156,0.19077423287949574,63.56106482422272,0,0,0,0,1,0,0
4921,54840,68.0,60.0,64.0,8.95,29.0,9.15,1931,417,1.0,-7,53.45788043478261,59.0,0.0,0.0,29.105,41.98196400000001,-87.812827,6,50164.60788297441,64.0,1.03850060950833,0.0,68.0,62.0,-7.0,5.550000000000005,17.15684681023974,0.19073547338480265,63.56013815522145,0,0,1,0,0,0,0
4922,54840,68.0,60.0,64.0,8.95,29.0,9.15,1931,417,1.0,-7,53.45788043478261,59.0,0.0,0.0,29.105,41.99247800000001,-87.862995,6,50165.55758683728,64.0,1.0384927889498274,0.0,68.0,62.0,-7.0,5.550000000000005,17.15925248832013,0.1906967296364003,63.55921186268536,0,0,1,0,0,0,0
4923,54840,68.0,60.0,64.0,8.95,29.0,9.15,1931,417,1.0,-7,53.45788043478261,59.0,0.0,0.0,29.105,41.944869,-87.832763,6,50166.50690495532,64.0,1.0384849715678308,0.0,68.0,62.0,-7.0,5.550000000000005,17.161657189277012,0.1906580016246951,63.55828594638506,0,0,1,0,0,0,0
4924,54840,68.0,60.0,64.0,8.95,29.0,9.15,1931,417,1.0,-7,53.45788043478261,59.0,0.0,0.0,29.105,41.944869,-87.832763,6,50167.455837563444,64.0,1.038477157360406,0.0,68.0,60.0,-7.0,5.550000000000005,17.164060913705583,0.19061928934010125,63.55736040609136,0,0,0,1,0,0,0
4925,54840,68.0,60.0,64.0,8.95,29.0,9.15,1931,417,1.0,-7,53.45788043478261,59.0,0.0,0.0,29.105,41.944869,-87.832763,6,50168.40438489647,64.0,1.0384693463256192,0.0,68.0,60.0,-7.0,5.550000000000005,17.16646366220057,0.19058059277304076,63.556435241575315,0,0,0,0,1,0,0
4926,54840,68.0,60.0,64.0,8.95,29.0,9.15,1931,417,1.0,-7,53.45788043478261,59.0,0.0,0.0,29.105,41.923738,-87.785288,6,50169.352547188966,64.0,1.0384615384615383,0.0,68.0,60.0,-7.0,5.550000000000005,17.1688654353562,0.19054191191394326,63.55551045260808,0,0,0,1,0,0,0
4927,54840,68.0,60.0,64.0,8.95,29.0,9.15,1931,417,1.0,-7,53.45788043478261,59.0,0.0,0.0,29.105,41.960616,-87.777189,6,50170.30032467532,64.0,1.0384537337662338,0.0,68.0,60.0,-7.0,5.550000000000005,17.171266233766232,0.19050324675324648,63.55458603896104,0,0,0,1,0,0,0
4928,54840,68.0,60.0,64.0,8.95,29.0,9.15,1931,417,1.0,-7,53.45788043478261,59.0,0.0,0.0,29.105,41.98480900000001,-87.728492,6,50171.247717589766,64.0,1.0384459322377764,0.0,68.0,60.0,-7.0,5.550000000000005,17.17366605802394,0.1904645972813956,63.55366200040577,0,0,0,1,0,0,0
4929,54840,68.0,60.0,64.0,8.95,29.0,9.15,1931,417,1.0,-7,53.45788043478261,59.0,0.0,0.0,29.105,41.986921,-87.689778,6,50172.19472616633,64.0,1.0384381338742394,0.0,68.0,60.0,-7.0,5.550000000000005,17.17606490872211,0.19042596348884355,63.55273833671399,0,0,1,0,0,0,0
4930,54840,68.0,60.0,64.0,8.95,29.0,9.15,1931,417,1.0,-7,53.45788043478261,59.0,0.0,0.0,29.105,41.986921,-87.689778,6,50173.141350638805,64.0,1.038430338673697,0.0,68.0,60.0,-7.0,5.550000000000005,17.17846278645305,0.19038734536605129,63.55181504765768,0,0,0,1,0,0,0
4931,54840,68.0,60.0,64.0,8.95,29.0,9.15,1931,417,1.0,-7,53.45788043478261,59.0,0.0,0.0,29.105,41.906638,-87.701431,6,50174.08759124088,64.0,1.0384225466342254,0.0,68.0,60.0,-7.0,5.550000000000005,17.180859691808596,0.1903487429034872,63.55089213300892,0,0,1,0,0,0,0
4932,54840,68.0,60.0,64.0,8.95,29.0,9.15,1931,417,1.0,-7,53.45788043478261,59.0,0.0,0.0,29.105,41.906638,-87.701431,6,50175.03344820597,64.0,1.0384147577539022,0.0,68.0,60.0,-7.0,5.550000000000005,17.183255625380088,0.19031015609162755,63.54996959254004,0,0,0,1,0,0,0
4933,54840,68.0,60.0,64.0,8.95,29.0,9.15,1931,417,1.0,-7,53.45788043478261,59.0,0.0,0.0,29.105,41.836644,-87.677737,6,50175.97892176733,64.0,1.038406972030807,0.0,68.0,60.0,-7.0,5.550000000000005,17.18565058775841,0.1902715849209564,63.54904742602351,0,0,1,0,0,0,0
4934,54840,68.0,60.0,64.0,8.95,29.0,9.15,1931,417,1.0,-7,53.45788043478261,59.0,0.0,0.0,29.105,41.763733,-87.742302,6,50176.924012158044,64.0,1.0383991894630191,0.0,68.0,60.0,-7.0,5.550000000000005,17.18804457953394,0.1902330293819653,63.54812563323202,0,0,1,0,0,0,0
4935,54840,68.0,60.0,64.0,8.95,29.0,9.15,1931,417,1.0,-7,53.45788043478261,59.0,0.0,0.0,29.105,41.911824,-87.726737,6,50177.86871961102,64.0,1.0383914100486225,0.0,68.0,60.0,-7.0,5.550000000000005,17.190437601296598,0.1901944894651537,63.547204213938414,0,0,1,0,0,0,0
4936,54840,68.0,60.0,64.0,8.95,29.0,9.15,1931,417,1.0,-7,53.45788043478261,59.0,0.0,0.0,29.105,41.868142,-87.696269,6,50178.813044358925,64.0,1.0383836337856998,0.0,68.0,60.0,-7.0,5.550000000000005,17.192829653635812,0.1901559651610287,63.546283167915746,0,0,1,0,0,0,0
4937,54840,68.0,60.0,64.0,8.95,29.0,9.15,1931,417,1.0,-7,53.45788043478261,59.0,0.0,0.0,29.105,41.868142,-87.696269,6,50179.75698663427,64.0,1.038375860672337,0.0,68.0,60.0,-7.0,5.550000000000005,17.195220737140538,0.19011745646010506,63.54536249493722,0,0,0,1,0,0,0
4938,54840,68.0,60.0,64.0,8.95,29.0,9.15,1931,417,1.0,-7,53.45788043478261,59.0,0.0,0.0,29.105,41.921965,-87.632085,6,50180.700546669366,64.0,1.0383680907066208,0.0,68.0,60.0,-7.0,5.550000000000005,17.197610852399272,0.1900789633529052,63.54444219477628,0,0,1,0,0,0,0
4939,54840,68.0,60.0,64.0,8.95,29.0,9.15,1931,417,1.0,-7,53.45788043478261,59.0,0.0,0.0,29.105,41.921965,-87.632085,6,50181.64372469635,64.0,1.0383603238866397,0.0,68.0,60.0,-7.0,5.550000000000005,17.2,0.19004048582995925,63.54352226720648,0,0,0,1,0,0,0
4940,54840,68.0,60.0,64.0,8.95,29.0,9.15,1931,417,1.0,-7,53.45788043478261,59.0,0.0,0.0,29.105,41.921965,-87.632085,6,50182.58652094717,64.0,1.0383525602104835,0.0,68.0,60.0,-7.0,5.550000000000005,17.202388180530257,0.19000202388180504,63.54260271200162,0,0,0,0,0,0,1
4941,54840,68.0,60.0,64.0,8.95,29.0,9.15,1931,417,1.0,-7,53.45788043478261,59.0,0.0,0.0,29.105,41.801179,-87.679447,6,50183.52893565359,64.0,1.0383447996762445,0.0,68.0,60.0,-7.0,5.550000000000005,17.204775394577094,0.189963577498988,63.54168352893565,0,0,1,0,0,0,0
4942,54840,68.0,60.0,64.0,8.95,29.0,9.15,1931,417,1.0,-7,53.45788043478261,59.0,0.0,0.0,29.105,41.800737,-87.71188000000002,6,50184.470969047135,64.0,1.038337042282015,0.0,68.0,60.0,-7.0,8.950000000000003,17.20716164272709,0.18992514667206126,63.540764717782714,0,0,0,1,0,0,0
4943,54840,68.0,60.0,64.0,8.95,29.0,9.15,1931,417,1.0,-7,53.45788043478261,59.0,0.0,0.0,29.105,41.82561,-87.726549,6,50185.41262135922,64.0,1.03832928802589,0.0,68.0,60.0,-7.0,8.950000000000003,17.209546925566347,0.1898867313915855,63.53984627831715,0,0,1,0,0,0,0
4944,54840,68.0,60.0,64.0,8.95,29.0,9.15,1931,417,1.0,-7,53.45788043478261,59.0,0.0,0.0,29.105,41.82561,-87.726549,6,50186.35389282103,64.0,1.0383215369059655,0.0,68.0,60.0,-7.0,8.950000000000003,17.211931243680485,0.1898483316481292,63.53892821031345,0,0,0,1,0,0,0
4945,54840,68.0,60.0,64.0,8.95,29.0,9.15,1931,417,1.0,-7,53.45788043478261,59.0,0.0,0.0,29.105,41.778297,-87.752411,6,50187.294783663565,64.0,1.0383137889203398,0.0,68.0,60.0,-7.0,8.950000000000003,17.21431459765467,0.18980994743226826,63.5380105135463,0,0,0,1,0,0,0
4946,54840,68.0,60.0,64.0,8.95,29.0,9.15,1931,417,1.0,-7,53.45788043478261,59.0,0.0,0.0,29.105,41.77166,-87.703047,6,50188.23529411764,64.0,1.0383060440671117,0.0,68.0,60.0,-7.0,8.950000000000003,17.21669698807358,0.1897715787345864,63.537093187790575,0,0,0,1,0,0,0
4947,54840,68.0,60.0,64.0,8.95,29.0,9.15,1931,417,1.0,-7,53.45788043478261,59.0,0.0,0.0,29.105,41.768388,-87.678649,6,50189.175424413894,64.0,1.0382983023443817,0.0,68.0,60.0,-7.0,8.950000000000003,17.219078415521427,0.1897332255456748,63.53617623282134,0,0,0,1,0,0,0
4948,54840,68.0,60.0,64.0,8.95,29.0,9.15,1931,417,1.0,-7,53.45788043478261,59.0,0.0,0.0,29.105,41.773215,-87.60088,6,50190.11517478278,64.0,1.0382905637502526,0.0,68.0,60.0,-7.0,8.950000000000003,17.221458880581935,0.18969488785613228,63.53525964841382,0,0,1,0,0,0,0
4949,54840,68.0,60.0,64.0,8.95,29.0,9.15,1931,417,1.0,-7,53.45788043478261,59.0,0.0,0.0,29.105,41.773215,-87.60088,6,50191.05454545454,64.0,1.0382828282828285,0.0,68.0,60.0,-7.0,8.950000000000003,17.223838383838384,0.18965656565656536,63.534343434343434,0,0,0,1,0,0,0
4950,54840,68.0,60.0,64.0,8.95,29.0,9.15,1931,417,1.0,-7,53.45788043478261,59.0,0.0,0.0,29.105,41.822536,-87.66634300000004,6,50191.993536659254,64.0,1.038275095940214,0.0,68.0,60.0,-7.0,8.950000000000003,17.226216925873562,0.1896182589375881,63.53342759038578,0,0,0,1,0,0,0
4951,54840,68.0,60.0,64.0,8.95,29.0,9.15,1931,417,1.0,-7,53.45788043478261,59.0,0.0,0.0,29.105,41.778748,-87.586427,6,50192.932148626816,64.0,1.0382673667205171,0.0,68.0,60.0,-7.0,8.950000000000003,17.22859450726979,0.189579967689822,63.532512116316646,0,0,0,1,0,0,0
4952,54840,68.0,60.0,64.0,8.95,29.0,9.15,1931,417,1.0,-7,53.45788043478261,59.0,0.0,0.0,29.105,41.754676,-87.612922,6,50193.87038158692,64.0,1.0382596406218454,0.0,68.0,60.0,-7.0,8.950000000000003,17.230971128608925,0.1895416919038964,63.53159701191196,0,0,1,0,0,0,0
4953,54840,68.0,60.0,64.0,8.95,29.0,9.15,1931,417,1.0,-7,53.45788043478261,59.0,0.0,0.0,29.105,41.754676,-87.612922,6,50194.80823576907,64.0,1.0382519176423093,0.0,68.0,60.0,-7.0,8.950000000000003,17.233346790472346,0.18950343157044786,63.53068227694792,0,0,0,1,0,0,0
4954,54840,68.0,60.0,64.0,8.95,29.0,9.15,1931,417,1.0,-7,53.45788043478261,59.0,0.0,0.0,29.105,41.821582,-87.62779599999998,6,50195.74571140264,64.0,1.03824419778002,0.0,68.0,60.0,-7.0,8.950000000000003,17.23572149344097,0.18946518668012086,63.52976791120081,0,0,1,0,0,0,0
4955,54840,68.0,60.0,64.0,8.95,29.0,9.15,1931,417,1.0,-7,53.45788043478261,59.0,0.0,0.0,29.105,41.803423,-87.642984,6,50196.68280871671,64.0,1.0382364810330913,0.0,68.0,60.0,-7.0,8.950000000000003,17.238095238095234,0.18942695722356714,63.52885391444713,0,0,0,1,0,0,0
4956,54840,68.0,60.0,64.0,8.95,29.0,9.15,1931,417,1.0,-7,53.45788043478261,59.0,0.0,0.0,29.105,41.723195,-87.64997,6,50197.61952794028,64.0,1.0382287673996369,0.0,68.0,60.0,-7.0,8.950000000000003,17.24046802501513,0.1893887431914462,63.5279402864636,0,0,1,0,0,0,0
4957,54840,68.0,60.0,64.0,8.95,29.0,9.15,1931,417,1.0,-7,53.45788043478261,59.0,0.0,0.0,29.105,41.723195,-87.64997,6,50198.55586930214,64.0,1.0382210568777732,0.0,68.0,60.0,-7.0,8.950000000000003,17.242839854780154,0.1893505445744249,63.52702702702703,0,0,0,1,0,0,0
4958,54840,68.0,60.0,64.0,8.95,29.0,9.15,1931,417,1.0,-7,53.45788043478261,59.0,0.0,0.0,29.105,41.704336,-87.70373599999998,6,50199.49183303085,64.0,1.038213349465618,0.0,68.0,60.0,-7.0,8.950000000000003,17.245210727969347,0.1893123613631778,63.5261141359145,0,0,1,0,0,0,0
4959,54840,68.0,60.0,64.0,8.95,29.0,9.15,1931,417,1.0,-7,53.45788043478261,59.0,0.0,0.0,29.105,41.704336,-87.70373599999998,6,50200.42741935483,64.0,1.0382056451612902,0.0,68.0,60.0,-7.0,8.950000000000003,17.24758064516129,0.18927419354838684,63.525201612903224,0,0,0,1,0,0,0
4960,54840,68.0,60.0,64.0,8.95,29.0,9.15,1931,417,1.0,-7,53.45788043478261,59.0,0.0,0.0,29.105,41.798697,-87.736812,6,50201.36262850231,64.0,1.0381979439629108,0.0,68.0,60.0,-7.0,8.950000000000003,17.249949606934084,0.18923604112074152,63.52428945777061,0,0,1,0,0,0,0
4961,54840,68.0,60.0,64.0,8.95,29.0,9.15,1931,417,1.0,-7,53.45788043478261,59.0,0.0,0.0,29.105,41.798697,-87.736812,6,50202.29746070133,64.0,1.0381902458686014,0.0,68.0,60.0,-7.0,8.950000000000003,17.252317613865376,0.18919790407093887,63.523377670294245,0,0,0,1,0,0,0
4962,54840,68.0,60.0,64.0,8.95,29.0,9.15,1931,417,1.0,-7,53.45788043478261,59.0,0.0,0.0,29.105,41.673408,-87.599862,6,50203.23191617973,64.0,1.038182550876486,0.0,68.0,60.0,-7.0,8.950000000000003,17.254684666532338,0.1891597823896834,63.52246625025187,0,0,1,0,0,0,0
4963,54840,68.0,60.0,64.0,8.95,29.0,9.15,1931,417,1.0,-7,53.45788043478261,59.0,0.0,0.0,29.105,41.673408,-87.599862,6,50204.16599516519,64.0,1.0381748589846898,0.0,68.0,60.0,-7.0,8.950000000000003,17.257050765511686,0.1891216760676871,63.521555197421435,0,0,0,1,0,0,0
4964,54840,68.0,60.0,64.0,8.95,29.0,9.15,1931,417,1.0,-7,53.45788043478261,59.0,0.0,0.0,29.105,41.704572,-87.56566600000002,6,50205.0996978852,64.0,1.0381671701913393,0.0,68.0,60.0,-7.0,8.950000000000003,17.25941591137966,0.18908358509566944,63.52064451158107,0,0,1,0,0,0,0
4965,54840,68.0,60.0,64.0,8.95,29.0,9.15,1931,417,1.0,-7,53.45788043478261,59.0,0.0,0.0,29.105,41.704572,-87.56566600000002,6,50206.03302456706,64.0,1.038159484494563,0.0,68.0,60.0,-7.0,8.950000000000003,17.261780104712038,0.18904550946435736,63.51973419250906,0,0,0,1,0,0,0
4966,54840,68.0,60.0,64.0,8.95,29.0,9.15,1931,417,1.0,-7,53.45788043478261,59.0,0.0,0.0,29.105,41.662014,-87.72460799999998,6,50206.96597543789,64.0,1.0381518018924905,0.0,68.0,60.0,-7.0,8.950000000000003,17.264143346084154,0.18900744916448534,63.51882423998389,0,0,0,1,0,0,0
4967,54840,68.0,60.0,64.0,8.95,29.0,9.15,1931,417,1.0,-7,53.45788043478261,59.0,0.0,0.0,29.105,41.72646500000001,-87.585413,6,50207.89855072464,64.0,1.0381441223832528,0.0,68.0,60.0,-7.0,8.950000000000003,17.266505636070853,0.18896940418679525,63.51791465378422,0,0,0,1,0,0,0
4968,54840,68.0,60.0,64.0,8.95,29.0,9.15,1931,417,1.0,-7,53.45788043478261,59.0,0.0,0.0,29.105,41.94016,-87.794896,6,50208.830750654066,64.0,1.038136445964983,0.0,68.0,60.0,-7.0,8.950000000000003,17.268866975246528,0.1889313745220364,63.51700543368887,0,0,1,0,0,0,0
4969,54840,68.0,60.0,64.0,8.95,29.0,9.15,1931,417,1.0,-7,53.45788043478261,59.0,0.0,0.0,29.105,41.94016,-87.794896,6,50209.76257545272,64.0,1.0381287726358148,0.0,68.0,60.0,-7.0,8.950000000000003,17.271227364185116,0.18889336016096556,63.51609657947686,0,0,0,1,0,0,0
4970,54840,68.0,60.0,64.0,8.95,29.0,9.15,1931,417,1.0,-7,53.45788043478261,59.0,0.0,0.0,29.105,41.878114,-87.629798,6,50210.69402534701,64.0,1.0381211023938846,0.0,68.0,60.0,-7.0,8.950000000000003,17.27358680346007,0.18885536109434692,63.51518809092738,0,0,1,0,0,0,0
4971,54840,68.0,60.0,64.0,8.95,29.0,9.15,1931,417,1.0,-7,53.45788043478261,59.0,0.0,0.0,29.105,41.878114,-87.629798,6,50211.625100563164,64.0,1.0381134352373291,0.0,68.0,60.0,-7.0,8.950000000000003,17.27594529364441,0.18881737731295228,63.51427996781979,0,0,0,1,0,0,0
4972,54840,68.0,60.0,64.0,8.95,29.0,9.15,1931,417,1.0,-7,53.45788043478261,59.0,0.0,0.0,29.105,41.916265,-87.800515,6,50212.555801327166,64.0,1.0381057711642871,0.0,68.0,60.0,-7.0,8.950000000000003,17.27830283531068,0.18877940880756056,63.51337220993364,0,0,0,1,0,0,0
4973,54840,68.0,60.0,64.0,8.95,29.0,9.15,1931,417,1.0,-7,53.45788043478261,59.0,0.0,0.0,29.105,41.846075,-87.716277,6,50213.486127864904,64.0,1.038098110172899,0.0,68.0,60.0,-7.0,8.950000000000003,17.280659429030962,0.18874145556895836,63.512464817048645,0,0,0,1,0,0,0
4974,54840,68.0,60.0,64.0,8.95,29.0,9.15,1931,417,1.0,-7,53.45788043478261,59.0,0.0,0.0,29.105,41.776156,-87.778927,6,50214.416080402014,64.0,1.0380904522613066,0.0,68.0,60.0,-7.0,8.950000000000003,17.283015075376884,0.18870351758793946,63.51155778894472,0,0,1,0,0,0,0
4975,54840,68.0,60.0,64.0,8.95,29.0,9.15,1931,417,1.0,-7,53.45788043478261,59.0,0.0,0.0,29.105,41.776156,-87.778927,6,50215.345659163984,64.0,1.0380827974276527,0.0,68.0,60.0,-7.0,8.950000000000003,17.285369774919616,0.1886655948553052,63.51065112540193,0,0,0,1,0,0,0
4976,54840,68.0,60.0,64.0,8.95,29.0,9.15,1931,417,1.0,-7,53.45788043478261,59.0,0.0,0.0,29.105,41.682587,-87.707973,6,50216.27486437613,64.0,1.0380751456700823,0.0,68.0,60.0,-7.0,8.950000000000003,17.287723528229858,0.1886276873618643,63.50974482620053,0,0,0,1,0,0,0
4977,54840,68.0,60.0,64.0,8.95,29.0,9.15,1931,417,1.0,-7,53.45788043478261,59.0,0.0,0.0,29.105,41.732984,-87.649642,6,50217.20369626356,64.0,1.0380674969867416,0.0,68.0,60.0,-7.0,8.950000000000003,17.290076335877863,0.18858979509843285,63.50883889112093,0,0,1,0,0,0,0
4978,54840,68.0,60.0,64.0,8.95,29.0,9.15,1931,417,1.0,-7,53.45788043478261,59.0,0.0,0.0,29.105,41.903002,-87.68826700000002,6,50218.13215505122,64.0,1.0380598513757782,0.0,68.0,60.0,-7.0,8.950000000000003,17.29242819843342,0.18855191805583424,63.507933319943774,0,0,1,0,0,0,0
4979,54840,68.0,60.0,64.0,8.95,29.0,9.15,1931,417,1.0,-7,53.45788043478261,59.0,0.0,0.0,29.105,41.903002,-87.68826700000002,6,50219.060240963845,64.0,1.0380522088353414,0.0,68.0,60.0,-7.0,8.950000000000003,17.294779116465865,0.18851405622489933,63.507028112449795,0,0,0,1,0,0,0
4980,54840,68.0,60.0,64.0,8.95,29.0,9.15,1931,417,1.0,-7,53.45788043478261,59.0,0.0,0.0,29.105,41.678618,-87.559308,6,50219.98795422607,64.0,1.0380445693635816,0.0,68.0,60.0,-7.0,8.950000000000003,17.297129090544068,0.18847620959646635,63.50612326841999,0,0,1,0,0,0,0
4981,54840,68.0,60.0,64.0,8.95,29.0,9.15,1931,417,1.0,-7,53.45788043478261,59.0,0.0,0.0,29.105,41.678618,-87.559308,6,50220.915295062216,64.0,1.0380369329586512,0.0,68.0,60.0,-7.0,8.950000000000003,17.299478121236447,0.1884383781613807,63.505218787635485,0,0,0,1,0,0,0
4982,54840,68.0,60.0,64.0,8.95,29.0,9.15,1931,417,1.0,-7,53.45788043478261,59.0,0.0,0.0,29.105,41.948167,-87.730698,6,50221.84226369657,64.0,1.0380292996187035,0.0,68.0,60.0,-7.0,8.950000000000003,17.301826209110978,0.18840056191049545,63.504314669877594,0,0,0,1,0,0,0
4983,54840,68.0,60.0,64.0,8.95,29.0,9.15,1931,417,1.0,-7,53.45788043478261,59.0,0.0,0.0,29.105,41.963976,-87.69181,6,50222.768860353135,64.0,1.038021669341894,0.0,68.0,60.0,-7.0,8.950000000000003,17.304173354735152,0.18836276083467068,63.50341091492777,0,0,1,0,0,0,0
4984,54840,68.0,60.0,64.0,8.95,29.0,9.15,1931,417,1.0,-7,53.45788043478261,59.0,0.0,0.0,29.105,41.963976,-87.69181,6,50223.695085255764,64.0,1.038014042126379,0.0,68.0,60.0,-7.0,8.950000000000003,17.30651955867603,0.18832497492477407,63.502507522567704,0,0,0,1,0,0,0
4985,54840,68.0,60.0,64.0,8.95,29.0,9.15,1931,417,1.0,-7,53.45788043478261,59.0,0.0,0.0,29.105,41.659112,-87.53869300000002,6,50224.62093862816,64.0,1.0380064179703168,0.0,68.0,60.0,-7.0,8.950000000000003,17.308864821500197,0.18828720417168046,63.50160449257922,0,0,0,1,0,0,0
4986,54840,68.0,60.0,64.0,8.95,29.0,9.15,1931,417,1.0,-7,53.45788043478261,59.0,0.0,0.0,29.105,41.94722700000001,-87.67145699999998,6,50225.546420693805,64.0,1.0379987968718671,0.0,68.0,60.0,-7.0,8.950000000000003,17.311209143773812,0.18824944856627204,63.50070182474433,0,0,0,1,0,0,0
4987,54840,68.0,60.0,64.0,8.95,29.0,9.15,1931,417,1.0,-7,53.45788043478261,59.0,0.0,0.0,29.105,41.793818,-87.654234,6,50226.47153167601,64.0,1.03799117882919,0.0,68.0,60.0,-7.0,8.950000000000003,17.31355252606255,0.1882117080994384,63.49979951884522,0,0,1,0,0,0,0
4988,54840,68.0,60.0,64.0,8.95,29.0,9.15,1931,417,1.0,-7,53.45788043478261,59.0,0.0,0.0,29.105,41.793818,-87.654234,6,50227.39627179795,64.0,1.037983563840449,0.0,68.0,60.0,-7.0,8.950000000000003,17.315894968931648,0.1881739827620763,63.49889757466426,0,0,0,1,0,0,0
4989,54840,68.0,60.0,64.0,8.95,29.0,9.15,1931,417,1.0,-7,53.45788043478261,59.0,0.0,0.0,29.105,41.728495,-87.60096300000002,6,50228.32064128257,64.0,1.0379759519038076,0.0,68.0,60.0,-7.0,8.950000000000003,17.31823647294589,0.1881362725450899,63.49799599198397,0,0,0,1,0,0,0
4990,54840,68.0,60.0,64.0,8.95,29.0,9.15,1931,417,1.0,-7,53.45788043478261,59.0,0.0,0.0,29.105,41.904194,-87.756155,6,50229.244640352634,64.0,1.0379683430174311,0.0,68.0,60.0,-7.0,8.950000000000003,17.320577038669605,0.18809857743939065,63.49709477058706,0,0,1,0,0,0,0
4991,54840,68.0,60.0,64.0,8.95,29.0,9.15,1931,417,1.0,-7,53.45788043478261,59.0,0.0,0.0,29.105,41.912563,-87.66805500000002,6,50230.16826923077,64.0,1.0379607371794872,0.0,68.0,60.0,-7.0,8.950000000000003,17.322916666666668,0.1880608974358972,63.4961939102564,0,0,1,0,0,0,0
4992,54840,68.0,60.0,64.0,8.95,29.0,9.15,1931,417,1.0,-7,53.45788043478261,59.0,0.0,0.0,29.105,41.776428,-87.627096,6,50231.091528139405,64.0,1.0379531343881434,0.0,68.0,60.0,-7.0,8.950000000000003,17.325255357500502,0.1880232325255355,63.495293410775076,0,0,1,0,0,0,0
4993,54840,68.0,60.0,64.0,8.95,29.0,9.15,1931,417,1.0,-7,53.45788043478261,59.0,0.0,0.0,29.105,41.776428,-87.627096,6,50232.014417300765,64.0,1.0379455346415698,0.0,68.0,60.0,-7.0,8.950000000000003,17.327593111734082,0.1879855826992388,63.49439327192632,0,0,0,1,0,0,0
4994,54840,68.0,60.0,64.0,8.95,29.0,9.15,1931,417,1.0,-7,53.45788043478261,59.0,0.0,0.0,29.105,41.974689,-87.890615,6,50232.93693693693,64.0,1.037937937937938,0.0,68.0,60.0,-7.0,8.950000000000003,17.32992992992993,0.1879479479479477,63.4934934934935,0,1,0,0,0,0,0
4995,54840,68.0,60.0,64.0,8.95,29.0,9.15,1931,417,1.0,-7,53.45788043478261,59.0,0.0,0.0,29.105,41.974689,-87.890615,6,50233.85908726981,64.0,1.0379303442754204,0.0,68.0,60.0,-7.0,8.950000000000003,17.33226581265012,0.18791032826260984,63.49259407526021,0,0,1,0,0,0,0
4996,54840,68.0,60.0,64.0,8.95,29.0,9.15,1931,417,1.0,-7,53.45788043478261,59.0,0.0,0.0,29.105,41.974689,-87.890615,6,50234.78086852111,64.0,1.037922753652191,0.0,68.0,60.0,-7.0,8.950000000000003,17.334600760456272,0.18787272363418026,63.491695017010215,0,0,0,1,0,0,0
4997,54720,88.5,63.0,76.0,8.7,16.5,10.0,1931,419,0.0,2,53.45788043478261,67.0,11.0,0.015,29.31,41.95469,-87.800991,6,50235.678271308534,64.0,1.0377150860344138,0.0,68.0,60.0,-7.0,8.950000000000003,17.334433773509403,0.18783813525410134,63.49239695878352,0,0,1,0,0,0,0
4998,54720,88.5,63.0,76.0,8.7,16.5,10.0,1931,419,0.0,2,53.45788043478261,67.0,11.0,0.015,29.31,41.95469,-87.800991,6,50236.575315063004,64.0,1.0375075015003,0.0,68.0,60.0,-7.0,8.950000000000003,17.334266853370675,0.18780356071214216,63.49309861972394,0,0,0,1,0,0,0
4999,54720,88.5,63.0,76.0,8.7,16.5,10.0,1931,419,0.0,2,53.45788043478261,67.0,11.0,0.015,29.31,41.964242,-87.757639,6,50237.472,64.0,1.0373,0.0,68.0,60.0,-7.0,8.950000000000003,17.3341,0.18776899999999971,63.4938,0,0,1,0,0,0,0
5000,54720,88.5,63.0,76.0,8.7,16.5,10.0,1931,419,0.0,2,53.45788043478261,67.0,11.0,0.015,29.31,41.964242,-87.757639,6,50238.368326334734,64.0,1.037092581483703,0.0,68.0,60.0,-7.0,8.950000000000003,17.33393321335733,0.18773445310937786,63.494501099780045,0,0,0,1,0,0,0
5001,54720,88.5,63.0,76.0,8.7,16.5,10.0,1931,419,0.0,2,53.45788043478261,67.0,11.0,0.015,29.31,42.008314,-87.77792099999998,6,50239.264294282286,64.0,1.036885245901639,0.0,68.0,60.0,-7.0,8.950000000000003,17.333766493402642,0.18769992003198693,63.49520191923231,0,0,1,0,0,0,0
5002,54720,88.5,63.0,76.0,8.7,16.5,10.0,1931,419,0.0,2,53.45788043478261,67.0,11.0,0.015,29.31,41.98196400000001,-87.812827,6,50240.15990405757,64.0,1.0366779932040775,0.0,68.0,60.0,-7.0,8.950000000000003,17.333599840095946,0.18766540075954397,63.495902458524895,0,0,1,0,0,0,0
5003,54720,88.5,63.0,76.0,8.7,16.5,10.0,1931,419,0.0,2,53.45788043478261,67.0,11.0,0.015,29.31,41.99247800000001,-87.862995,6,50241.0551558753,64.0,1.0364708233413271,0.0,68.0,60.0,-7.0,8.950000000000003,17.333433253397278,0.1876308952837727,63.496602717825745,0,0,1,0,0,0,0
5004,54720,88.5,63.0,76.0,8.7,16.5,10.0,1931,419,0.0,2,53.45788043478261,67.0,11.0,0.015,29.31,41.944869,-87.832763,6,50241.95004995005,76.0,1.0362637362637364,11.0,88.5,60.0,2.0,8.950000000000003,17.333266733266733,0.1875964035964033,63.4973026973027,0,0,1,0,0,0,0
5005,54720,88.5,63.0,76.0,8.7,16.5,10.0,1931,419,0.0,2,53.45788043478261,67.0,11.0,0.015,29.31,41.991429,-87.747113,6,50242.84458649621,76.0,1.0360567319216942,11.0,88.5,60.0,2.0,8.950000000000003,17.333100279664404,0.1875619256891727,63.49800239712345,0,0,1,0,0,0,0
5006,54720,88.5,63.0,76.0,8.7,16.5,10.0,1931,419,0.0,2,53.45788043478261,67.0,11.0,0.015,29.31,41.98480900000001,-87.728492,6,50243.738765727976,76.0,1.0358498102656282,11.0,88.5,60.0,2.0,8.950000000000003,17.33293389255043,0.18752746155382435,63.49870181745556,0,0,1,0,0,0,0
5007,54720,88.5,63.0,76.0,8.7,16.5,10.0,1931,419,0.0,2,53.45788043478261,67.0,11.0,0.015,29.31,41.98480900000001,-87.728492,6,50244.632587859414,76.0,1.0356429712460065,11.0,88.5,63.0,2.0,8.950000000000003,17.332767571884986,0.18749301118210834,63.49940095846645,0,0,0,1,0,0,0
5008,54720,88.5,63.0,76.0,8.7,16.5,10.0,1931,419,0.0,2,53.45788043478261,67.0,11.0,0.015,29.31,41.98480900000001,-87.728492,6,50245.52605310441,76.0,1.035436214813336,11.0,88.5,63.0,2.0,8.950000000000003,17.33260131762827,0.1874585745657813,63.50009982032342,0,0,0,0,0,0,1
5009,54720,88.5,63.0,76.0,8.7,16.5,10.0,1931,419,0.0,2,53.45788043478261,67.0,11.0,0.015,29.31,41.986921,-87.689778,6,50246.41916167665,76.0,1.0352295409181638,11.0,88.5,63.0,2.0,8.950000000000003,17.332435129740514,0.1874241516966065,63.500798403193606,0,0,0,1,0,0,0
5010,54720,88.5,63.0,76.0,8.7,16.5,10.0,1931,419,0.0,2,53.45788043478261,67.0,11.0,0.015,29.31,41.801498,-87.763416,6,50247.311913789665,76.0,1.0350229495110757,11.0,88.5,63.0,2.0,8.950000000000003,17.332269008182003,0.1873897425663537,63.50149670724407,0,0,1,0,0,0,0
5011,54720,88.5,63.0,76.0,8.7,16.5,10.0,1931,419,0.0,2,53.45788043478261,67.0,11.0,0.015,29.31,41.801498,-87.763416,6,50248.204309656816,76.0,1.0348164405426976,11.0,88.5,63.0,2.0,8.950000000000003,17.332102952913008,0.18735534716679936,63.50219473264166,0,0,0,0,0,0,1
5012,54720,88.5,63.0,76.0,8.7,16.5,10.0,1931,419,0.0,2,53.45788043478261,67.0,11.0,0.015,29.31,41.906638,-87.701431,6,50249.096349491316,76.0,1.0346100139636945,11.0,88.5,63.0,2.0,8.950000000000003,17.331936963893877,0.1873209654897264,63.502892479553154,0,0,1,0,0,0,0
5013,54720,88.5,63.0,76.0,8.7,16.5,10.0,1931,419,0.0,2,53.45788043478261,67.0,11.0,0.015,29.31,41.911824,-87.726737,6,50249.98803350618,76.0,1.0344036697247707,11.0,88.5,63.0,2.0,8.950000000000003,17.331771041084963,0.1872865975269243,63.50358994814519,0,0,0,1,0,0,0
5014,54720,88.5,63.0,76.0,8.7,16.5,10.0,1931,419,0.0,2,53.45788043478261,67.0,11.0,0.015,29.31,41.891118,-87.65449100000002,6,50250.87936191426,76.0,1.03419740777667,11.0,88.5,63.0,2.0,8.950000000000003,17.33160518444666,0.18725224327018916,63.50428713858425,0,0,1,0,0,0,0
5015,54720,88.5,63.0,76.0,8.7,16.5,10.0,1931,419,0.0,2,53.45788043478261,67.0,11.0,0.015,29.31,41.868142,-87.696269,6,50251.77033492823,76.0,1.0339912280701755,11.0,88.5,63.0,2.0,8.950000000000003,17.331439393939394,0.18721790271132344,63.50498405103668,0,0,1,0,0,0,0
5016,54720,88.5,63.0,76.0,8.7,16.5,10.0,1931,419,0.0,2,53.45788043478261,67.0,11.0,0.015,29.31,41.868142,-87.696269,6,50252.66095276061,76.0,1.0337851305561092,11.0,88.5,63.0,2.0,8.950000000000003,17.33127366952362,0.18718357584213646,63.50568068566873,0,0,0,1,0,0,0
5017,54720,88.5,63.0,76.0,8.7,16.5,10.0,1931,419,0.0,2,53.45788043478261,67.0,11.0,0.015,29.31,41.867108,-87.654224,6,50253.55121562375,76.0,1.0335791151853329,11.0,88.5,63.0,2.0,8.950000000000003,17.331108011159824,0.18714926265444368,63.50637704264646,0,0,1,0,0,0,0
5018,54720,88.5,63.0,76.0,8.7,16.5,10.0,1931,419,0.0,2,53.45788043478261,67.0,11.0,0.015,29.31,41.867108,-87.654224,6,50254.44112372983,76.0,1.0333731819087468,11.0,88.5,63.0,2.0,8.950000000000003,17.330942418808526,0.18711496314006745,63.507073122135886,0,0,0,1,0,0,0
5019,54720,88.5,63.0,76.0,8.7,16.5,10.0,1931,419,0.0,2,53.45788043478261,67.0,11.0,0.015,29.31,41.921965,-87.632085,6,50255.33067729084,76.0,1.0331673306772908,11.0,88.5,63.0,2.0,8.950000000000003,17.33077689243028,0.18708067729083636,63.50776892430279,0,0,1,0,0,0,0
5020,54720,88.5,63.0,76.0,8.7,16.5,10.0,1931,419,0.0,2,53.45788043478261,67.0,11.0,0.015,29.31,41.82561,-87.726549,6,50256.219876518626,76.0,1.0329615614419438,11.0,88.5,63.0,2.0,8.950000000000003,17.33061143198566,0.1870464050985856,63.50846444931289,0,0,1,0,0,0,0
5021,54720,88.5,63.0,76.0,8.7,16.5,10.0,1931,419,0.0,2,53.45788043478261,67.0,11.0,0.015,29.31,41.82561,-87.726549,6,50257.108721624856,76.0,1.0327558741537235,11.0,88.5,63.0,2.0,8.950000000000003,17.330446037435287,0.18701214655515697,63.50915969733175,0,0,0,1,0,0,0
5022,54720,88.5,63.0,76.0,8.7,16.5,10.0,1931,419,0.0,2,53.45788043478261,67.0,11.0,0.015,29.31,41.778297,-87.752411,6,50257.997212821014,76.0,1.032550268763687,11.0,88.5,63.0,2.0,8.950000000000003,17.330280708739796,0.18697790165239864,63.50985466852479,0,0,1,0,0,0,0
5023,54720,88.5,63.0,76.0,8.7,16.5,10.0,1931,419,0.0,2,53.45788043478261,67.0,11.0,0.015,29.31,41.778297,-87.752411,6,50258.885350318465,76.0,1.03234474522293,11.0,88.5,63.0,2.0,8.950000000000003,17.330115445859867,0.18694367038216528,63.510549363057315,0,0,0,1,0,0,0
5024,54720,88.5,63.0,76.0,8.7,16.5,10.0,1931,419,0.0,2,53.45788043478261,67.0,11.0,0.015,29.31,41.773215,-87.60088,6,50259.77313432836,76.0,1.032139303482587,11.0,88.5,63.0,2.0,8.950000000000003,17.32995024875622,0.18690945273631807,63.511243781094535,0,0,0,1,0,0,0
5025,54720,88.5,63.0,76.0,8.7,16.5,10.0,1931,419,0.0,2,53.45788043478261,67.0,11.0,0.015,29.31,41.822536,-87.66634300000004,6,50260.66056506168,76.0,1.0319339434938322,11.0,88.5,63.0,2.0,8.700000000000003,17.329785117389573,0.1868752487067247,63.51193792280143,0,0,1,0,0,0,0
5026,54720,88.5,63.0,76.0,8.7,16.5,10.0,1931,419,0.0,2,53.45788043478261,67.0,11.0,0.015,29.31,41.822536,-87.66634300000004,6,50261.54764272926,76.0,1.0317286652078774,11.0,88.5,63.0,2.0,8.700000000000003,17.32962005172071,0.18684105828525926,63.51263178834295,0,0,0,1,0,0,0
5027,54720,88.5,63.0,76.0,8.7,16.5,10.0,1931,419,0.0,2,53.45788043478261,67.0,11.0,0.015,29.31,41.766202,-87.562889,6,50262.43436754177,76.0,1.0315234685759744,11.0,88.5,63.0,2.0,8.700000000000003,17.329455051710422,0.1868068814638024,63.51332537788385,0,0,0,1,0,0,0
5028,54720,88.5,63.0,76.0,8.7,16.5,10.0,1931,419,0.0,2,53.45788043478261,67.0,11.0,0.015,29.31,41.766202,-87.562889,6,50263.320739709685,76.0,1.0313183535494137,11.0,88.5,63.0,2.0,8.700000000000003,17.329290117319545,0.18677271823424105,63.514018691588795,0,0,0,0,0,0,1
5029,54720,88.5,63.0,76.0,8.7,16.5,10.0,1931,419,0.0,2,53.45788043478261,67.0,11.0,0.015,29.31,41.754676,-87.612922,6,50264.20675944334,76.0,1.0311133200795228,11.0,88.5,63.0,2.0,8.700000000000003,17.329125248508948,0.18673856858846885,63.514711729622256,0,0,1,0,0,0,0
5030,54720,88.5,63.0,76.0,8.7,16.5,10.0,1931,419,0.0,2,53.45788043478261,67.0,11.0,0.015,29.31,41.754676,-87.612922,6,50265.09242695289,76.0,1.0309083681176705,11.0,88.5,63.0,2.0,8.700000000000003,17.328960445239517,0.18670443251838564,63.515404492148676,0,0,0,1,0,0,0
5031,54720,88.5,63.0,76.0,8.7,16.5,10.0,1931,419,0.0,2,53.45788043478261,67.0,11.0,0.015,29.31,41.821582,-87.62779599999998,6,50265.97774244833,76.0,1.0307034976152625,11.0,88.5,63.0,2.0,8.700000000000003,17.328795707472178,0.1866703100158979,63.51609697933228,0,0,1,0,0,0,0
5032,54720,88.5,63.0,76.0,8.7,16.5,10.0,1931,419,0.0,2,53.45788043478261,67.0,11.0,0.015,29.31,41.821582,-87.62779599999998,6,50266.86270613948,76.0,1.0304987085237434,11.0,88.5,63.0,2.0,8.700000000000003,17.328631035167888,0.1866362010729184,63.516789191337175,0,0,0,1,0,0,0
5033,54720,88.5,63.0,76.0,8.7,16.5,10.0,1931,419,0.0,2,53.45788043478261,67.0,11.0,0.015,29.31,41.803423,-87.642984,6,50267.747318236,76.0,1.0302940007945969,11.0,88.5,63.0,2.0,8.700000000000003,17.328466428287644,0.18660210568136634,63.51748112832738,0,0,0,1,0,0,0
5034,54720,88.5,63.0,76.0,8.7,16.5,10.0,1931,419,0.0,2,53.45788043478261,67.0,11.0,0.015,29.31,41.754292,-87.590773,6,50268.631578947374,76.0,1.030089374379345,11.0,88.5,63.0,2.0,8.700000000000003,17.328301886792453,0.18656802383316745,63.518172790466735,0,0,0,1,0,0,0
5035,54720,88.5,63.0,76.0,8.7,16.5,10.0,1931,419,0.0,2,53.45788043478261,67.0,11.0,0.015,29.31,41.723195,-87.64997,6,50269.51548848293,76.0,1.0298848292295473,11.0,88.5,63.0,2.0,8.700000000000003,17.328137410643368,0.1865339555202538,63.51886417791898,0,0,1,0,0,0,0
5036,54720,88.5,63.0,76.0,8.7,16.5,10.0,1931,419,0.0,2,53.45788043478261,67.0,11.0,0.015,29.31,41.723195,-87.64997,6,50270.39904705182,76.0,1.0296803652968036,11.0,88.5,63.0,2.0,8.700000000000003,17.32797299980147,0.18649990073456385,63.519555290847734,0,0,0,1,0,0,0
5037,54720,88.5,63.0,76.0,8.7,16.5,10.0,1931,419,0.0,2,53.45788043478261,67.0,11.0,0.015,29.31,41.868077,-87.666901,6,50271.282254863036,76.0,1.0294759825327509,11.0,88.5,63.0,2.0,8.700000000000003,17.32780865422787,0.1864658594680425,63.520246129416435,0,1,0,0,0,0,0
5038,54720,88.5,63.0,76.0,8.7,16.5,10.0,1931,419,0.0,2,53.45788043478261,67.0,11.0,0.015,29.31,41.868077,-87.666901,6,50272.16511212542,76.0,1.0292716808890654,11.0,88.5,63.0,2.0,8.700000000000003,17.327644373883707,0.18643183171264105,63.52093669378845,0,0,1,0,0,0,0
5039,54720,88.5,63.0,76.0,8.7,16.5,10.0,1931,419,0.0,2,53.45788043478261,67.0,11.0,0.015,29.31,41.868077,-87.666901,6,50273.04761904762,76.0,1.0290674603174603,11.0,88.5,63.0,2.0,8.700000000000003,17.327480158730154,0.18639781746031708,63.521626984126975,0,0,0,1,0,0,0
5040,54720,88.5,63.0,76.0,8.7,16.5,10.0,1931,419,0.0,2,53.45788043478261,67.0,11.0,0.015,29.31,41.720848,-87.666014,6,50273.929775838136,76.0,1.0288633207696884,11.0,88.5,63.0,2.0,8.700000000000003,17.327316008728427,0.18636381670303476,63.52231700059512,0,0,1,0,0,0,0
5041,54720,88.5,63.0,76.0,8.7,16.5,10.0,1931,419,0.0,2,53.45788043478261,67.0,11.0,0.015,29.31,41.720848,-87.666014,6,50274.81158270528,76.0,1.0286592621975406,11.0,88.5,63.0,2.0,8.700000000000003,17.327151923839747,0.1863298294327644,63.52300674335581,0,0,0,1,0,0,0
5042,54720,88.5,63.0,76.0,8.7,16.5,10.0,1931,419,0.0,2,53.45788043478261,67.0,11.0,0.015,29.31,41.720848,-87.666014,6,50275.69303985723,76.0,1.0284552845528456,11.0,88.5,63.0,2.0,8.700000000000003,17.326987904025387,0.18629585564148285,63.523696212571885,0,0,0,0,0,0,1
5043,54720,88.5,63.0,76.0,8.7,16.5,10.0,1931,419,0.0,2,53.45788043478261,67.0,11.0,0.015,29.31,41.704336,-87.70373599999998,6,50276.57414750198,76.0,1.0282513877874702,11.0,88.5,63.0,2.0,8.700000000000003,17.32682394924663,0.1862618953211733,63.52438540840602,0,0,1,0,0,0,0
5044,54720,88.5,63.0,76.0,8.7,16.5,10.0,1931,419,0.0,2,53.45788043478261,67.0,11.0,0.015,29.31,41.704336,-87.70373599999998,6,50277.45490584737,76.0,1.0280475718533202,11.0,88.5,63.0,2.0,8.700000000000003,17.326660059464814,0.1862279484638252,63.52507433102081,0,0,0,1,0,0,0
5045,54720,88.5,63.0,76.0,8.7,16.5,10.0,1931,419,0.0,2,53.45788043478261,67.0,11.0,0.015,29.31,41.798697,-87.736812,6,50278.33531510107,76.0,1.0278438367023386,11.0,88.5,63.0,2.0,8.700000000000003,17.3264962346413,0.1861940150614344,63.52576298057868,0,0,1,0,0,0,0
5046,54720,88.5,63.0,76.0,8.7,16.5,10.0,1931,419,0.0,2,53.45788043478261,67.0,11.0,0.015,29.31,41.798697,-87.736812,6,50279.21537547059,76.0,1.0276401822865069,11.0,88.5,63.0,2.0,8.700000000000003,17.326332474737466,0.1861600951060032,63.526451357241925,0,0,0,1,0,0,0
5047,54720,88.5,63.0,76.0,8.7,16.5,10.0,1931,419,0.0,2,53.45788043478261,67.0,11.0,0.015,29.31,41.798697,-87.736812,6,50280.09508716323,76.0,1.0274366085578448,11.0,88.5,63.0,2.0,8.700000000000003,17.326168779714738,0.18612618858954005,63.527139461172744,0,0,0,0,0,0,1
5048,54720,88.5,63.0,76.0,8.7,16.5,10.0,1931,419,0.0,2,53.45788043478261,67.0,11.0,0.015,29.31,41.673408,-87.599862,6,50280.974450386224,76.0,1.0272331154684096,11.0,88.5,63.0,2.0,8.700000000000003,17.326005149534563,0.1860922955040598,63.527827292533175,0,0,1,0,0,0,0
5049,54720,88.5,63.0,76.0,8.7,16.5,10.0,1931,419,0.0,2,53.45788043478261,67.0,11.0,0.015,29.31,41.673408,-87.599862,6,50281.85346534653,76.0,1.027029702970297,11.0,88.5,63.0,2.0,8.700000000000003,17.325841584158415,0.18605841584158372,63.52851485148515,0,0,0,1,0,0,0
5050,54720,88.5,63.0,76.0,8.7,16.5,10.0,1931,419,0.0,2,53.45788043478261,67.0,11.0,0.015,29.31,41.673408,-87.599862,6,50282.73213225103,76.0,1.0268263710156404,11.0,88.5,63.0,2.0,8.700000000000003,17.325678083547814,0.18602454959413936,63.52920213819046,0,0,0,0,1,0,0
5051,54720,88.5,63.0,76.0,8.7,16.5,10.0,1931,419,0.0,2,53.45788043478261,67.0,11.0,0.015,29.31,41.704572,-87.56566600000002,6,50283.61045130641,76.0,1.0266231195566111,11.0,88.5,63.0,2.0,8.700000000000003,17.325514647664292,0.18599069675376048,63.529889152810775,0,0,1,0,0,0,0
5052,54720,88.5,63.0,76.0,8.7,16.5,10.0,1931,419,0.0,2,53.45788043478261,67.0,11.0,0.015,29.31,41.704572,-87.56566600000002,6,50284.48842271918,76.0,1.0264199485454186,11.0,88.5,63.0,2.0,8.700000000000003,17.325351276469426,0.18595685731248726,63.530575895507624,0,0,0,1,0,0,0
5053,54720,88.5,63.0,76.0,8.7,16.5,10.0,1931,419,0.0,2,53.45788043478261,67.0,11.0,0.015,29.31,41.662014,-87.72460799999998,6,50285.366046695686,76.0,1.0262168579343094,11.0,88.5,63.0,2.0,8.700000000000003,17.325187969924812,0.18592303126236606,63.53126236644242,0,0,1,0,0,0,0
5054,54720,88.5,63.0,76.0,8.7,16.5,10.0,1931,419,0.0,2,53.45788043478261,67.0,11.0,0.015,29.31,41.662014,-87.72460799999998,6,50286.243323442126,76.0,1.0260138476755687,11.0,88.5,63.0,2.0,8.700000000000003,17.325024727992087,0.18588921859544966,63.53194856577646,0,0,0,1,0,0,0
5055,54720,88.5,63.0,76.0,8.7,16.5,10.0,1931,419,0.0,2,53.45788043478261,67.0,11.0,0.015,29.31,41.662014,-87.72460799999998,6,50287.12025316456,76.0,1.0258109177215189,11.0,88.5,63.0,2.0,8.700000000000003,17.32486155063291,0.18585541930379704,63.532634493670884,0,0,0,0,0,0,1
5056,54720,88.5,63.0,76.0,8.7,16.5,10.0,1931,419,0.0,2,53.45788043478261,67.0,11.0,0.015,29.31,41.878114,-87.629798,6,50287.99683606882,76.0,1.0256080680245203,11.0,88.5,63.0,2.0,8.700000000000003,17.324698437808973,0.1858216333794736,63.53332015028674,0,0,1,0,0,0,0
5057,54720,88.5,63.0,76.0,8.7,16.5,10.0,1931,419,0.0,2,53.45788043478261,67.0,11.0,0.015,29.31,41.932094,-87.700117,6,50288.87307236061,76.0,1.0254052985369708,11.0,88.5,63.0,2.0,8.700000000000003,17.32453538948201,0.1857878608145508,63.53400553578489,0,0,1,0,0,0,0
5058,54720,88.5,63.0,76.0,8.7,16.5,10.0,1931,419,0.0,2,53.45788043478261,67.0,11.0,0.015,29.31,41.932094,-87.700117,6,50289.748962245496,76.0,1.025202609211307,11.0,88.5,63.0,2.0,8.700000000000003,17.324372405613758,0.1857541016011065,63.53469065032615,0,0,0,1,0,0,0
5059,54720,88.5,63.0,76.0,8.7,16.5,10.0,1931,419,0.0,2,53.45788043478261,67.0,11.0,0.015,29.31,42.01743,-87.68776899999996,6,50290.624505928856,76.0,1.025,11.0,88.5,63.0,2.0,8.700000000000003,17.32420948616601,0.18572035573122486,63.53537549407115,0,0,0,1,0,0,0
5060,54720,88.5,63.0,76.0,8.7,16.5,10.0,1931,419,0.0,2,53.45788043478261,67.0,11.0,0.015,29.31,41.916265,-87.800515,6,50291.49970361589,76.0,1.0247974708555618,11.0,88.5,63.0,2.0,8.700000000000003,17.324046631100572,0.18568662319699625,63.536060067180394,0,0,1,0,0,0,0
5061,54720,88.5,63.0,76.0,8.7,16.5,10.0,1931,419,0.0,2,53.45788043478261,67.0,11.0,0.015,29.31,41.916265,-87.800515,6,50292.37455551166,76.0,1.0245950217305413,11.0,88.5,63.0,2.0,8.700000000000003,17.323883840379295,0.18565290399051715,63.5367443698143,0,0,0,1,0,0,0
5062,54720,88.5,63.0,76.0,8.7,16.5,10.0,1931,419,0.0,2,53.45788043478261,67.0,11.0,0.015,29.31,41.846075,-87.716277,6,50293.249061821065,76.0,1.024392652577523,11.0,88.5,63.0,2.0,8.700000000000003,17.32372111396405,0.18561919810389052,63.53742840213312,0,0,1,0,0,0,0
5063,54720,88.5,63.0,76.0,8.7,16.5,10.0,1931,419,0.0,2,53.45788043478261,67.0,11.0,0.015,29.31,41.846075,-87.716277,6,50294.12322274882,76.0,1.0241903633491312,11.0,88.5,63.0,2.0,8.700000000000003,17.323558451816744,0.18558550552922548,63.538112164297,0,0,0,1,0,0,0
5064,54720,88.5,63.0,76.0,8.7,16.5,10.0,1931,419,0.0,2,53.45788043478261,67.0,11.0,0.015,29.31,41.776156,-87.778927,6,50294.9970384995,76.0,1.0239881539980256,11.0,88.5,63.0,2.0,8.700000000000003,17.32339585389931,0.18555182625863728,63.53879565646594,0,0,0,0,0,0,1
5065,54720,88.5,63.0,76.0,8.7,16.5,10.0,1931,419,0.0,2,53.45788043478261,67.0,11.0,0.015,29.31,41.682587,-87.707973,6,50295.87050927754,76.0,1.0237860244769048,11.0,88.5,63.0,2.0,8.700000000000003,17.323233320173706,0.18551816028424747,63.53947887879984,0,0,0,1,0,0,0
5066,54720,88.5,63.0,76.0,8.7,16.5,10.0,1931,419,0.0,2,53.45788043478261,67.0,11.0,0.015,29.31,41.732984,-87.649642,6,50296.74363528715,76.0,1.023583974738504,11.0,88.5,63.0,2.0,8.700000000000003,17.32307085060193,0.18548450759818388,63.54016183145846,0,0,1,0,0,0,0
5067,54720,88.5,63.0,76.0,8.7,16.5,10.0,1931,419,0.0,2,53.45788043478261,67.0,11.0,0.015,29.31,41.732984,-87.649642,6,50297.61641673244,76.0,1.023382004735596,11.0,88.5,63.0,2.0,8.700000000000003,17.322908445146012,0.18545086819258044,63.540844514601424,0,0,0,1,0,0,0
5068,54720,88.5,63.0,76.0,8.7,16.5,10.0,1931,419,0.0,2,53.45788043478261,67.0,11.0,0.015,29.31,41.903002,-87.68826700000002,6,50298.48885381731,76.0,1.0231801144209904,11.0,88.5,63.0,2.0,8.700000000000003,17.322746103768,0.18541724205957735,63.541526928388244,0,0,0,1,0,0,0
5069,54720,88.5,63.0,76.0,8.7,16.5,10.0,1931,419,0.0,2,53.45788043478261,67.0,11.0,0.015,29.31,41.903002,-87.68826700000002,6,50299.36094674557,76.0,1.0229783037475346,11.0,88.5,63.0,2.0,8.700000000000003,17.32258382642998,0.18538362919132104,63.542209072978295,0,0,0,0,0,0,1
5070,54720,88.5,63.0,76.0,8.7,16.5,10.0,1931,419,0.0,2,53.45788043478261,67.0,11.0,0.015,29.31,41.678618,-87.559308,6,50300.23269572076,76.0,1.0227765726681128,11.0,88.5,63.0,2.0,8.700000000000003,17.322421613094065,0.18535002957996405,63.542890948530854,0,0,0,1,0,0,0
5071,54720,88.5,63.0,76.0,8.7,16.5,10.0,1931,419,0.0,2,53.45788043478261,67.0,11.0,0.015,29.31,41.948167,-87.730698,6,50301.104100946366,76.0,1.0225749211356467,11.0,88.5,63.0,2.0,8.700000000000003,17.322259463722393,0.1853164432176652,63.54357255520505,0,0,0,1,0,0,0
5072,54720,88.5,63.0,76.0,8.7,16.5,10.0,1931,419,0.0,2,53.45788043478261,67.0,11.0,0.015,29.31,41.659112,-87.53869300000002,6,50301.97516262566,76.0,1.0223733491030949,11.0,88.5,63.0,2.0,8.700000000000003,17.322097378277153,0.18528287009658934,63.54425389315987,0,0,0,1,0,0,0
5073,54720,88.5,63.0,76.0,8.7,16.5,10.0,1931,419,0.0,2,53.45788043478261,67.0,11.0,0.015,29.31,41.925198,-87.746381,6,50302.845880961766,76.0,1.022171856523453,11.0,88.5,63.0,2.0,8.700000000000003,17.321935356720537,0.1852493102089077,63.54493496255421,0,0,0,0,0,0,1
5074,54720,88.5,63.0,76.0,8.7,16.5,10.0,1931,419,0.0,2,53.45788043478261,67.0,11.0,0.015,29.31,41.94722700000001,-87.67145699999998,6,50303.716256157626,76.0,1.0219704433497536,11.0,88.5,63.0,2.0,8.700000000000003,17.321773399014777,0.1852157635467976,63.5456157635468,0,0,1,0,0,0,0
5075,54720,88.5,63.0,76.0,8.7,16.5,10.0,1931,419,0.0,2,53.45788043478261,67.0,11.0,0.015,29.31,41.94722700000001,-87.67145699999998,6,50304.58628841608,76.0,1.0217691095350672,11.0,88.5,63.0,2.0,8.700000000000003,17.321611505122142,0.1851822301024424,63.5462962962963,0,0,0,1,0,0,0
5076,54720,88.5,63.0,76.0,8.7,16.5,10.0,1931,419,0.0,2,53.45788043478261,67.0,11.0,0.015,29.31,41.743402,-87.731435,6,50305.455977939724,76.0,1.0215678550324996,11.0,88.5,63.0,2.0,8.700000000000003,17.321449675004924,0.18514870986803186,63.5469765609612,0,0,0,1,0,0,0
5077,54720,88.5,63.0,76.0,8.7,16.5,10.0,1931,419,0.0,2,53.45788043478261,67.0,11.0,0.015,29.31,41.793818,-87.654234,6,50306.325324931066,76.0,1.021366679795195,11.0,88.5,63.0,2.0,8.700000000000003,17.321287908625447,0.18511520283576166,63.54765655769988,0,0,1,0,0,0,0
5078,54720,88.5,63.0,76.0,8.7,16.5,10.0,1931,419,0.0,2,53.45788043478261,67.0,11.0,0.015,29.31,41.793818,-87.654234,6,50307.19432959244,76.0,1.0211655837763338,11.0,88.5,63.0,2.0,8.700000000000003,17.32112620594605,0.18508170899783372,63.54833628667061,0,0,0,1,0,0,0
5079,54720,88.5,63.0,76.0,8.7,16.5,10.0,1931,419,0.0,2,53.45788043478261,67.0,11.0,0.015,29.31,41.728495,-87.60096300000002,6,50308.062992125975,76.0,1.0209645669291338,11.0,88.5,63.0,2.0,8.700000000000003,17.320964566929135,0.1850482283464562,63.54901574803149,0,0,1,0,0,0,0
5080,54720,88.5,63.0,76.0,8.7,16.5,10.0,1931,419,0.0,2,53.45788043478261,67.0,11.0,0.015,29.31,41.728495,-87.60096300000002,6,50308.93131273372,76.0,1.0207636292068492,11.0,88.5,63.0,2.0,8.700000000000003,17.3208029915371,0.18501476087384325,63.54969494194057,0,0,0,1,0,0,0
5081,54720,88.5,63.0,76.0,8.7,16.5,10.0,1931,419,0.0,2,53.45788043478261,67.0,11.0,0.015,29.31,41.904194,-87.756155,6,50309.79929161747,76.0,1.020562770562771,11.0,88.5,63.0,2.0,8.700000000000003,17.320641479732387,0.1849813065722152,63.55037386855569,0,0,0,1,0,0,0
5082,54720,88.5,63.0,76.0,8.7,16.5,10.0,1931,419,0.0,2,53.45788043478261,67.0,11.0,0.015,29.31,41.912563,-87.66805500000002,6,50310.66692897894,76.0,1.0203619909502262,11.0,88.5,63.0,2.0,8.700000000000003,17.320480031477473,0.1849478654337985,63.55105252803462,0,0,0,1,0,0,0
5083,54720,88.5,63.0,76.0,8.7,16.5,10.0,1931,419,0.0,2,53.45788043478261,67.0,11.0,0.015,29.31,41.776428,-87.627096,6,50311.53422501967,76.0,1.0201612903225807,11.0,88.5,63.0,2.0,8.700000000000003,17.320318646734854,0.18491443745082564,63.551730920535014,0,0,0,1,0,0,0
5084,54720,88.5,63.0,76.0,8.7,16.5,10.0,1931,419,0.0,2,53.45788043478261,67.0,11.0,0.015,29.31,41.776428,-87.627096,6,50312.40117994099,76.0,1.019960668633235,11.0,88.5,63.0,2.0,8.700000000000003,17.32015732546706,0.1848810226155354,63.552409046214365,0,0,0,0,0,0,1
5085,54720,88.5,63.0,76.0,8.7,16.5,10.0,1931,419,0.0,2,53.45788043478261,67.0,11.0,0.015,29.31,41.974689,-87.890615,6,50313.267793944164,76.0,1.0197601258356273,11.0,88.5,63.0,2.0,8.700000000000003,17.319996067636648,0.1848476209201725,63.553086905230046,0,0,1,0,0,0,0
5086,54720,88.5,63.0,76.0,8.7,16.5,10.0,1931,419,0.0,2,53.45788043478261,67.0,11.0,0.015,29.31,41.974689,-87.890615,6,50314.134067230196,76.0,1.0195596618832317,11.0,88.5,63.0,2.0,8.700000000000003,17.31983487320621,0.1848142323569879,63.553764497739344,0,0,0,1,0,0,0
5087,54720,88.5,63.0,76.0,8.7,16.5,10.0,1931,419,0.0,2,53.45788043478261,67.0,11.0,0.015,29.31,41.957799,-87.930995,6,50315.0,76.0,1.0193592767295598,11.0,88.5,63.0,2.0,8.700000000000003,17.319673742138363,0.1847808569182385,63.55444182389938,0,1,0,0,0,0,0
5088,54720,88.5,63.0,76.0,8.7,16.5,10.0,1931,419,0.0,2,53.45788043478261,67.0,11.0,0.015,29.31,41.957799,-87.930995,6,50315.86559245432,76.0,1.0191589703281587,11.0,88.5,63.0,2.0,8.700000000000003,17.319512674395757,0.18474749459618736,63.555118883867166,0,0,1,0,0,0,0
5089,54720,88.5,63.0,76.0,8.7,16.5,10.0,1931,419,0.0,2,53.45788043478261,67.0,11.0,0.015,29.31,41.957799,-87.930995,6,50316.73084479371,76.0,1.018958742632613,11.0,88.5,63.0,2.0,8.700000000000003,17.31935166994106,0.18471414538310366,63.55579567779961,0,0,0,1,0,0,0
5090,54120,89.0,70.5,80.0,5.4,24.5,8.25,1928,426,0.0,7,53.45788043478261,74.0,15.0,0.26,29.15,41.95469,-87.800991,7,50317.47790218032,76.0,1.0187585935965429,11.0,88.5,63.0,2.0,8.700000000000003,17.320762129247697,0.18472893341190288,63.557847181300325,0,1,0,0,0,0,0
5091,54120,89.0,70.5,80.0,5.4,24.5,8.25,1928,426,0.0,7,53.45788043478261,74.0,15.0,0.26,29.15,41.95469,-87.800991,7,50318.22466614297,76.0,1.0185585231736056,11.0,88.5,63.0,2.0,8.700000000000003,17.322172034564026,0.18474371563236397,63.559897879025925,0,0,1,0,0,0,0
5092,54120,89.0,70.5,80.0,5.4,24.5,8.25,1928,426,0.0,7,53.45788043478261,74.0,15.0,0.26,29.15,41.95469,-87.800991,7,50318.9711368545,76.0,1.0183585313174943,11.0,88.5,63.0,2.0,8.700000000000003,17.323581386216375,0.1847584920479084,63.561947771451,0,0,0,1,0,0,0
5093,54120,89.0,70.5,80.0,5.4,24.5,8.25,1928,426,0.0,7,53.45788043478261,74.0,15.0,0.26,29.15,41.964242,-87.757639,7,50319.717314487636,76.0,1.0181586179819395,11.0,88.5,63.0,2.0,8.700000000000003,17.324990184530822,0.18477326266195476,63.563996859049865,0,1,0,0,0,0,0
5094,54120,89.0,70.5,80.0,5.4,24.5,8.25,1928,426,0.0,7,53.45788043478261,74.0,15.0,0.26,29.15,41.964242,-87.757639,7,50320.46319921492,76.0,1.0179587831207066,11.0,88.5,63.0,2.0,8.700000000000003,17.32639842983317,0.18478802747791898,63.566045142296375,0,0,1,0,0,0,0
5095,54120,89.0,70.5,80.0,5.4,24.5,8.25,1928,426,0.0,7,53.45788043478261,74.0,15.0,0.26,29.15,41.964242,-87.757639,7,50321.20879120879,76.0,1.0177590266875982,11.0,88.5,63.0,2.0,8.700000000000003,17.32780612244898,0.18480278649921456,63.56809262166405,0,0,0,1,0,0,0
5096,54120,89.0,70.5,80.0,5.4,24.5,8.25,1928,426,0.0,7,53.45788043478261,74.0,15.0,0.26,29.15,42.008314,-87.77792099999998,7,50321.954090641564,76.0,1.017559348636453,11.0,88.5,63.0,2.0,8.700000000000003,17.32921326270355,0.18481753972925197,63.57013929762606,0,0,1,0,0,0,0
5097,54120,89.0,70.5,80.0,5.4,24.5,8.25,1928,426,0.0,7,53.45788043478261,74.0,15.0,0.26,29.15,42.008314,-87.77792099999998,7,50322.69909768537,80.0,1.0173597489211454,15.0,89.0,63.0,7.0,8.700000000000003,17.330619850921927,0.18483228717143926,63.57218517065515,0,0,0,1,0,0,0
5098,54120,89.0,70.5,80.0,5.4,24.5,8.25,1928,426,0.0,7,53.45788043478261,74.0,15.0,0.26,29.15,41.98196400000001,-87.812827,7,50323.443812512254,80.0,1.017160227495587,15.0,89.0,63.0,7.0,8.700000000000003,17.332025887428912,0.18484702882918166,63.57423024122377,0,0,1,0,0,0,0
5099,54120,89.0,70.5,80.0,5.4,24.5,8.25,1928,426,0.0,7,53.45788043478261,74.0,15.0,0.26,29.15,41.99247800000001,-87.862995,7,50324.18823529412,80.0,1.0169607843137254,15.0,89.0,63.0,7.0,8.700000000000003,17.33343137254902,0.18486176470588184,63.57627450980392,0,0,1,0,0,0,0
5100,54120,89.0,70.5,80.0,5.4,24.5,8.25,1928,426,0.0,7,53.45788043478261,74.0,15.0,0.26,29.15,41.98196400000001,-87.812827,7,50324.932366202695,80.0,1.0167614193295431,15.0,89.0,70.5,7.0,8.700000000000003,17.334836306606547,0.18487649480493967,63.57831797686728,0,0,0,1,0,0,0
5101,54120,89.0,70.5,80.0,5.4,24.5,8.25,1928,426,0.0,7,53.45788043478261,74.0,15.0,0.26,29.15,41.99247800000001,-87.862995,7,50325.67620540964,80.0,1.01656213249706,15.0,89.0,70.5,7.0,8.700000000000003,17.336240689925518,0.1848912191297525,63.58036064288514,0,0,0,1,0,0,0
5102,54120,89.0,70.5,80.0,5.4,24.5,8.25,1928,426,0.0,7,53.45788043478261,74.0,15.0,0.26,29.15,41.944869,-87.832763,7,50326.41975308642,80.0,1.016362923770331,15.0,89.0,70.5,7.0,8.700000000000003,17.337644522829713,0.18490593768371494,63.582402508328435,0,0,1,0,0,0,0
5103,54120,89.0,70.5,80.0,5.4,24.5,8.25,1928,426,0.0,7,53.45788043478261,74.0,15.0,0.26,29.15,41.944869,-87.832763,7,50327.16300940439,80.0,1.0161637931034482,15.0,89.0,70.5,7.0,8.700000000000003,17.339047805642632,0.1849206504702189,63.584443573667706,0,0,0,1,0,0,0
5104,54120,89.0,70.5,80.0,5.4,24.5,8.25,1928,426,0.0,7,53.45788043478261,74.0,15.0,0.26,29.15,42.010412,-87.66214000000002,7,50327.90597453476,80.0,1.0159647404505388,15.0,89.0,70.5,7.0,8.700000000000003,17.340450538687566,0.18493535749265366,63.586483839373166,0,0,1,0,0,0,0
5105,54120,89.0,70.5,80.0,5.4,24.5,8.25,1928,426,0.0,7,53.45788043478261,74.0,15.0,0.26,29.15,41.98480900000001,-87.728492,7,50328.648648648654,80.0,1.0157657657657655,15.0,89.0,70.5,7.0,8.700000000000003,17.341852722287506,0.18495005875440604,63.58852330591461,0,0,1,0,0,0,0
5106,54120,89.0,70.5,80.0,5.4,24.5,8.25,1928,426,0.0,7,53.45788043478261,74.0,15.0,0.26,29.15,41.98480900000001,-87.728492,7,50329.39103191697,80.0,1.0155668690033288,15.0,89.0,70.5,7.0,8.700000000000003,17.343254356765225,0.18496475425885986,63.5905619737615,0,0,0,1,0,0,0
5107,54120,89.0,70.5,80.0,5.4,24.5,8.25,1928,426,0.0,7,53.45788043478261,74.0,15.0,0.26,29.15,41.98480900000001,-87.728492,7,50330.13312451057,80.0,1.0153680501174631,15.0,89.0,70.5,7.0,8.700000000000003,17.344655442443226,0.18497944400939648,63.59259984338293,0,0,0,0,0,0,1
5108,54120,89.0,70.5,80.0,5.4,24.5,8.25,1928,426,0.0,7,53.45788043478261,74.0,15.0,0.26,29.15,41.986921,-87.689778,7,50330.87492660012,80.0,1.0151693090624387,15.0,89.0,70.5,7.0,8.700000000000003,17.346055979643765,0.18499412800939466,63.59463691524761,0,0,0,1,0,0,0
5109,54120,89.0,70.5,80.0,5.4,24.5,8.25,1928,426,0.0,7,53.45788043478261,74.0,15.0,0.26,29.15,41.89923,-87.716788,7,50331.61643835616,80.0,1.0149706457925636,15.0,89.0,70.5,7.0,8.700000000000003,17.347455968688845,0.1850088062622304,63.59667318982388,0,0,1,0,0,0,0
5110,54120,89.0,70.5,80.0,5.4,24.5,8.25,1928,426,0.0,7,53.45788043478261,74.0,15.0,0.26,29.15,41.89923,-87.716788,7,50332.35765994913,80.0,1.0147720602621797,15.0,89.0,70.5,7.0,8.700000000000003,17.348855409900214,0.1850234787712771,63.59870866757973,0,0,0,1,0,0,0
5111,54120,89.0,70.5,80.0,5.4,24.5,8.25,1928,426,0.0,7,53.45788043478261,74.0,15.0,0.26,29.15,41.801498,-87.763416,7,50333.098591549286,80.0,1.0145735524256652,15.0,89.0,70.5,7.0,8.700000000000003,17.350254303599375,0.18503814553990555,63.60074334898279,0,0,1,0,0,0,0
5112,54120,89.0,70.5,80.0,5.4,24.5,8.25,1928,426,0.0,7,53.45788043478261,74.0,15.0,0.26,29.15,41.801498,-87.763416,7,50333.83923332681,80.0,1.014375122237434,15.0,89.0,70.5,7.0,8.700000000000003,17.351652650107567,0.1850528065714839,63.602777234500294,0,0,0,1,0,0,0
5113,54120,89.0,70.5,80.0,5.4,24.5,8.25,1928,426,0.0,7,53.45788043478261,74.0,15.0,0.26,29.15,41.801498,-87.763416,7,50334.5795854517,80.0,1.014176769651936,15.0,89.0,70.5,7.0,8.700000000000003,17.353050449745794,0.18506746186937764,63.60481032459914,0,0,0,0,0,0,1
5114,54120,89.0,70.5,80.0,5.4,24.5,8.25,1928,426,0.0,7,53.45788043478261,74.0,15.0,0.26,29.15,41.906638,-87.701431,7,50335.319648093835,80.0,1.013978494623656,15.0,89.0,70.5,7.0,8.700000000000003,17.3544477028348,0.1850821114369496,63.606842619745855,0,0,1,0,0,0,0
5115,54120,89.0,70.5,80.0,5.4,24.5,8.25,1928,426,0.0,7,53.45788043478261,74.0,15.0,0.26,29.15,41.906638,-87.701431,7,50336.059421422986,80.0,1.013780297107115,15.0,89.0,70.5,7.0,8.700000000000003,17.355844409695074,0.1850967552775601,63.60887412040657,0,0,0,1,0,0,0
5116,54120,89.0,70.5,80.0,5.4,24.5,8.25,1928,426,0.0,7,53.45788043478261,74.0,15.0,0.26,29.15,41.836644,-87.677737,7,50336.79890560875,80.0,1.0135821770568691,15.0,89.0,70.5,7.0,8.700000000000003,17.357240570646862,0.1851113933945666,63.6109048270471,0,0,0,1,0,0,0
5117,54120,89.0,70.5,80.0,5.4,24.5,8.25,1928,426,0.0,7,53.45788043478261,74.0,15.0,0.26,29.15,41.763733,-87.742302,7,50337.53810082063,80.0,1.0133841344275107,15.0,89.0,70.5,7.0,8.700000000000003,17.35863618601016,0.18512602579132414,63.61293474013286,0,0,0,1,0,0,0
5118,54120,89.0,70.5,80.0,5.4,24.5,8.25,1928,426,0.0,7,53.45788043478261,74.0,15.0,0.26,29.15,41.911824,-87.726737,7,50338.27700722798,80.0,1.0131861691736668,15.0,89.0,70.5,7.0,5.400000000000004,17.360031256104712,0.1851406524711852,63.614963860128924,0,0,1,0,0,0,0
5119,54120,89.0,70.5,80.0,5.4,24.5,8.25,1928,426,0.0,7,53.45788043478261,74.0,15.0,0.26,29.15,41.891118,-87.65449100000002,7,50339.015625,80.0,1.01298828125,15.0,89.0,70.5,7.0,5.400000000000004,17.36142578125,0.18515527343749946,63.6169921875,0,0,1,0,0,0,0
5120,54120,89.0,70.5,80.0,5.4,24.5,8.25,1928,426,0.0,7,53.45788043478261,74.0,15.0,0.26,29.15,41.868142,-87.696269,7,50339.7539543058,80.0,1.0127904706112087,15.0,89.0,70.5,7.0,5.400000000000004,17.36281976176528,0.185169888693614,63.61901972271041,0,0,1,0,0,0,0
5121,54120,89.0,70.5,80.0,5.4,24.5,8.25,1928,426,0.0,7,53.45788043478261,74.0,15.0,0.26,29.15,41.868142,-87.696269,7,50340.49199531433,80.0,1.0125927372120265,15.0,89.0,70.5,7.0,5.400000000000004,17.364213197969544,0.1851844982428733,63.621046466224136,0,0,0,1,0,0,0
5122,54120,89.0,70.5,80.0,5.4,24.5,8.25,1928,426,0.0,7,53.45788043478261,74.0,15.0,0.26,29.15,41.867108,-87.654224,7,50341.22974819441,80.0,1.0123950810072224,15.0,89.0,70.5,7.0,5.400000000000004,17.365606090181533,0.1851991020886194,63.62307241850478,0,1,0,0,0,0,0
5123,54120,89.0,70.5,80.0,5.4,24.5,8.25,1928,426,0.0,7,53.45788043478261,74.0,15.0,0.26,29.15,41.867108,-87.654224,7,50341.967213114745,80.0,1.0121975019516003,15.0,89.0,70.5,7.0,5.400000000000004,17.36699843871975,0.18521370023419148,63.62509758001561,0,0,1,0,0,0,0
5124,54120,89.0,70.5,80.0,5.4,24.5,8.25,1928,426,0.0,7,53.45788043478261,74.0,15.0,0.26,29.15,41.867108,-87.654224,7,50342.704390243896,80.0,1.012,15.0,89.0,70.5,7.0,5.400000000000004,17.36839024390244,0.18522829268292626,63.62712195121952,0,0,0,1,0,0,0
5125,54120,89.0,70.5,80.0,5.4,24.5,8.25,1928,426,0.0,7,53.45788043478261,74.0,15.0,0.26,29.15,41.867108,-87.654224,7,50343.441279750296,80.0,1.0118025751072959,15.0,89.0,70.5,7.0,5.400000000000004,17.369781506047598,0.18524287943815784,63.62914553257901,0,0,0,0,0,0,1
5126,54120,89.0,70.5,80.0,5.4,24.5,8.25,1928,426,0.0,7,53.45788043478261,74.0,15.0,0.26,29.15,41.896282,-87.655232,7,50344.177881802214,80.0,1.0116052272283986,15.0,89.0,70.5,7.0,5.400000000000004,17.371172225472986,0.1852574605032177,63.63116832455628,0,0,0,1,0,0,0
5127,54120,89.0,70.5,80.0,5.4,24.5,8.25,1928,426,0.0,7,53.45788043478261,74.0,15.0,0.26,29.15,41.921965,-87.632085,7,50344.914196567865,80.0,1.0114079563182528,15.0,89.0,70.5,7.0,5.400000000000004,17.3725624024961,0.18527203588143468,63.63319032761311,0,0,1,0,0,0,0
5128,54120,89.0,70.5,80.0,5.4,24.5,8.25,1928,426,0.0,7,53.45788043478261,74.0,15.0,0.26,29.15,41.921965,-87.632085,7,50345.65022421526,80.0,1.0112107623318385,15.0,89.0,70.5,7.0,5.400000000000004,17.373952037434197,0.18528660557613516,63.63521154221096,0,0,0,1,0,0,0
5129,54120,89.0,70.5,80.0,5.4,24.5,8.25,1928,426,0.0,7,53.45788043478261,74.0,15.0,0.26,29.15,41.801179,-87.679447,7,50346.38596491228,80.0,1.0110136452241716,15.0,89.0,70.5,7.0,5.400000000000004,17.375341130604287,0.18530116959064272,63.63723196881092,0,0,1,0,0,0,0
5130,54120,89.0,70.5,80.0,5.4,24.5,8.25,1928,426,0.0,7,53.45788043478261,74.0,15.0,0.26,29.15,41.801179,-87.679447,7,50347.12141882674,80.0,1.010816604950302,15.0,89.0,70.5,7.0,5.400000000000004,17.376729682323134,0.18531572792827847,63.63925160787371,0,0,0,1,0,0,0
5131,54120,89.0,70.5,80.0,5.4,24.5,8.25,1928,426,0.0,7,53.45788043478261,74.0,15.0,0.26,29.15,41.82561,-87.726549,7,50347.85658612627,80.0,1.0106196414653157,15.0,89.0,70.5,7.0,5.400000000000004,17.37811769290725,0.1853302805923611,63.641270459859705,0,0,1,0,0,0,0
5132,54120,89.0,70.5,80.0,5.4,24.5,8.25,1928,426,0.0,7,53.45788043478261,74.0,15.0,0.26,29.15,41.82561,-87.726549,7,50348.59146697837,80.0,1.0104227547243327,15.0,89.0,70.5,7.0,5.400000000000004,17.379505162672903,0.18534482758620632,63.64328852522891,0,0,0,1,0,0,0
5133,54120,89.0,70.5,80.0,5.4,24.5,8.25,1928,426,0.0,7,53.45788043478261,74.0,15.0,0.26,29.15,41.778297,-87.752411,7,50349.32606155045,80.0,1.0102259446825088,15.0,89.0,70.5,7.0,5.400000000000004,17.380892091936108,0.1853593689131276,63.64530580444097,0,0,1,0,0,0,0
5134,54120,89.0,70.5,80.0,5.4,24.5,8.25,1928,426,0.0,7,53.45788043478261,74.0,15.0,0.26,29.15,41.778297,-87.752411,7,50350.06037000973,80.0,1.010029211295034,15.0,89.0,70.5,7.0,5.400000000000004,17.38227848101266,0.18537390457643568,63.647322297955206,0,0,0,1,0,0,0
5135,54120,89.0,70.5,80.0,5.4,24.5,8.25,1928,426,0.0,7,53.45788043478261,74.0,15.0,0.26,29.15,41.773215,-87.60088,7,50350.794392523356,80.0,1.009832554517134,15.0,89.0,70.5,7.0,5.400000000000004,17.383664330218068,0.18538843457943868,63.649338006230536,0,0,0,1,0,0,0
5136,54120,89.0,70.5,80.0,5.4,24.5,8.25,1928,426,0.0,7,53.45788043478261,74.0,15.0,0.26,29.15,41.822536,-87.66634300000004,7,50351.52812925832,80.0,1.0096359743040686,15.0,89.0,70.5,7.0,5.400000000000004,17.385049639867628,0.18540295892544228,63.651352929725526,0,0,0,1,0,0,0
5137,54120,89.0,70.5,80.0,5.4,24.5,8.25,1928,426,0.0,7,53.45788043478261,74.0,15.0,0.26,29.15,41.754676,-87.612922,7,50352.26158038146,80.0,1.0094394706111327,15.0,89.0,70.5,7.0,5.400000000000004,17.386434410276372,0.18541747761774952,63.65336706889841,0,0,1,0,0,0,0
5138,54120,89.0,70.5,80.0,5.4,24.5,8.25,1928,426,0.0,7,53.45788043478261,74.0,15.0,0.26,29.15,41.754676,-87.612922,7,50352.99474605954,80.0,1.0092430433936563,15.0,89.0,70.5,7.0,5.400000000000004,17.387818641759097,0.1854319906596608,63.655380424207046,0,0,0,0,0,0,1
5139,54120,89.0,70.5,80.0,5.4,24.5,8.25,1928,426,0.0,7,53.45788043478261,74.0,15.0,0.26,29.15,41.821582,-87.62779599999998,7,50353.72762645914,80.0,1.009046692607004,15.0,89.0,70.5,7.0,5.400000000000004,17.389202334630347,0.1854464980544741,63.65739299610895,0,0,0,1,0,0,0
5140,54120,89.0,70.5,80.0,5.4,24.5,8.25,1928,426,0.0,7,53.45788043478261,74.0,15.0,0.26,29.15,41.803423,-87.642984,7,50354.46022174674,80.0,1.0088504182065745,15.0,89.0,70.5,7.0,5.400000000000004,17.390585489204437,0.18546099980548472,63.65940478506128,0,0,1,0,0,0,0
5141,54120,89.0,70.5,80.0,5.4,24.5,8.25,1928,426,0.0,7,53.45788043478261,74.0,15.0,0.26,29.15,41.803423,-87.642984,7,50355.19253208868,80.0,1.0086542201478024,15.0,89.0,70.5,7.0,5.400000000000004,17.39196810579541,0.18547549591598544,63.66141579152082,0,0,0,1,0,0,0
5142,54120,89.0,70.5,80.0,5.4,24.5,8.25,1928,426,0.0,7,53.45788043478261,74.0,15.0,0.26,29.15,41.754292,-87.590773,7,50355.924557651175,80.0,1.0084580983861557,15.0,89.0,70.5,7.0,5.400000000000004,17.39335018471709,0.1854899863892664,63.663426015944005,0,0,0,1,0,0,0
5143,54120,89.0,70.5,80.0,5.4,24.5,8.25,1928,426,0.0,7,53.45788043478261,74.0,15.0,0.26,29.15,41.723195,-87.64997,7,50356.65629860031,80.0,1.0082620528771384,15.0,89.0,70.5,7.0,5.400000000000004,17.394731726283048,0.18550447122861527,63.66543545878694,0,0,1,0,0,0,0
5144,54120,89.0,70.5,80.0,5.4,24.5,8.25,1928,426,0.0,7,53.45788043478261,74.0,15.0,0.26,29.15,41.868077,-87.666901,7,50357.38775510204,80.0,1.0080660835762876,15.0,89.0,70.5,7.0,5.400000000000004,17.396112730806607,0.1855189504373172,63.667444120505344,0,0,1,0,0,0,0
5145,54120,89.0,70.5,80.0,5.4,24.5,8.25,1928,426,0.0,7,53.45788043478261,74.0,15.0,0.26,29.15,41.868077,-87.666901,7,50358.11892732219,80.0,1.007870190439176,15.0,89.0,70.5,7.0,5.400000000000004,17.397493198600856,0.18553342401865466,63.6694520015546,0,0,0,1,0,0,0
5146,54120,89.0,70.5,80.0,5.4,24.5,8.25,1928,426,0.0,7,53.45788043478261,74.0,15.0,0.26,29.15,41.720848,-87.666014,7,50358.84981542647,80.0,1.0076743734214106,15.0,89.0,70.5,7.0,5.400000000000004,17.39887312997863,0.1855478919759077,63.67145910238975,0,0,1,0,0,0,0
5147,54120,89.0,70.5,80.0,5.4,24.5,8.25,1928,426,0.0,7,53.45788043478261,74.0,15.0,0.26,29.15,41.720848,-87.666014,7,50359.58041958042,80.0,1.0074786324786325,15.0,89.0,70.5,7.0,5.400000000000004,17.400252525252526,0.1855623543123537,63.67346542346542,0,0,0,1,0,0,0
5148,54120,89.0,70.5,80.0,5.4,24.5,8.25,1928,426,0.0,7,53.45788043478261,74.0,15.0,0.26,29.15,41.704336,-87.70373599999998,7,50360.31073994951,80.0,1.0072829675665178,15.0,89.0,70.5,7.0,5.400000000000004,17.4016313847349,0.1855768110312676,63.67547096523597,0,0,0,1,0,0,0
5149,54120,89.0,70.5,80.0,5.4,24.5,8.25,1928,426,0.0,7,53.45788043478261,74.0,15.0,0.26,29.15,41.733643,-87.55551,7,50361.04077669903,80.0,1.0070873786407768,15.0,89.0,70.5,7.0,5.400000000000004,17.403009708737866,0.18559126213592173,63.67747572815534,0,0,1,0,0,0,0
5150,54120,89.0,70.5,80.0,5.4,24.5,8.25,1928,426,0.0,7,53.45788043478261,74.0,15.0,0.26,29.15,41.750498,-87.605294,7,50361.77052999417,80.0,1.006891865657154,15.0,89.0,70.5,7.0,5.400000000000004,17.404387497573286,0.1856057076295859,63.67947971267714,0,0,1,0,0,0,0
5151,54120,89.0,70.5,80.0,5.4,24.5,8.25,1928,426,0.0,7,53.45788043478261,74.0,15.0,0.26,29.15,41.750498,-87.605294,7,50362.5,80.0,1.0066964285714286,15.0,89.0,70.5,7.0,5.400000000000004,17.405764751552795,0.18562014751552736,63.681482919254655,0,0,0,1,0,0,0
5152,54120,89.0,70.5,80.0,5.4,24.5,8.25,1928,426,0.0,7,53.45788043478261,74.0,15.0,0.26,29.15,41.798697,-87.736812,7,50363.229186881435,80.0,1.0065010673394141,15.0,89.0,70.5,7.0,5.400000000000004,17.407141470987774,0.18563458179701084,63.68348534834077,0,1,0,0,0,0,0
5153,54120,89.0,70.5,80.0,5.4,24.5,8.25,1928,426,0.0,7,53.45788043478261,74.0,15.0,0.26,29.15,41.798697,-87.736812,7,50363.95809080326,80.0,1.0063057819169576,15.0,89.0,70.5,7.0,5.400000000000004,17.408517656189368,0.18564901047729854,63.68548700038805,0,0,1,0,0,0,0
5154,54120,89.0,70.5,80.0,5.4,24.5,8.25,1928,426,0.0,7,53.45788043478261,74.0,15.0,0.26,29.15,41.798697,-87.736812,7,50364.68671193017,80.0,1.0061105722599415,15.0,89.0,70.5,7.0,5.400000000000004,17.409893307468472,0.1856634335596502,63.68748787584868,0,0,0,1,0,0,0
5155,54120,89.0,70.5,80.0,5.4,24.5,8.25,1928,426,0.0,7,53.45788043478261,74.0,15.0,0.26,29.15,41.673408,-87.599862,7,50365.41505042669,80.0,1.0059154383242823,15.0,89.0,70.5,7.0,5.400000000000004,17.411268425135766,0.1856778510473229,63.68948797517455,0,0,1,0,0,0,0
5156,54120,89.0,70.5,80.0,5.4,24.5,8.25,1928,426,0.0,7,53.45788043478261,74.0,15.0,0.26,29.15,41.673408,-87.599862,7,50366.143106457246,80.0,1.0057203800659298,15.0,89.0,70.5,7.0,5.400000000000004,17.412643009501647,0.1856922629435712,63.69148729881714,0,0,0,1,0,0,0
5157,54120,89.0,70.5,80.0,5.4,24.5,8.25,1928,426,0.0,7,53.45788043478261,74.0,15.0,0.26,29.15,41.704572,-87.56566600000002,7,50366.87088018612,80.0,1.0055253974408689,15.0,89.0,70.5,7.0,5.400000000000004,17.414017060876308,0.1857066692516473,63.69348584722761,0,0,1,0,0,0,0
5158,54120,89.0,70.5,80.0,5.4,24.5,8.25,1928,426,0.0,7,53.45788043478261,74.0,15.0,0.26,29.15,41.704572,-87.56566600000002,7,50367.59837177748,80.0,1.0053304904051172,15.0,89.0,70.5,7.0,5.400000000000004,17.415390579569685,0.1857210699748007,63.69548362085676,0,0,0,1,0,0,0
5159,54120,89.0,70.5,80.0,5.4,24.5,8.25,1928,426,0.0,7,53.45788043478261,74.0,15.0,0.26,29.15,41.662014,-87.72460799999998,7,50368.32558139535,80.0,1.005135658914729,15.0,89.0,70.5,7.0,5.400000000000004,17.416763565891472,0.18573546511627845,63.69748062015504,0,0,1,0,0,0,0
5160,54120,89.0,70.5,80.0,5.4,24.5,8.25,1928,426,0.0,7,53.45788043478261,74.0,15.0,0.26,29.15,41.662014,-87.72460799999998,7,50369.05250920363,80.0,1.0049409029257896,15.0,89.0,70.5,7.0,5.400000000000004,17.418136020151135,0.1857498546793251,63.69947684557257,0,0,0,1,0,0,0
5161,54120,89.0,70.5,80.0,5.4,24.5,8.25,1928,426,0.0,7,53.45788043478261,74.0,15.0,0.26,29.15,41.662014,-87.72460799999998,7,50369.77915536613,80.0,1.0047462223944208,15.0,89.0,70.5,7.0,5.400000000000004,17.419507942657887,0.18576423866718264,63.70147229755909,0,0,0,0,0,0,1
5162,54120,89.0,70.5,80.0,5.4,24.5,8.25,1928,426,0.0,7,53.45788043478261,74.0,15.0,0.26,29.15,41.72646500000001,-87.585413,7,50370.505520046485,80.0,1.004551617276777,15.0,89.0,70.5,7.0,5.400000000000004,17.420879333720706,0.1857786170830906,63.70346697656402,0,0,1,0,0,0,0
5163,54120,89.0,70.5,80.0,5.4,24.5,8.25,1928,426,0.0,7,53.45788043478261,74.0,15.0,0.26,29.15,41.72646500000001,-87.585413,7,50371.23160340821,80.0,1.0043570875290473,15.0,89.0,70.5,7.0,5.400000000000004,17.422250193648335,0.185792989930286,63.7054608830364,0,0,0,1,0,0,0
5164,54120,89.0,70.5,80.0,5.4,24.5,8.25,1928,426,0.0,7,53.45788043478261,74.0,15.0,0.26,29.15,41.72646500000001,-87.585413,7,50371.95740561472,80.0,1.004162633107454,15.0,89.0,70.5,7.0,5.400000000000004,17.423620522749275,0.18580735721200325,63.70745401742497,0,0,0,0,0,0,1
5165,54120,89.0,70.5,80.0,5.4,24.5,8.25,1928,426,0.0,7,53.45788043478261,74.0,15.0,0.26,29.15,41.94016,-87.794896,7,50372.682926829264,80.0,1.003968253968254,15.0,89.0,70.5,7.0,5.400000000000004,17.424990321331784,0.1858217189314744,63.709446380178086,0,0,0,1,0,0,0
5166,54120,89.0,70.5,80.0,5.4,24.5,8.25,1928,426,0.0,7,53.45788043478261,74.0,15.0,0.26,29.15,41.878114,-87.629798,7,50373.40816721502,80.0,1.0037739500677376,15.0,89.0,70.5,7.0,5.400000000000004,17.426359589703893,0.18583607509192893,63.711437971743756,0,0,1,0,0,0,0
5167,54120,89.0,70.5,80.0,5.4,24.5,8.25,1928,426,0.0,7,53.45788043478261,74.0,15.0,0.26,29.15,41.878114,-87.629798,7,50374.13312693498,80.0,1.003579721362229,15.0,89.0,70.5,7.0,5.400000000000004,17.427728328173373,0.1858504256965938,63.71342879256966,0,0,0,1,0,0,0
5168,54120,89.0,70.5,80.0,5.4,24.5,8.25,1928,426,0.0,7,53.45788043478261,74.0,15.0,0.26,29.15,41.932094,-87.700117,7,50374.85780615206,80.0,1.0033855678080867,15.0,89.0,70.5,7.0,5.400000000000004,17.429096537047783,0.1858647707486935,63.715418843103116,0,0,1,0,0,0,0
5169,54120,89.0,70.5,80.0,5.4,24.5,8.25,1928,426,0.0,7,53.45788043478261,74.0,15.0,0.26,29.15,41.932094,-87.700117,7,50375.582205029015,80.0,1.0031914893617022,15.0,89.0,70.5,7.0,5.400000000000004,17.43046421663443,0.18587911025145004,63.7174081237911,0,0,0,1,0,0,0
5170,54120,89.0,70.5,80.0,5.4,24.5,8.25,1928,426,0.0,7,53.45788043478261,74.0,15.0,0.26,29.15,42.01743,-87.68776899999996,7,50376.30632372849,80.0,1.002997485979501,15.0,89.0,70.5,7.0,5.400000000000004,17.431831367240378,0.1858934442080829,63.71939663508026,0,0,1,0,0,0,0
5171,54120,89.0,70.5,80.0,5.4,24.5,8.25,1928,426,0.0,7,53.45788043478261,74.0,15.0,0.26,29.15,42.01743,-87.68776899999996,7,50377.030162412986,80.0,1.0028035576179428,15.0,89.0,70.5,7.0,5.400000000000004,17.433197989172466,0.1859077726218091,63.72138437741686,0,0,0,1,0,0,0
5172,54120,89.0,70.5,80.0,5.4,24.5,8.25,1928,426,0.0,7,53.45788043478261,74.0,15.0,0.26,29.15,41.916265,-87.800515,7,50377.75372124493,80.0,1.0026097042335202,15.0,89.0,70.5,7.0,5.400000000000004,17.43456408273729,0.18592209549584315,63.72337135124686,0,0,1,0,0,0,0
5173,54120,89.0,70.5,80.0,5.4,24.5,8.25,1928,426,0.0,7,53.45788043478261,74.0,15.0,0.26,29.15,41.916265,-87.800515,7,50378.477000386556,80.0,1.00241592578276,15.0,89.0,70.5,7.0,5.400000000000004,17.435929648241206,0.18593641283339712,63.72535755701585,0,0,0,1,0,0,0
5174,54120,89.0,70.5,80.0,5.4,24.5,8.25,1928,426,0.0,7,53.45788043478261,74.0,15.0,0.26,29.15,41.916265,-87.800515,7,50379.2,80.0,1.002222222222222,15.0,89.0,70.5,7.0,5.400000000000004,17.437294685990338,0.1859507246376805,63.727342995169074,0,0,0,0,1,0,0
5175,54120,89.0,70.5,80.0,5.4,24.5,8.25,1928,426,0.0,7,53.45788043478261,74.0,15.0,0.26,29.15,41.846075,-87.716277,7,50379.922720247305,80.0,1.0020285935085007,15.0,89.0,70.5,7.0,5.400000000000004,17.438659196290573,0.18596503091190045,63.72932766615147,0,0,1,0,0,0,0
5176,54120,89.0,70.5,80.0,5.4,24.5,8.25,1928,426,0.0,7,53.45788043478261,74.0,15.0,0.26,29.15,41.776156,-87.778927,7,50380.64516129033,80.0,1.001835039598223,15.0,89.0,70.5,7.0,5.400000000000004,17.440023179447557,0.18597933165926148,63.73131157040757,0,0,0,1,0,0,0
5177,54120,89.0,70.5,80.0,5.4,24.5,8.25,1928,426,0.0,7,53.45788043478261,74.0,15.0,0.26,29.15,41.903002,-87.68826700000002,7,50381.36732329085,80.0,1.0016415604480495,15.0,89.0,70.5,7.0,5.400000000000004,17.441386635766705,0.18599362688296572,63.733294708381614,0,0,1,0,0,0,0
5178,54120,89.0,70.5,80.0,5.4,24.5,8.25,1928,426,0.0,7,53.45788043478261,74.0,15.0,0.26,29.15,41.903002,-87.68826700000002,7,50382.08920641051,80.0,1.0014481560146746,15.0,89.0,70.5,7.0,5.400000000000004,17.442749565553196,0.1860079165862129,63.73527708051747,0,0,0,1,0,0,0
5179,54120,89.0,70.5,80.0,5.4,24.5,8.25,1928,426,0.0,7,53.45788043478261,74.0,15.0,0.26,29.15,41.903002,-87.68826700000002,7,50382.81081081081,80.0,1.0012548262548262,15.0,89.0,70.5,7.0,5.400000000000004,17.444111969111972,0.1860222007722001,63.737258687258695,0,0,0,0,0,0,1
5180,54120,89.0,70.5,80.0,5.4,24.5,8.25,1928,426,0.0,7,53.45788043478261,74.0,15.0,0.26,29.15,41.678618,-87.559308,7,50383.532136653164,80.0,1.0010615711252655,15.0,89.0,70.5,7.0,5.400000000000004,17.44547384674773,0.1860364794441221,63.739239529048454,0,0,1,0,0,0,0
5181,54120,89.0,70.5,80.0,5.4,24.5,8.25,1928,426,0.0,7,53.45788043478261,74.0,15.0,0.26,29.15,41.678618,-87.559308,7,50384.2531840988,80.0,1.0008683905827866,15.0,89.0,70.5,7.0,5.400000000000004,17.446835198764955,0.1860507526051711,63.7412196063296,0,0,0,1,0,0,0
5182,54120,89.0,70.5,80.0,5.4,24.5,8.25,1928,426,0.0,7,53.45788043478261,74.0,15.0,0.26,29.15,41.678618,-87.559308,7,50384.973953308894,80.0,1.0006752845842175,15.0,89.0,70.5,7.0,5.400000000000004,17.448196025467876,0.18606502025853688,63.74319891954467,0,0,0,0,0,0,1
5183,54120,89.0,70.5,80.0,5.4,24.5,8.25,1928,426,0.0,7,53.45788043478261,74.0,15.0,0.26,29.15,41.740641,-87.546587,7,50385.694444444445,80.0,1.0004822530864197,15.0,89.0,70.5,7.0,5.400000000000004,17.449556327160494,0.1860792824074068,63.74517746913581,0,0,0,1,0,0,0
5184,54120,89.0,70.5,80.0,5.4,24.5,8.25,1928,426,0.0,7,53.45788043478261,74.0,15.0,0.26,29.15,41.680946,-87.535198,7,50386.41465766635,80.0,1.0002892960462877,15.0,89.0,70.5,7.0,5.400000000000004,17.450916104146575,0.1860935390549656,63.74715525554485,0,0,1,0,0,0,0
5185,54120,89.0,70.5,80.0,5.4,24.5,8.25,1928,426,0.0,7,53.45788043478261,74.0,15.0,0.26,29.15,41.680946,-87.535198,7,50387.134593135364,80.0,1.0000964134207482,15.0,89.0,70.5,7.0,5.400000000000004,17.452275356729658,0.1861077902043958,63.749132279213256,0,0,0,1,0,0,0
5186,54120,89.0,70.5,80.0,5.4,24.5,8.25,1928,426,0.0,7,53.45788043478261,74.0,15.0,0.26,29.15,41.680946,-87.535198,7,50387.85425101215,80.0,0.9999036051667629,15.0,89.0,70.5,7.0,5.400000000000004,17.453634085213036,0.1861220358588773,63.751108540582216,0,0,0,0,0,0,1
5187,54120,89.0,70.5,80.0,5.4,24.5,8.25,1928,426,0.0,7,53.45788043478261,74.0,15.0,0.26,29.15,41.948167,-87.730698,7,50388.573631457206,80.0,0.9997108712413262,15.0,89.0,70.5,7.0,5.400000000000004,17.454992289899767,0.1861362760215876,63.75308404009254,0,0,1,0,0,0,0
5188,54120,89.0,70.5,80.0,5.4,24.5,8.25,1928,426,0.0,7,53.45788043478261,74.0,15.0,0.26,29.15,41.948167,-87.730698,7,50389.292734630944,80.0,0.9995182116014646,15.0,89.0,70.5,7.0,5.400000000000004,17.456349971092695,0.1861505106957018,63.75505877818461,0,0,0,1,0,0,0
5189,54120,89.0,70.5,80.0,5.4,24.5,8.25,1928,426,0.0,7,53.45788043478261,74.0,15.0,0.26,29.15,41.963976,-87.69181,7,50390.01156069365,80.0,0.9993256262042388,15.0,89.0,70.5,7.0,5.400000000000004,17.457707129094413,0.1861647398843924,63.75703275529865,0,0,0,1,0,0,0
5190,54120,89.0,70.5,80.0,5.4,24.5,8.25,1928,426,0.0,7,53.45788043478261,74.0,15.0,0.26,29.15,41.659112,-87.53869300000002,7,50390.73010980543,80.0,0.9991331150067424,15.0,89.0,70.5,7.0,5.400000000000004,17.459063764207283,0.1861789635908296,63.7590059718744,0,0,1,0,0,0,0
5191,54120,89.0,70.5,80.0,5.4,24.5,8.25,1928,426,0.0,7,53.45788043478261,74.0,15.0,0.26,29.15,41.659112,-87.53869300000002,7,50391.44838212635,80.0,0.9989406779661016,15.0,89.0,70.5,7.0,5.400000000000004,17.460419876733436,0.18619318181818115,63.760978428351315,0,0,0,1,0,0,0
5192,54120,89.0,70.5,80.0,5.4,24.5,8.25,1928,426,0.0,7,53.45788043478261,74.0,15.0,0.26,29.15,41.973845,-87.805059,7,50392.16637781629,80.0,0.9987483150394764,15.0,89.0,70.5,7.0,5.400000000000004,17.461775466974775,0.18620739456961227,63.7629501251685,0,0,1,0,0,0,0
5193,54120,89.0,70.5,80.0,5.4,24.5,8.25,1928,426,0.0,7,53.45788043478261,74.0,15.0,0.26,29.15,41.973845,-87.805059,7,50392.884097035036,80.0,0.9985560261840584,15.0,89.0,70.5,7.0,5.400000000000004,17.46313053523296,0.18622160184828584,63.76492106276473,0,0,0,1,0,0,0
5194,54120,89.0,70.5,80.0,5.4,24.5,8.25,1928,426,0.0,7,53.45788043478261,74.0,15.0,0.26,29.15,41.94722700000001,-87.67145699999998,7,50393.601539942254,80.0,0.998363811357074,15.0,89.0,70.5,7.0,5.400000000000004,17.464485081809432,0.18623580365736214,63.766891241578435,0,0,1,0,0,0,0
5195,54120,89.0,70.5,80.0,5.4,24.5,8.25,1928,426,0.0,7,53.45788043478261,74.0,15.0,0.26,29.15,41.94722700000001,-87.67145699999998,7,50394.318706697464,80.0,0.9981716705157814,15.0,89.0,70.5,7.0,5.400000000000004,17.46583910700539,0.18624999999999933,63.76886066204773,0,0,0,1,0,0,0
5196,54120,89.0,70.5,80.0,5.4,24.5,8.25,1928,426,0.0,7,53.45788043478261,74.0,15.0,0.26,29.15,41.743402,-87.731435,7,50395.035597460075,80.0,0.9979796036174716,15.0,89.0,70.5,7.0,5.400000000000004,17.467192611121806,0.1862641908793528,63.77082932461035,0,0,1,0,0,0,0
5197,54120,89.0,70.5,80.0,5.4,24.5,8.25,1928,426,0.0,7,53.45788043478261,74.0,15.0,0.26,29.15,41.743402,-87.731435,7,50395.75221238939,80.0,0.9977876106194692,15.0,89.0,70.5,7.0,5.400000000000004,17.468545594459407,0.1862783762985757,63.77279722970372,0,0,0,1,0,0,0
5198,54120,89.0,70.5,80.0,5.4,24.5,8.25,1928,426,0.0,7,53.45788043478261,74.0,15.0,0.26,29.15,41.743402,-87.731435,7,50396.46855164455,80.0,0.9975956914791306,15.0,89.0,70.5,7.0,5.400000000000004,17.469898057318712,0.1862925562608187,63.77476437776495,0,0,0,0,1,0,0
5199,54120,89.0,70.5,80.0,5.4,24.5,8.25,1928,426,0.0,7,53.45788043478261,74.0,15.0,0.26,29.15,41.793818,-87.654234,7,50397.18461538461,80.0,0.997403846153846,15.0,89.0,70.5,7.0,5.400000000000004,17.47125,0.18630673076923007,63.776730769230774,0,0,1,0,0,0,0
5200,54120,89.0,70.5,80.0,5.4,24.5,8.25,1928,426,0.0,7,53.45788043478261,74.0,15.0,0.26,29.15,41.793818,-87.654234,7,50397.900403768515,80.0,0.9972120746010382,15.0,89.0,70.5,7.0,5.400000000000004,17.472601422803308,0.18632089982695565,63.77869640453759,0,0,0,1,0,0,0
5201,54120,89.0,70.5,80.0,5.4,24.5,8.25,1928,426,0.0,7,53.45788043478261,74.0,15.0,0.26,29.15,41.793818,-87.654234,7,50398.61591695502,80.0,0.9970203767781622,15.0,89.0,70.5,7.0,5.400000000000004,17.47395232602845,0.18633506343713888,63.78066128412149,0,0,0,0,0,0,1
5202,54120,89.0,70.5,80.0,5.4,24.5,8.25,1928,426,0.0,7,53.45788043478261,74.0,15.0,0.26,29.15,41.728495,-87.60096300000002,7,50399.33115510281,80.0,0.996828752642706,15.0,89.0,70.5,7.0,5.400000000000004,17.475302709975015,0.1863492216029207,63.78262540841822,0,0,0,1,0,0,0
5203,54120,89.0,70.5,80.0,5.4,24.5,8.25,1928,426,0.0,7,53.45788043478261,74.0,15.0,0.26,29.15,41.951866,-87.72505699999998,7,50400.046118370476,80.0,0.9966372021521906,15.0,89.0,70.5,7.0,5.400000000000004,17.47665257494235,0.1863633743274397,63.784588777863185,0,0,1,0,0,0,0
5204,54120,89.0,70.5,80.0,5.4,24.5,8.25,1928,426,0.0,7,53.45788043478261,74.0,15.0,0.26,29.15,41.951866,-87.72505699999998,7,50400.760806916434,80.0,0.9964457252641692,15.0,89.0,70.5,7.0,5.400000000000004,17.478001921229588,0.18637752161383214,63.78655139289146,0,0,0,1,0,0,0
5205,54120,89.0,70.5,80.0,5.4,24.5,8.25,1928,426,0.0,7,53.45788043478261,74.0,15.0,0.26,29.15,41.904194,-87.756155,7,50401.47522089897,80.0,0.9962543219362274,15.0,89.0,70.5,7.0,5.400000000000004,17.479350749135612,0.18639166346523173,63.78851325393777,0,0,1,0,0,0,0
5206,54120,89.0,70.5,80.0,5.4,24.5,8.25,1928,426,0.0,7,53.45788043478261,74.0,15.0,0.26,29.15,41.904194,-87.756155,7,50402.18936047628,80.0,0.9960629921259844,15.0,89.0,70.5,7.0,5.400000000000004,17.48069905895909,0.1864057998847698,63.79047436143653,0,0,0,1,0,0,0
5207,54120,89.0,70.5,80.0,5.4,24.5,8.25,1928,426,0.0,7,53.45788043478261,74.0,15.0,0.26,29.15,41.98728,-87.666066,7,50402.90322580645,80.0,0.9958717357910908,15.0,89.0,70.5,7.0,5.400000000000004,17.482046850998465,0.18641993087557532,63.79243471582181,0,0,1,0,0,0,0
5208,54120,89.0,70.5,80.0,5.4,24.5,8.25,1928,426,0.0,7,53.45788043478261,74.0,15.0,0.26,29.15,41.98728,-87.666066,7,50403.61681704742,80.0,0.9956805528892302,15.0,89.0,70.5,7.0,5.400000000000004,17.48339412555193,0.18643405644077488,63.79439431752736,0,0,0,1,0,0,0
5209,54120,89.0,70.5,80.0,5.4,24.5,8.25,1928,426,0.0,7,53.45788043478261,74.0,15.0,0.26,29.15,41.912563,-87.66805500000002,7,50404.33013435701,80.0,0.9954894433781191,15.0,89.0,70.5,7.0,5.400000000000004,17.484740882917468,0.18644817658349255,63.79635316698656,0,0,1,0,0,0,0
5210,54120,89.0,70.5,80.0,5.4,24.5,8.25,1928,426,0.0,7,53.45788043478261,74.0,15.0,0.26,29.15,41.912563,-87.66805500000002,7,50405.04317789292,80.0,0.9952984072155056,15.0,89.0,70.5,7.0,5.400000000000004,17.486087123392824,0.1864622913068502,63.79831126463251,0,0,0,1,0,0,0
5211,54120,89.0,70.5,80.0,5.4,24.5,8.25,1928,426,0.0,7,53.45788043478261,74.0,15.0,0.26,29.15,41.776428,-87.627096,7,50405.75594781274,80.0,0.9951074443591712,15.0,89.0,70.5,7.0,5.400000000000004,17.487432847275514,0.18647640061396706,63.80026861089793,0,0,0,1,0,0,0
5212,54120,89.0,70.5,80.0,5.4,24.5,8.25,1928,426,0.0,7,53.45788043478261,74.0,15.0,0.26,29.15,41.974689,-87.890615,7,50406.46844427394,80.0,0.9949165547669288,15.0,89.0,70.5,7.0,5.400000000000004,17.48877805486284,0.18649050450796012,63.802225206215226,0,1,0,0,0,0,0
5213,54120,89.0,70.5,80.0,5.4,24.5,8.25,1928,426,0.0,7,53.45788043478261,74.0,15.0,0.26,29.15,41.974689,-87.890615,7,50407.18066743383,80.0,0.9947257383966244,15.0,89.0,70.5,7.0,5.400000000000004,17.49012274645186,0.18650460299194405,63.80418105101649,0,0,1,0,0,0,0
5214,54120,89.0,70.5,80.0,5.4,24.5,8.25,1928,426,0.0,7,53.45788043478261,74.0,15.0,0.26,29.15,41.974689,-87.890615,7,50407.89261744967,80.0,0.9945349952061362,15.0,89.0,70.5,7.0,5.400000000000004,17.491466922339402,0.18651869606903093,63.80613614573346,0,0,0,1,0,0,0
5215,54120,89.0,70.5,80.0,5.4,24.5,8.25,1928,426,0.0,7,53.45788043478261,74.0,15.0,0.26,29.15,41.957799,-87.930995,7,50408.60429447854,80.0,0.9943443251533742,15.0,89.0,70.5,7.0,5.400000000000004,17.492810582822088,0.18653278374233054,63.80809049079755,0,0,1,0,0,0,0
5216,54120,89.0,70.5,80.0,5.4,24.5,8.25,1928,426,0.0,7,53.45788043478261,74.0,15.0,0.26,29.15,41.957799,-87.930995,7,50409.315698677405,80.0,0.9941537281962812,15.0,89.0,70.5,7.0,5.400000000000004,17.49415372819628,0.1865468660149504,63.81004408663984,0,0,0,1,0,0,0
5217,53820,86.5,70.5,79.0,5.8000000000000025,9.5,6.75,1926,429,0.0,5,53.45788043478261,66.5,14.0,0.0,29.3,41.95469,-87.800991,7,50409.969336910704,80.0,0.9939632042928324,15.0,89.0,70.5,7.0,5.400000000000004,17.492621694135686,0.1865111153698728,63.81055960137984,0,0,1,0,0,0,0
5218,53820,86.5,70.5,79.0,5.8000000000000025,9.5,6.75,1926,429,0.0,5,53.45788043478261,66.5,14.0,0.0,29.3,41.95469,-87.800991,7,50410.622724659894,80.0,0.9937727534010348,15.0,89.0,70.5,7.0,5.400000000000004,17.491090247173787,0.1864753784249849,63.81107491856677,0,0,0,1,0,0,0
5219,53820,86.5,70.5,79.0,5.8000000000000025,9.5,6.75,1926,429,0.0,5,53.45788043478261,66.5,14.0,0.0,29.3,41.964242,-87.757639,7,50411.275862068964,80.0,0.9935823754789272,15.0,89.0,70.5,7.0,5.400000000000004,17.48955938697318,0.1864396551724131,63.81159003831418,0,1,0,0,0,0,0
5220,53820,86.5,70.5,79.0,5.8000000000000025,9.5,6.75,1926,429,0.0,5,53.45788043478261,66.5,14.0,0.0,29.3,41.964242,-87.757639,7,50411.928749281746,80.0,0.9933920704845814,15.0,89.0,70.5,7.0,5.400000000000004,17.488029113196703,0.18640394560428966,63.812104960735496,0,0,1,0,0,0,0
5221,53820,86.5,70.5,79.0,5.8000000000000025,9.5,6.75,1926,429,0.0,5,53.45788043478261,66.5,14.0,0.0,29.3,41.964242,-87.757639,7,50412.581386441976,80.0,0.9932018383761012,15.0,89.0,70.5,7.0,5.400000000000004,17.486499425507468,0.18636824971275304,63.81261968594409,0,0,0,1,0,0,0
5222,53820,86.5,70.5,79.0,5.8000000000000025,9.5,6.75,1926,429,0.0,5,53.45788043478261,66.5,14.0,0.0,29.3,42.008314,-87.77792099999998,7,50413.23377369328,80.0,0.9930116791116216,15.0,89.0,70.5,7.0,5.400000000000004,17.48497032356883,0.1863325674899476,63.81313421405323,0,0,1,0,0,0,0
5223,53820,86.5,70.5,79.0,5.8000000000000025,9.5,6.75,1926,429,0.0,5,53.45788043478261,66.5,14.0,0.0,29.3,42.008314,-87.77792099999998,7,50413.88591117918,80.0,0.9928215926493108,15.0,89.0,70.5,7.0,5.400000000000004,17.48344180704441,0.18629689892802376,63.81364854517611,0,0,0,1,0,0,0
5224,53820,86.5,70.5,79.0,5.8000000000000025,9.5,6.75,1926,429,0.0,5,53.45788043478261,66.5,14.0,0.0,29.3,41.98196400000001,-87.812827,7,50414.53779904306,79.0,0.9926315789473684,14.0,86.5,70.5,5.0,5.400000000000004,17.481913875598085,0.18626124401913804,63.81416267942584,0,0,1,0,0,0,0
5225,53820,86.5,70.5,79.0,5.8000000000000025,9.5,6.75,1926,429,0.0,5,53.45788043478261,66.5,14.0,0.0,29.3,41.99247800000001,-87.862995,7,50415.18943742824,79.0,0.992441637964026,14.0,86.5,70.5,5.0,5.400000000000004,17.48038652889399,0.1862256027554528,63.81467661691543,0,0,1,0,0,0,0
5226,53820,86.5,70.5,79.0,5.8000000000000025,9.5,6.75,1926,429,0.0,5,53.45788043478261,66.5,14.0,0.0,29.3,41.98196400000001,-87.812827,7,50415.840826477914,79.0,0.9922517696575474,14.0,86.5,70.5,5.0,5.400000000000004,17.478859766596518,0.1861899751291365,63.815190357757785,0,0,0,1,0,0,0
5227,53820,86.5,70.5,79.0,5.8000000000000025,9.5,6.75,1926,429,0.0,5,53.45788043478261,66.5,14.0,0.0,29.3,41.99247800000001,-87.862995,7,50416.49196633512,79.0,0.992061973986228,14.0,86.5,70.5,5.0,5.400000000000004,17.477333588370314,0.18615436113236347,63.8157039020658,0,0,0,1,0,0,0
5228,53820,86.5,70.5,79.0,5.8000000000000025,9.5,6.75,1926,429,0.0,5,53.45788043478261,66.5,14.0,0.0,29.3,41.944869,-87.832763,7,50417.142857142855,79.0,0.9918722509083956,14.0,86.5,70.5,5.0,5.400000000000004,17.475807993880288,0.18611876075731426,63.81621724995218,0,1,0,0,0,0,0
5229,53820,86.5,70.5,79.0,5.8000000000000025,9.5,6.75,1926,429,0.0,5,53.45788043478261,66.5,14.0,0.0,29.3,41.944869,-87.832763,7,50417.793499043975,79.0,0.9916826003824092,14.0,86.5,70.5,5.0,5.400000000000004,17.474282982791586,0.1860831739961752,63.81673040152964,0,0,1,0,0,0,0
5230,53820,86.5,70.5,79.0,5.8000000000000025,9.5,6.75,1926,429,0.0,5,53.45788043478261,66.5,14.0,0.0,29.3,41.944869,-87.832763,7,50418.44389218122,79.0,0.9914930223666604,14.0,86.5,70.5,5.0,5.400000000000004,17.472758554769644,0.18604760084113864,63.817243356910716,0,0,0,1,0,0,0
5231,53820,86.5,70.5,79.0,5.8000000000000025,9.5,6.75,1926,429,0.0,5,53.45788043478261,66.5,14.0,0.0,29.3,41.991429,-87.747113,7,50419.09403669724,79.0,0.991303516819572,14.0,86.5,70.5,5.0,5.400000000000004,17.471234709480118,0.18601204128440296,63.81775611620795,0,0,1,0,0,0,0
5232,53820,86.5,70.5,79.0,5.8000000000000025,9.5,6.75,1926,429,0.0,5,53.45788043478261,66.5,14.0,0.0,29.3,41.923738,-87.785288,7,50419.74393273457,79.0,0.9911140836995987,14.0,86.5,70.5,5.0,5.400000000000004,17.469711446588956,0.1859764953181724,63.81826867953373,0,0,1,0,0,0,0
5233,53820,86.5,70.5,79.0,5.8000000000000025,9.5,6.75,1926,429,0.0,5,53.45788043478261,66.5,14.0,0.0,29.3,41.960616,-87.777189,7,50420.393580435615,79.0,0.9909247229652274,14.0,86.5,70.5,5.0,5.400000000000004,17.468188765762324,0.18594096293465728,63.81878104700039,0,0,1,0,0,0,0
5234,53820,86.5,70.5,79.0,5.8000000000000025,9.5,6.75,1926,429,0.0,5,53.45788043478261,66.5,14.0,0.0,29.3,41.960616,-87.777189,7,50421.042979942686,79.0,0.990735434574976,14.0,86.5,70.5,5.0,5.400000000000004,17.466666666666665,0.1859054441260738,63.81929321872016,0,0,0,1,0,0,0
5235,53820,86.5,70.5,79.0,5.8000000000000025,9.5,6.75,1926,429,0.0,5,53.45788043478261,66.5,14.0,0.0,29.3,42.010412,-87.66214000000002,7,50421.692131398006,79.0,0.9905462184873951,14.0,86.5,70.5,5.0,5.400000000000004,17.465145148968674,0.18586993888464406,63.819805194805205,0,0,0,1,0,0,0
5236,53820,86.5,70.5,79.0,5.8000000000000025,9.5,6.75,1926,429,0.0,5,53.45788043478261,66.5,14.0,0.0,29.3,41.98480900000001,-87.728492,7,50422.341034943674,79.0,0.9903570746610656,14.0,86.5,70.5,5.0,5.400000000000004,17.463624212335308,0.1858344472025962,63.820316975367575,0,0,1,0,0,0,0
5237,53820,86.5,70.5,79.0,5.8000000000000025,9.5,6.75,1926,429,0.0,5,53.45788043478261,66.5,14.0,0.0,29.3,41.98480900000001,-87.728492,7,50422.98969072165,79.0,0.990168003054601,14.0,86.5,70.5,5.0,5.400000000000004,17.462103856433753,0.18579896907216426,63.82082856051929,0,0,0,1,0,0,0
5238,53820,86.5,70.5,79.0,5.8000000000000025,9.5,6.75,1926,429,0.0,5,53.45788043478261,66.5,14.0,0.0,29.3,41.98480900000001,-87.728492,7,50423.63809887383,79.0,0.9899790036266464,14.0,86.5,70.5,5.0,5.400000000000004,17.460584080931476,0.18576350448558812,63.82133995037221,0,0,0,0,0,0,1
5239,53820,86.5,70.5,79.0,5.8000000000000025,9.5,6.75,1926,429,0.0,5,53.45788043478261,66.5,14.0,0.0,29.3,41.986921,-87.689778,7,50424.286259541994,79.0,0.989790076335878,14.0,86.5,70.5,5.0,5.400000000000004,17.459064885496186,0.18572805343511375,63.821851145038174,0,0,0,1,0,0,0
5240,53820,86.5,70.5,79.0,5.8000000000000025,9.5,6.75,1926,429,0.0,5,53.45788043478261,66.5,14.0,0.0,29.3,41.89923,-87.716788,7,50424.934172867775,79.0,0.9896012211410036,14.0,86.5,70.5,5.0,5.400000000000004,17.45754626979584,0.18569261591299302,63.82236214462889,0,0,1,0,0,0,0
5241,53820,86.5,70.5,79.0,5.8000000000000025,9.5,6.75,1926,429,0.0,5,53.45788043478261,66.5,14.0,0.0,29.3,41.89923,-87.716788,7,50425.58183899275,79.0,0.9894124380007632,14.0,86.5,70.5,5.0,5.400000000000004,17.456028233498664,0.18565719191148344,63.82287294925601,0,0,0,1,0,0,0
5242,53820,86.5,70.5,79.0,5.8000000000000025,9.5,6.75,1926,429,0.0,5,53.45788043478261,66.5,14.0,0.0,29.3,41.801498,-87.763416,7,50426.22925805837,79.0,0.9892237268739272,14.0,86.5,70.5,5.0,5.400000000000004,17.454510776273125,0.1856217814228488,63.82338355903109,0,0,1,0,0,0,0
5243,53820,86.5,70.5,79.0,5.8000000000000025,9.5,6.75,1926,429,0.0,5,53.45788043478261,66.5,14.0,0.0,29.3,41.801498,-87.763416,7,50426.87643020595,79.0,0.9890350877192984,14.0,86.5,70.5,5.0,5.400000000000004,17.452993897787948,0.18558638443935854,63.8238939740656,0,0,0,1,0,0,0
5244,53820,86.5,70.5,79.0,5.8000000000000025,9.5,6.75,1926,429,0.0,5,53.45788043478261,66.5,14.0,0.0,29.3,41.906638,-87.701431,7,50427.52335557674,79.0,0.9888465204957102,14.0,86.5,70.5,5.0,5.400000000000004,17.451477597712103,0.18555100095328814,63.82440419447092,0,0,1,0,0,0,0
5245,53820,86.5,70.5,79.0,5.8000000000000025,9.5,6.75,1926,429,0.0,5,53.45788043478261,66.5,14.0,0.0,29.3,41.906638,-87.701431,7,50428.170034311865,79.0,0.9886580251620282,14.0,86.5,70.5,5.0,5.800000000000006,17.44996187571483,0.18551563095691884,63.82491422035837,0,0,0,1,0,0,0
5246,53820,86.5,70.5,79.0,5.8000000000000025,9.5,6.75,1926,429,0.0,5,53.45788043478261,66.5,14.0,0.0,29.3,41.836644,-87.677737,7,50428.81646655232,79.0,0.9884696016771488,14.0,86.5,70.5,5.0,5.800000000000006,17.448446731465598,0.1854802744425379,63.82542405183914,0,0,0,1,0,0,0
5247,53820,86.5,70.5,79.0,5.8000000000000025,9.5,6.75,1926,429,0.0,5,53.45788043478261,66.5,14.0,0.0,29.3,41.763733,-87.742302,7,50429.46265243903,79.0,0.98828125,14.0,86.5,70.5,5.0,5.800000000000006,17.446932164634145,0.1854449314024383,63.82593368902439,0,0,0,1,0,0,0
5248,53820,86.5,70.5,79.0,5.8000000000000025,9.5,6.75,1926,429,0.0,5,53.45788043478261,66.5,14.0,0.0,29.3,41.911824,-87.726737,7,50430.10859211278,79.0,0.9880929700895408,14.0,86.5,70.5,5.0,5.800000000000006,17.445418174890456,0.18540960182891908,63.82644313202515,0,0,1,0,0,0,0
5249,53820,86.5,70.5,79.0,5.8000000000000025,9.5,6.75,1926,429,0.0,5,53.45788043478261,66.5,14.0,0.0,29.3,41.891118,-87.65449100000002,7,50430.754285714276,79.0,0.9879047619047621,14.0,86.5,70.5,5.0,5.800000000000006,17.443904761904758,0.185374285714285,63.826952380952385,0,0,1,0,0,0,0
5250,53820,86.5,70.5,79.0,5.8000000000000025,9.5,6.75,1926,429,0.0,5,53.45788043478261,66.5,14.0,0.0,29.3,41.868142,-87.696269,7,50431.39973338412,79.0,0.9877166254046847,14.0,86.5,70.5,5.0,5.800000000000006,17.442391925347554,0.1853389830508468,63.827461435916966,0,1,0,0,0,0,0
5251,53820,86.5,70.5,79.0,5.8000000000000025,9.5,6.75,1926,429,0.0,5,53.45788043478261,66.5,14.0,0.0,29.3,41.868142,-87.696269,7,50432.04493526276,79.0,0.9875285605483626,14.0,86.5,70.5,5.0,5.800000000000006,17.440879664889565,0.18530369383092085,63.82797029702971,0,0,1,0,0,0,0
5252,53820,86.5,70.5,79.0,5.8000000000000025,9.5,6.75,1926,429,0.0,5,53.45788043478261,66.5,14.0,0.0,29.3,41.868142,-87.696269,7,50432.689891490576,79.0,0.9873405672948792,14.0,86.5,70.5,5.0,5.800000000000006,17.439367980201787,0.18526841804682967,63.82847896440129,0,0,0,1,0,0,0
5253,53820,86.5,70.5,79.0,5.8000000000000025,9.5,6.75,1926,429,0.0,5,53.45788043478261,66.5,14.0,0.0,29.3,41.867108,-87.654224,7,50433.33460220784,79.0,0.9871526456033498,14.0,86.5,70.5,5.0,5.800000000000006,17.437856870955464,0.18523315569090146,63.82898743814236,0,0,1,0,0,0,0
5254,53820,86.5,70.5,79.0,5.8000000000000025,9.5,6.75,1926,429,0.0,5,53.45788043478261,66.5,14.0,0.0,29.3,41.867108,-87.654224,7,50433.97906755472,79.0,0.9869647954329209,14.0,86.5,70.5,5.0,5.800000000000006,17.436346336822073,0.18519790675547027,63.829495718363454,0,0,0,1,0,0,0
5255,53820,86.5,70.5,79.0,5.8000000000000025,9.5,6.75,1926,429,0.0,5,53.45788043478261,66.5,14.0,0.0,29.3,41.896282,-87.655232,7,50434.62328767123,79.0,0.9867770167427702,14.0,86.5,70.5,5.0,5.800000000000006,17.434836377473367,0.185162671232876,63.83000380517504,0,0,1,0,0,0,0
5256,53820,86.5,70.5,79.0,5.8000000000000025,9.5,6.75,1926,429,0.0,5,53.45788043478261,66.5,14.0,0.0,29.3,41.921965,-87.632085,7,50435.267262697365,79.0,0.9865893094921058,14.0,86.5,70.5,5.0,5.800000000000006,17.43332699258132,0.1851274491154644,63.83051169868747,0,0,1,0,0,0,0
5257,53820,86.5,70.5,79.0,5.8000000000000025,9.5,6.75,1926,429,0.0,5,53.45788043478261,66.5,14.0,0.0,29.3,41.921965,-87.632085,7,50435.91099277292,79.0,0.9864016736401674,14.0,86.5,70.5,5.0,5.800000000000006,17.431818181818183,0.18509224039558694,63.83101939901103,0,0,0,1,0,0,0
5258,53820,86.5,70.5,79.0,5.8000000000000025,9.5,6.75,1926,429,0.0,5,53.45788043478261,66.5,14.0,0.0,29.3,41.801179,-87.679447,7,50436.554478037644,79.0,0.9862141091462256,14.0,86.5,70.5,5.0,5.800000000000006,17.430309944856436,0.1850570450656011,63.83152690625594,0,1,0,0,0,0,0
5259,53820,86.5,70.5,79.0,5.8000000000000025,9.5,6.75,1926,429,0.0,5,53.45788043478261,66.5,14.0,0.0,29.3,41.801179,-87.679447,7,50437.197718631185,79.0,0.9860266159695816,14.0,86.5,70.5,5.0,5.800000000000006,17.42880228136882,0.18502186311787006,63.83203422053232,0,0,1,0,0,0,0
5260,53820,86.5,70.5,79.0,5.8000000000000025,9.5,6.75,1926,429,0.0,5,53.45788043478261,66.5,14.0,0.0,29.3,41.801179,-87.679447,7,50437.840714693026,79.0,0.9858391940695684,14.0,86.5,70.5,5.0,5.800000000000006,17.42729519102832,0.18498669454476266,63.832541341950204,0,0,0,1,0,0,0
5261,53820,86.5,70.5,79.0,5.8000000000000025,9.5,6.75,1926,429,0.0,5,53.45788043478261,66.5,14.0,0.0,29.3,41.800737,-87.71188000000002,7,50438.483466362595,79.0,0.9856518434055492,14.0,86.5,70.5,5.0,5.800000000000006,17.425788673508173,0.1849515393386538,63.833048270619535,0,0,1,0,0,0,0
5262,53820,86.5,70.5,79.0,5.8000000000000025,9.5,6.75,1926,429,0.0,5,53.45788043478261,66.5,14.0,0.0,29.3,41.82561,-87.726549,7,50439.125973779206,79.0,0.985464563936918,14.0,86.5,70.5,5.0,5.800000000000006,17.424282728481856,0.18491639749192404,63.8335550066502,0,0,1,0,0,0,0
5263,53820,86.5,70.5,79.0,5.8000000000000025,9.5,6.75,1926,429,0.0,5,53.45788043478261,66.5,14.0,0.0,29.3,41.82561,-87.726549,7,50439.76823708207,79.0,0.9852773556231004,14.0,86.5,70.5,5.0,5.800000000000006,17.4227773556231,0.18488126899695975,63.834061550151965,0,0,0,1,0,0,0
5264,53820,86.5,70.5,79.0,5.8000000000000025,9.5,6.75,1926,429,0.0,5,53.45788043478261,66.5,14.0,0.0,29.3,41.778297,-87.752411,7,50440.410256410265,79.0,0.9850902184235516,14.0,86.5,70.5,5.0,5.800000000000006,17.421272554605892,0.18484615384615316,63.83456790123457,0,0,1,0,0,0,0
5265,53820,86.5,70.5,79.0,5.8000000000000025,9.5,6.75,1926,429,0.0,5,53.45788043478261,66.5,14.0,0.0,29.3,41.778297,-87.752411,7,50441.05203190277,79.0,0.9849031522977592,14.0,86.5,70.5,5.0,5.800000000000006,17.419768325104442,0.18481105203190207,63.8350740600076,0,0,0,1,0,0,0
5266,53820,86.5,70.5,79.0,5.8000000000000025,9.5,6.75,1926,429,0.0,5,53.45788043478261,66.5,14.0,0.0,29.3,41.77166,-87.703047,7,50441.69356369849,79.0,0.9847161572052402,14.0,86.5,70.5,5.0,5.800000000000006,17.418264666793238,0.18477596354661027,63.835580026580594,0,0,1,0,0,0,0
5267,53820,86.5,70.5,79.0,5.8000000000000025,9.5,6.75,1926,429,0.0,5,53.45788043478261,66.5,14.0,0.0,29.3,41.77166,-87.703047,7,50442.33485193622,79.0,0.9845292331055427,14.0,86.5,70.5,5.0,5.800000000000006,17.416761579347,0.1847408883826872,63.83608580106302,0,0,0,0,0,0,1
5268,53820,86.5,70.5,79.0,5.8000000000000025,9.5,6.75,1926,429,0.0,5,53.45788043478261,66.5,14.0,0.0,29.3,41.773215,-87.60088,7,50442.9758967546,79.0,0.9843423799582464,14.0,86.5,70.5,5.0,5.800000000000006,17.41525906244069,0.18470582653254816,63.83659138356424,0,1,0,0,0,0,0
5269,53820,86.5,70.5,79.0,5.8000000000000025,9.5,6.75,1926,429,0.0,5,53.45788043478261,66.5,14.0,0.0,29.3,41.773215,-87.60088,7,50443.616698292215,79.0,0.98415559772296,14.0,86.5,70.5,5.0,5.800000000000006,17.413757115749526,0.1846707779886141,63.83709677419355,0,0,1,0,0,0,0
5270,53820,86.5,70.5,79.0,5.8000000000000025,9.5,6.75,1926,429,0.0,5,53.45788043478261,66.5,14.0,0.0,29.3,41.773215,-87.60088,7,50444.25725668754,79.0,0.9839688863593246,14.0,86.5,70.5,5.0,5.800000000000006,17.412255738948964,0.18463574274331174,63.83760197306014,0,0,0,1,0,0,0
5271,53820,86.5,70.5,79.0,5.8000000000000025,9.5,6.75,1926,429,0.0,5,53.45788043478261,66.5,14.0,0.0,29.3,41.822536,-87.66634300000004,7,50444.89757207892,79.0,0.9837822458270106,14.0,86.5,70.5,5.0,5.800000000000006,17.41075493171472,0.18460072078907366,63.83810698027314,0,0,0,1,0,0,0
5272,53820,86.5,70.5,79.0,5.8000000000000025,9.5,6.75,1926,429,0.0,5,53.45788043478261,66.5,14.0,0.0,29.3,41.766202,-87.562889,7,50445.53764460459,79.0,0.9835956760857196,14.0,86.5,70.5,5.0,5.800000000000006,17.409254693722733,0.184565712118338,63.83861179594159,0,1,0,0,0,0,0
5273,53820,86.5,70.5,79.0,5.8000000000000025,9.5,6.75,1926,429,0.0,5,53.45788043478261,66.5,14.0,0.0,29.3,41.766202,-87.562889,7,50446.177474402735,79.0,0.983409177095184,14.0,86.5,70.5,5.0,5.800000000000006,17.407755024649223,0.1845307167235488,63.839116420174435,0,0,1,0,0,0,0
5274,53820,86.5,70.5,79.0,5.8000000000000025,9.5,6.75,1926,429,0.0,5,53.45788043478261,66.5,14.0,0.0,29.3,41.766202,-87.562889,7,50446.817061611364,79.0,0.983222748815166,14.0,86.5,70.5,5.0,5.800000000000006,17.406255924170615,0.18449573459715568,63.83962085308057,0,0,0,1,0,0,0
5275,53820,86.5,70.5,79.0,5.8000000000000025,9.5,6.75,1926,429,0.0,5,53.45788043478261,66.5,14.0,0.0,29.3,41.754676,-87.612922,7,50447.45640636847,79.0,0.9830363912054588,14.0,86.5,70.5,5.0,5.800000000000006,17.404757391963606,0.18446076573161416,63.84012509476877,0,0,1,0,0,0,0
5276,53820,86.5,70.5,79.0,5.8000000000000025,9.5,6.75,1926,429,0.0,5,53.45788043478261,66.5,14.0,0.0,29.3,41.754676,-87.612922,7,50448.095508811835,79.0,0.982850104225886,14.0,86.5,70.5,5.0,5.800000000000006,17.403259427705134,0.1844258101193853,63.84062914534773,0,0,0,1,0,0,0
5277,53820,86.5,70.5,79.0,5.8000000000000025,9.5,6.75,1926,429,0.0,5,53.45788043478261,66.5,14.0,0.0,29.3,41.803423,-87.642984,7,50448.7343690792,79.0,0.9826638878363017,14.0,86.5,70.5,5.0,5.800000000000006,17.401762031072376,0.184390867752936,63.84113300492611,0,1,0,0,0,0,0
5278,53820,86.5,70.5,79.0,5.8000000000000025,9.5,6.75,1926,429,0.0,5,53.45788043478261,66.5,14.0,0.0,29.3,41.803423,-87.642984,7,50449.372987308205,79.0,0.9824777419965902,14.0,86.5,70.5,5.0,5.800000000000006,17.400265201742755,0.18435593862473884,63.841636673612435,0,0,1,0,0,0,0
5279,53820,86.5,70.5,79.0,5.8000000000000025,9.5,6.75,1926,429,0.0,5,53.45788043478261,66.5,14.0,0.0,29.3,41.803423,-87.642984,7,50450.01136363637,79.0,0.9822916666666668,14.0,86.5,70.5,5.0,5.800000000000006,17.39876893939394,0.184321022727272,63.84214015151515,0,0,0,1,0,0,0
5280,53820,86.5,70.5,79.0,5.8000000000000025,9.5,6.75,1926,429,0.0,5,53.45788043478261,66.5,14.0,0.0,29.3,41.754292,-87.590773,7,50450.649498201106,79.0,0.982105661806476,14.0,86.5,70.5,5.0,5.800000000000006,17.397273243703843,0.1842861200530196,63.842643438742655,0,0,1,0,0,0,0
5281,53820,86.5,70.5,79.0,5.8000000000000025,9.5,6.75,1926,429,0.0,5,53.45788043478261,66.5,14.0,0.0,29.3,41.723195,-87.64997,7,50451.28739113972,79.0,0.981919727375994,14.0,86.5,70.5,5.0,5.800000000000006,17.395778114350623,0.1842512305944711,63.843146535403264,0,1,0,0,0,0,0
5282,53820,86.5,70.5,79.0,5.8000000000000025,9.5,6.75,1926,429,0.0,5,53.45788043478261,66.5,14.0,0.0,29.3,41.868077,-87.666901,7,50451.92504258944,79.0,0.9817338633352262,14.0,86.5,70.5,5.0,5.800000000000006,17.39428355101268,0.18421635434412195,63.84364944160515,0,1,0,0,0,0,0
5283,53820,86.5,70.5,79.0,5.8000000000000025,9.5,6.75,1926,429,0.0,5,53.45788043478261,66.5,14.0,0.0,29.3,41.868077,-87.666901,7,50452.562452687365,79.0,0.9815480696442088,14.0,86.5,70.5,5.0,5.800000000000006,17.392789553368658,0.1841814912944732,63.84415215745646,0,0,1,0,0,0,0
5284,53820,86.5,70.5,79.0,5.8000000000000025,9.5,6.75,1926,429,0.0,5,53.45788043478261,66.5,14.0,0.0,29.3,41.868077,-87.666901,7,50453.199621570486,79.0,0.9813623462630086,14.0,86.5,70.5,5.0,5.800000000000006,17.391296121097447,0.18414664143803147,63.84465468306528,0,0,0,1,0,0,0
5285,53820,86.5,70.5,79.0,5.8000000000000025,9.5,6.75,1926,429,0.0,5,53.45788043478261,66.5,14.0,0.0,29.3,41.720848,-87.666014,7,50453.836549375716,79.0,0.9811766931517216,14.0,86.5,70.5,5.0,5.800000000000006,17.38980325387817,0.1841118047673092,63.845157018539545,0,0,1,0,0,0,0
5286,53820,86.5,70.5,79.0,5.8000000000000025,9.5,6.75,1926,429,0.0,5,53.45788043478261,66.5,14.0,0.0,29.3,41.720848,-87.666014,7,50454.47323623984,79.0,0.9809911102704748,14.0,86.5,70.5,5.0,5.800000000000006,17.388310951390203,0.18407698127482436,63.84565916398714,0,0,0,1,0,0,0
5287,53820,86.5,70.5,79.0,5.8000000000000025,9.5,6.75,1926,429,0.0,5,53.45788043478261,66.5,14.0,0.0,29.3,41.720848,-87.666014,7,50455.10968229954,79.0,0.9808055975794252,14.0,86.5,70.5,5.0,5.800000000000006,17.386819213313164,0.18404217095310066,63.846161119515884,0,0,0,0,1,0,0
5288,53820,86.5,70.5,79.0,5.8000000000000025,9.5,6.75,1926,429,0.0,5,53.45788043478261,66.5,14.0,0.0,29.3,41.733643,-87.55551,7,50455.74588769144,79.0,0.9806201550387597,14.0,86.5,70.5,5.0,5.800000000000006,17.385328039326904,0.18400737379466747,63.846662885233506,0,0,1,0,0,0,0
5289,53820,86.5,70.5,79.0,5.8000000000000025,9.5,6.75,1926,429,0.0,5,53.45788043478261,66.5,14.0,0.0,29.3,41.733643,-87.55551,7,50456.38185255198,79.0,0.9804347826086957,14.0,86.5,70.5,5.0,5.800000000000006,17.38383742911153,0.1839725897920598,63.847164461247644,0,0,0,1,0,0,0
5290,53820,86.5,70.5,79.0,5.8000000000000025,9.5,6.75,1926,429,0.0,5,53.45788043478261,66.5,14.0,0.0,29.3,41.750498,-87.605294,7,50457.01757701758,79.0,0.9802494802494802,14.0,86.5,70.5,5.0,5.800000000000006,17.382347382347387,0.18393781893781824,63.847665847665844,0,0,1,0,0,0,0
5291,53820,86.5,70.5,79.0,5.8000000000000025,9.5,6.75,1926,429,0.0,5,53.45788043478261,66.5,14.0,0.0,29.3,41.750498,-87.605294,7,50457.65306122449,79.0,0.9800642479213908,14.0,86.5,70.5,5.0,5.800000000000006,17.380857898715046,0.1839030612244891,63.84816704459561,0,0,0,1,0,0,0
5292,53820,86.5,70.5,79.0,5.8000000000000025,9.5,6.75,1926,429,0.0,5,53.45788043478261,66.5,14.0,0.0,29.3,41.798697,-87.736812,7,50458.288305308895,79.0,0.9798790855847346,14.0,86.5,70.5,5.0,5.800000000000006,17.379368977895332,0.18386831664462427,63.84866805214435,0,0,1,0,0,0,0
5293,53820,86.5,70.5,79.0,5.8000000000000025,9.5,6.75,1926,429,0.0,5,53.45788043478261,66.5,14.0,0.0,29.3,41.798697,-87.736812,7,50458.923309406884,79.0,0.9796939931998488,14.0,86.5,70.5,5.0,5.800000000000006,17.37788061956932,0.1838335851907813,63.84916887041934,0,0,0,1,0,0,0
5294,53820,86.5,70.5,79.0,5.8000000000000025,9.5,6.75,1926,429,0.0,5,53.45788043478261,66.5,14.0,0.0,29.3,41.673408,-87.599862,7,50459.558073654385,79.0,0.9795089707271012,14.0,86.5,70.5,5.0,5.800000000000006,17.376392823418318,0.18379886685552335,63.849669499527856,0,0,1,0,0,0,0
5295,53820,86.5,70.5,79.0,5.8000000000000025,9.5,6.75,1926,429,0.0,5,53.45788043478261,66.5,14.0,0.0,29.3,41.673408,-87.599862,7,50460.192598187314,79.0,0.9793240181268882,14.0,86.5,70.5,5.0,5.800000000000006,17.374905589123863,0.18376416163141926,63.850169939577036,0,0,0,1,0,0,0
5296,53820,86.5,70.5,79.0,5.8000000000000025,9.5,6.75,1926,429,0.0,5,53.45788043478261,66.5,14.0,0.0,29.3,41.673408,-87.599862,7,50460.826883141395,79.0,0.9791391353596376,14.0,86.5,70.5,5.0,5.800000000000006,17.373418916367754,0.1837294695110433,63.85067019067397,0,0,0,0,1,0,0
5297,53820,86.5,70.5,79.0,5.8000000000000025,9.5,6.75,1926,429,0.0,5,53.45788043478261,66.5,14.0,0.0,29.3,41.704572,-87.56566600000002,7,50461.46092865231,79.0,0.978954322385806,14.0,86.5,70.5,5.0,5.800000000000006,17.371932804832014,0.1836947904869755,63.851170252925634,0,0,1,0,0,0,0
5298,53820,86.5,70.5,79.0,5.8000000000000025,9.5,6.75,1926,429,0.0,5,53.45788043478261,66.5,14.0,0.0,29.3,41.704572,-87.56566600000002,7,50462.09473485564,79.0,0.9787695791658804,14.0,86.5,70.5,5.0,5.800000000000006,17.370447254198904,0.18366012455180156,63.85167012643896,0,0,0,1,0,0,0
5299,53820,86.5,70.5,79.0,5.8000000000000025,9.5,6.75,1926,429,0.0,5,53.45788043478261,66.5,14.0,0.0,29.3,41.662014,-87.72460799999998,7,50462.72830188679,79.0,0.9785849056603774,14.0,86.5,70.5,5.0,5.800000000000006,17.368962264150944,0.1836254716981125,63.852169811320756,0,0,0,0,0,0,1
5300,53820,86.5,70.5,79.0,5.8000000000000025,9.5,6.75,1926,429,0.0,5,53.45788043478261,66.5,14.0,0.0,29.3,41.72646500000001,-87.585413,7,50463.361629881154,79.0,0.9784003018298434,14.0,86.5,70.5,5.0,5.800000000000006,17.367477834370874,0.18359083191850525,63.85266930767779,0,0,1,0,0,0,0
5301,53820,86.5,70.5,79.0,5.8000000000000025,9.5,6.75,1926,429,0.0,5,53.45788043478261,66.5,14.0,0.0,29.3,41.72646500000001,-87.585413,7,50463.99471897396,79.0,0.9782157676348548,14.0,86.5,70.5,5.0,5.800000000000006,17.365993964541687,0.1835562052055821,63.85316861561674,0,0,0,1,0,0,0
5302,53820,86.5,70.5,79.0,5.8000000000000025,9.5,6.75,1926,429,0.0,5,53.45788043478261,66.5,14.0,0.0,29.3,41.72646500000001,-87.585413,7,50464.6275693004,79.0,0.9780313030360174,14.0,86.5,70.5,5.0,5.800000000000006,17.364510654346596,0.18352159155195105,63.85366773524421,0,0,0,0,0,0,1
5303,53820,86.5,70.5,79.0,5.8000000000000025,9.5,6.75,1926,429,0.0,5,53.45788043478261,66.5,14.0,0.0,29.3,41.94016,-87.794896,7,50465.26018099547,79.0,0.9778469079939668,14.0,86.5,70.5,5.0,5.800000000000006,17.36302790346908,0.18348699095022555,63.85416666666666,0,0,1,0,0,0,0
5304,53820,86.5,70.5,79.0,5.8000000000000025,9.5,6.75,1926,429,0.0,5,53.45788043478261,66.5,14.0,0.0,29.3,41.94016,-87.794896,7,50465.89255419416,79.0,0.9776625824693684,14.0,86.5,70.5,5.0,5.800000000000006,17.361545711592836,0.18345240339302474,63.85466540999058,0,0,0,1,0,0,0
5305,53820,86.5,70.5,79.0,5.8000000000000025,9.5,6.75,1926,429,0.0,5,53.45788043478261,66.5,14.0,0.0,29.3,41.878114,-87.629798,7,50466.52468903129,79.0,0.9774783264229174,14.0,86.5,70.5,5.0,5.800000000000006,17.360064078401813,0.18341782887297328,63.855163965322284,0,0,1,0,0,0,0
5306,53820,86.5,70.5,79.0,5.8000000000000025,9.5,6.75,1926,429,0.0,5,53.45788043478261,66.5,14.0,0.0,29.3,41.932094,-87.700117,7,50467.15658564161,79.0,0.9772941398153382,14.0,86.5,70.5,5.0,5.800000000000006,17.358583003580176,0.1833832673827014,63.85566233276804,0,0,1,0,0,0,0
5307,53820,86.5,70.5,79.0,5.8000000000000025,9.5,6.75,1926,429,0.0,5,53.45788043478261,66.5,14.0,0.0,29.3,41.932094,-87.700117,7,50467.78824415977,79.0,0.9771100226073852,14.0,86.5,70.5,5.0,5.800000000000006,17.35710248681236,0.1833487189148448,63.856160512434066,0,0,0,1,0,0,0
5308,53820,86.5,70.5,79.0,5.8000000000000025,9.5,6.75,1926,429,0.0,5,53.45788043478261,66.5,14.0,0.0,29.3,42.01743,-87.68776899999996,7,50468.419664720284,79.0,0.9769259747598418,14.0,86.5,70.5,5.0,5.800000000000006,17.35562252778301,0.1833141834620449,63.85665850442645,0,0,0,1,0,0,0
5309,53820,86.5,70.5,79.0,5.8000000000000025,9.5,6.75,1926,429,0.0,5,53.45788043478261,66.5,14.0,0.0,29.3,41.916265,-87.800515,7,50469.05084745763,79.0,0.9767419962335216,14.0,86.5,70.5,5.0,5.800000000000006,17.354143126177025,0.18327966101694845,63.85715630885122,0,0,1,0,0,0,0
5310,53820,86.5,70.5,79.0,5.8000000000000025,9.5,6.75,1926,429,0.0,5,53.45788043478261,66.5,14.0,0.0,29.3,41.916265,-87.800515,7,50469.681792506126,79.0,0.9765580869892676,14.0,86.5,70.5,5.0,5.800000000000006,17.352664281679534,0.18324515157220791,63.857653925814354,0,0,0,1,0,0,0
5311,53820,86.5,70.5,79.0,5.8000000000000025,9.5,6.75,1926,429,0.0,5,53.45788043478261,66.5,14.0,0.0,29.3,41.846075,-87.716277,7,50470.3125,79.0,0.9763742469879518,14.0,86.5,70.5,5.0,5.800000000000006,17.351185993975903,0.18321065512048124,63.85815135542168,0,0,1,0,0,0,0
5312,53820,86.5,70.5,79.0,5.8000000000000025,9.5,6.75,1926,429,0.0,5,53.45788043478261,66.5,14.0,0.0,29.3,41.846075,-87.716277,7,50470.942970073396,79.0,0.9761904761904762,14.0,86.5,70.5,5.0,5.800000000000006,17.34970826275174,0.1831761716544318,63.85864859777904,0,0,0,1,0,0,0
5313,53820,86.5,70.5,79.0,5.8000000000000025,9.5,6.75,1926,429,0.0,5,53.45788043478261,66.5,14.0,0.0,29.3,41.776156,-87.778927,7,50471.573202860374,79.0,0.976006774557772,14.0,86.5,70.5,5.0,5.800000000000006,17.348231087692888,0.1831417011667287,63.859145652992105,0,0,0,1,0,0,0
5314,53820,86.5,70.5,79.0,5.8000000000000025,9.5,6.75,1926,429,0.0,5,53.45788043478261,66.5,14.0,0.0,29.3,41.682587,-87.707973,7,50472.203198494826,79.0,0.9758231420507996,14.0,86.5,70.5,5.0,5.800000000000006,17.34675446848542,0.18310724365004635,63.8596425211665,0,0,1,0,0,0,0
5315,53820,86.5,70.5,79.0,5.8000000000000025,9.5,6.75,1926,429,0.0,5,53.45788043478261,66.5,14.0,0.0,29.3,41.682587,-87.707973,7,50472.832957110615,79.0,0.9756395786305492,14.0,86.5,70.5,5.0,5.800000000000006,17.34527840481565,0.18307279909706475,63.860139202407815,0,0,0,1,0,0,0
5316,53820,86.5,70.5,79.0,5.8000000000000025,9.5,6.75,1926,429,0.0,5,53.45788043478261,66.5,14.0,0.0,29.3,41.903002,-87.68826700000002,7,50473.462478841444,79.0,0.9754560842580402,14.0,86.5,70.5,5.0,5.800000000000006,17.343802896370132,0.18303836750046948,63.860635696821525,0,0,1,0,0,0,0
5317,53820,86.5,70.5,79.0,5.8000000000000025,9.5,6.75,1926,429,0.0,5,53.45788043478261,66.5,14.0,0.0,29.3,41.903002,-87.68826700000002,7,50474.09176382099,79.0,0.9752726588943212,14.0,86.5,70.5,5.0,5.800000000000006,17.342327942835652,0.18300394885295154,63.861132004512974,0,0,0,1,0,0,0
5318,53820,86.5,70.5,79.0,5.8000000000000025,9.5,6.75,1926,429,0.0,5,53.45788043478261,66.5,14.0,0.0,29.3,41.678618,-87.559308,7,50474.720812182735,79.0,0.97508930250047,14.0,86.5,70.5,5.0,5.800000000000006,17.340853543899232,0.18296954314720745,63.86162812558752,0,0,1,0,0,0,0
5319,53820,86.5,70.5,79.0,5.8000000000000025,9.5,6.75,1926,429,0.0,5,53.45788043478261,66.5,14.0,0.0,29.3,41.678618,-87.559308,7,50475.349624060145,79.0,0.9749060150375941,14.0,86.5,70.5,5.0,5.800000000000006,17.33937969924812,0.1829351503759392,63.862124060150386,0,0,0,1,0,0,0
5320,53820,86.5,70.5,79.0,5.8000000000000025,9.5,6.75,1926,429,0.0,5,53.45788043478261,66.5,14.0,0.0,29.3,41.678618,-87.559308,7,50475.978199586534,79.0,0.9747227964668296,14.0,86.5,70.5,5.0,5.800000000000006,17.33790640856982,0.18290077053185425,63.86261980830671,0,0,0,0,1,0,0
5321,53820,86.5,70.5,79.0,5.8000000000000025,9.5,6.75,1926,429,0.0,5,53.45788043478261,66.5,14.0,0.0,29.3,41.740641,-87.546587,7,50476.606538895154,79.0,0.9745396467493423,14.0,86.5,70.5,5.0,5.800000000000006,17.336433671552047,0.1828664036076656,63.8631153701616,0,0,0,1,0,0,0
5322,53820,86.5,70.5,79.0,5.8000000000000025,9.5,6.75,1926,429,0.0,5,53.45788043478261,66.5,14.0,0.0,29.3,41.740641,-87.546587,7,50477.2346421191,79.0,0.9743565658463272,14.0,86.5,70.5,5.0,5.800000000000006,17.334961487882772,0.18283204959609173,63.863610745820026,0,0,0,0,0,0,1
5323,53820,86.5,70.5,79.0,5.8000000000000025,9.5,6.75,1926,429,0.0,5,53.45788043478261,66.5,14.0,0.0,29.3,41.680946,-87.535198,7,50477.86250939144,79.0,0.9741735537190084,14.0,86.5,70.5,5.0,5.800000000000006,17.33348985725019,0.18279770848985652,63.86410593538693,0,0,0,1,0,0,0
5324,53820,86.5,70.5,79.0,5.8000000000000025,9.5,6.75,1926,429,0.0,5,53.45788043478261,66.5,14.0,0.0,29.3,41.680946,-87.535198,7,50478.49014084507,79.0,0.9739906103286384,14.0,86.5,70.5,5.0,5.800000000000006,17.33201877934272,0.18276338028168945,63.86460093896714,0,0,0,0,0,0,1
5325,53820,86.5,70.5,79.0,5.8000000000000025,9.5,6.75,1926,429,0.0,5,53.45788043478261,66.5,14.0,0.0,29.3,41.948167,-87.730698,7,50479.11753661285,79.0,0.9738077356365,14.0,86.5,70.5,5.0,5.800000000000006,17.330548253849038,0.18272906496432528,63.86509575666542,0,0,1,0,0,0,0
5326,53820,86.5,70.5,79.0,5.8000000000000025,9.5,6.75,1926,429,0.0,5,53.45788043478261,66.5,14.0,0.0,29.3,41.948167,-87.730698,7,50479.74469682748,79.0,0.9736249296039048,14.0,86.5,70.5,5.0,5.800000000000006,17.329078280458045,0.1826947625305043,63.865590388586455,0,0,0,1,0,0,0
5327,53820,86.5,70.5,79.0,5.8000000000000025,9.5,6.75,1926,429,0.0,5,53.45788043478261,66.5,14.0,0.0,29.3,41.963976,-87.69181,7,50480.37162162162,79.0,0.9734421921921922,14.0,86.5,70.5,5.0,5.800000000000006,17.32760885885886,0.18266047297297228,63.866084834834844,0,0,1,0,0,0,0
5328,53820,86.5,70.5,79.0,5.8000000000000025,9.5,6.75,1926,429,0.0,5,53.45788043478261,66.5,14.0,0.0,29.3,41.963976,-87.69181,7,50480.99831112778,79.0,0.9732595233627322,14.0,86.5,70.5,5.0,5.800000000000006,17.326139988740852,0.18262619628448046,63.86657909551511,0,0,0,1,0,0,0
5329,53820,86.5,70.5,79.0,5.8000000000000025,9.5,6.75,1926,429,0.0,5,53.45788043478261,66.5,14.0,0.0,29.3,41.659112,-87.53869300000002,7,50481.62476547842,79.0,0.9730769230769232,14.0,86.5,70.5,5.0,5.800000000000006,17.32467166979362,0.1825919324577854,63.86707317073171,0,0,1,0,0,0,0
5330,53820,86.5,70.5,79.0,5.8000000000000025,9.5,6.75,1926,429,0.0,5,53.45788043478261,66.5,14.0,0.0,29.3,41.925198,-87.746381,7,50482.25098480586,79.0,0.9728943912961919,14.0,86.5,70.5,5.0,5.800000000000006,17.323203901706993,0.18255768148564927,63.86756706058901,0,0,1,0,0,0,0
5331,53820,86.5,70.5,79.0,5.8000000000000025,9.5,6.75,1926,429,0.0,5,53.45788043478261,66.5,14.0,0.0,29.3,41.925198,-87.746381,7,50482.876969242316,79.0,0.9727119279819956,14.0,86.5,70.5,5.0,5.800000000000006,17.321736684171047,0.1825234433608395,63.868060765191295,0,0,0,1,0,0,0
5332,53820,86.5,70.5,79.0,5.8000000000000025,9.5,6.75,1926,429,0.0,5,53.45788043478261,66.5,14.0,0.0,29.3,41.973845,-87.805059,7,50483.50271891993,79.0,0.9725295330958184,14.0,86.5,70.5,5.0,5.800000000000006,17.320270016876055,0.18248921807612906,63.86855428464279,0,0,1,0,0,0,0
5333,53820,86.5,70.5,79.0,5.8000000000000025,9.5,6.75,1926,429,0.0,5,53.45788043478261,66.5,14.0,0.0,29.3,41.973845,-87.805059,7,50484.128233970754,79.0,0.9723472065991752,14.0,86.5,70.5,5.0,5.800000000000006,17.31880389951256,0.18245500562429626,63.86904761904761,0,0,0,1,0,0,0
5334,53820,86.5,70.5,79.0,5.8000000000000025,9.5,6.75,1926,429,0.0,5,53.45788043478261,66.5,14.0,0.0,29.3,41.973845,-87.805059,7,50484.75351452671,79.0,0.9721649484536082,14.0,86.5,70.5,5.0,5.800000000000006,17.31733833177132,0.18242080599812488,63.86954076850984,0,0,0,0,0,0,1
5335,53820,86.5,70.5,79.0,5.8000000000000025,9.5,6.75,1926,429,0.0,5,53.45788043478261,66.5,14.0,0.0,29.3,41.94722700000001,-87.67145699999998,7,50485.37856071964,79.0,0.9719827586206896,14.0,86.5,70.5,5.0,5.800000000000006,17.315873313343328,0.1823866191904041,63.87003373313343,0,0,1,0,0,0,0
5336,53820,86.5,70.5,79.0,5.8000000000000025,9.5,6.75,1926,429,0.0,5,53.45788043478261,66.5,14.0,0.0,29.3,41.94722700000001,-87.67145699999998,7,50486.003372681276,79.0,0.97180063706202,14.0,86.5,70.5,5.0,5.800000000000006,17.314408843919804,0.1823524451939285,63.8705265130223,0,0,0,1,0,0,0
5337,53820,86.5,70.5,79.0,5.8000000000000025,9.5,6.75,1926,429,0.0,5,53.45788043478261,66.5,14.0,0.0,29.3,41.743402,-87.731435,7,50486.62795054328,79.0,0.9716185837392282,14.0,86.5,70.5,5.0,5.800000000000006,17.312944923192205,0.182318284001498,63.87101910828026,0,0,1,0,0,0,0
5338,53820,86.5,70.5,79.0,5.8000000000000025,9.5,6.75,1926,429,0.0,5,53.45788043478261,66.5,14.0,0.0,29.3,41.743402,-87.731435,7,50487.25229443716,79.0,0.9714365986139728,14.0,86.5,70.5,5.0,5.800000000000006,17.31148155085222,0.182284135605918,63.87151151901105,0,0,0,1,0,0,0
5339,53820,86.5,70.5,79.0,5.8000000000000025,9.5,6.75,1926,429,0.0,5,53.45788043478261,66.5,14.0,0.0,29.3,41.793818,-87.654234,7,50487.87640449438,79.0,0.9712546816479399,14.0,86.5,70.5,5.0,5.800000000000006,17.31001872659176,0.1822499999999993,63.87200374531835,0,1,0,0,0,0,0
5340,53820,86.5,70.5,79.0,5.8000000000000025,9.5,6.75,1926,429,0.0,5,53.45788043478261,66.5,14.0,0.0,29.3,41.793818,-87.654234,7,50488.50028084628,79.0,0.971072832802846,14.0,86.5,70.5,5.0,5.800000000000006,17.308556450102976,0.18221587717655802,63.872495787305745,0,0,1,0,0,0,0
5341,53820,86.5,70.5,79.0,5.8000000000000025,9.5,6.75,1926,429,0.0,5,53.45788043478261,66.5,14.0,0.0,29.3,41.793818,-87.654234,7,50489.12392362411,79.0,0.9708910520404342,14.0,86.5,70.5,5.0,5.800000000000006,17.307094721078247,0.18218176712841566,63.872987645076755,0,0,0,1,0,0,0
5342,53820,86.5,70.5,79.0,5.8000000000000025,9.5,6.75,1926,429,0.0,5,53.45788043478261,66.5,14.0,0.0,29.3,41.728495,-87.60096300000002,7,50489.74733295901,79.0,0.970709339322478,14.0,86.5,70.5,5.0,5.800000000000006,17.305633539210177,0.18214766984839909,63.8734793187348,0,0,1,0,0,0,0
5343,53820,86.5,70.5,79.0,5.8000000000000025,9.5,6.75,1926,429,0.0,5,53.45788043478261,66.5,14.0,0.0,29.3,41.728495,-87.60096300000002,7,50490.37050898204,79.0,0.9705276946107784,14.0,86.5,70.5,5.0,5.800000000000006,17.304172904191617,0.18211358532934066,63.87397080838323,0,0,0,1,0,0,0
5344,53820,86.5,70.5,79.0,5.8000000000000025,9.5,6.75,1926,429,0.0,5,53.45788043478261,66.5,14.0,0.0,29.3,41.951866,-87.72505699999998,7,50490.99345182414,79.0,0.9703461178671656,14.0,86.5,70.5,5.0,5.800000000000006,17.302712815715626,0.1820795135640779,63.87446211412535,0,0,1,0,0,0,0
5345,53820,86.5,70.5,79.0,5.8000000000000025,9.5,6.75,1926,429,0.0,5,53.45788043478261,66.5,14.0,0.0,29.3,41.951866,-87.72505699999998,7,50491.61616161616,79.0,0.9701646090534979,14.0,86.5,70.5,5.0,5.800000000000006,17.301253273475496,0.18204545454545384,63.87495323606435,0,0,0,1,0,0,0
5346,53820,86.5,70.5,79.0,5.8000000000000025,9.5,6.75,1926,429,0.0,5,53.45788043478261,66.5,14.0,0.0,29.3,41.951866,-87.72505699999998,7,50492.238638488874,79.0,0.9699831681316626,14.0,86.5,70.5,5.0,5.800000000000006,17.299794277164768,0.18201140826631687,63.875444174303354,0,0,0,0,0,0,1
5347,53820,86.5,70.5,79.0,5.8000000000000025,9.5,6.75,1926,429,0.0,5,53.45788043478261,66.5,14.0,0.0,29.3,41.904194,-87.756155,7,50492.86088257293,79.0,0.9698017950635752,14.0,86.5,70.5,5.0,5.800000000000006,17.29833582647719,0.1819773747195206,63.8759349289454,0,0,0,1,0,0,0
5348,53820,86.5,70.5,79.0,5.8000000000000025,9.5,6.75,1926,429,0.0,5,53.45788043478261,66.5,14.0,0.0,29.3,41.98728,-87.666066,7,50493.48289399888,79.0,0.9696204898111797,14.0,86.5,70.5,5.0,5.800000000000006,17.296877921106752,0.18194335389792413,63.87642550009348,0,0,0,1,0,0,0
5349,53820,86.5,70.5,79.0,5.8000000000000025,9.5,6.75,1926,429,0.0,5,53.45788043478261,66.5,14.0,0.0,29.3,41.912563,-87.66805500000002,7,50494.1046728972,79.0,0.9694392523364486,14.0,86.5,70.5,5.0,5.800000000000006,17.295420560747665,0.18190934579439186,63.876915887850465,0,0,1,0,0,0,0
5350,53820,86.5,70.5,79.0,5.8000000000000025,9.5,6.75,1926,429,0.0,5,53.45788043478261,66.5,14.0,0.0,29.3,41.912563,-87.66805500000002,7,50494.72621939825,79.0,0.9692580826013828,14.0,86.5,70.5,5.0,5.800000000000006,17.293963745094377,0.18187535040179334,63.877406092319184,0,0,0,1,0,0,0
5351,53820,86.5,70.5,79.0,5.8000000000000025,9.5,6.75,1926,429,0.0,5,53.45788043478261,66.5,14.0,0.0,29.3,41.776428,-87.627096,7,50495.34753363229,79.0,0.9690769805680122,14.0,86.5,70.5,5.0,5.800000000000006,17.292507473841553,0.1818413677130038,63.87789611360239,0,1,0,0,0,0,0
5352,53820,86.5,70.5,79.0,5.8000000000000025,9.5,6.75,1926,429,0.0,5,53.45788043478261,66.5,14.0,0.0,29.3,41.776428,-87.627096,7,50495.9686157295,79.0,0.9688959461983936,14.0,86.5,70.5,5.0,5.800000000000006,17.2910517466841,0.18180739772090346,63.87838595180273,0,0,1,0,0,0,0
5353,53820,86.5,70.5,79.0,5.8000000000000025,9.5,6.75,1926,429,0.0,5,53.45788043478261,66.5,14.0,0.0,29.3,41.776428,-87.627096,7,50496.589465819954,79.0,0.9687149794546134,14.0,86.5,70.5,5.0,5.800000000000006,17.289596563317147,0.1817734404183781,63.87887560702279,0,0,0,1,0,0,0
5354,53820,86.5,70.5,79.0,5.8000000000000025,9.5,6.75,1926,429,0.0,5,53.45788043478261,66.5,14.0,0.0,29.3,41.974689,-87.890615,7,50497.21008403361,79.0,0.9685340802987862,14.0,86.5,70.5,5.0,5.800000000000006,17.28814192343604,0.18173949579831866,63.87936507936508,0,1,0,0,0,0,0
5355,53820,86.5,70.5,79.0,5.8000000000000025,9.5,6.75,1926,429,0.0,5,53.45788043478261,66.5,14.0,0.0,29.3,41.974689,-87.890615,7,50497.83047050038,79.0,0.9683532486930544,14.0,86.5,70.5,5.0,5.800000000000006,17.28668782673637,0.1817055638536214,63.87985436893204,0,0,1,0,0,0,0
5356,53820,86.5,70.5,79.0,5.8000000000000025,9.5,6.75,1926,429,0.0,5,53.45788043478261,66.5,14.0,0.0,29.3,41.974689,-87.890615,7,50498.45062535001,79.0,0.9681724845995892,14.0,86.5,70.5,5.0,5.800000000000006,17.285234272913943,0.18167164457718804,63.880343475826024,0,0,0,1,0,0,0
5357,53820,86.5,70.5,79.0,5.8000000000000025,9.5,6.75,1926,429,0.0,5,53.45788043478261,66.5,14.0,0.0,29.3,41.974689,-87.890615,7,50499.070548712196,79.0,0.9679917879805898,14.0,86.5,70.5,5.0,5.800000000000006,17.2837812616648,0.1816377379619254,63.880832400149316,0,0,0,0,1,0,0
5358,53820,86.5,70.5,79.0,5.8000000000000025,9.5,6.75,1926,429,0.0,5,53.45788043478261,66.5,14.0,0.0,29.3,41.957799,-87.930995,7,50499.69024071656,79.0,0.9678111587982832,14.0,86.5,70.5,5.0,5.800000000000006,17.282328792685206,0.18160384400074567,63.8813211420041,0,1,0,0,0,0,0
5359,53820,86.5,70.5,79.0,5.8000000000000025,9.5,6.75,1926,429,0.0,5,53.45788043478261,66.5,14.0,0.0,29.3,41.957799,-87.930995,7,50500.30970149254,79.0,0.9676305970149254,14.0,86.5,70.5,5.0,5.800000000000006,17.28087686567164,0.18156996268656647,63.881809701492536,0,0,1,0,0,0,0
5360,53820,86.5,70.5,79.0,5.8000000000000025,9.5,6.75,1926,429,0.0,5,53.45788043478261,66.5,14.0,0.0,29.3,41.957799,-87.930995,7,50500.92893116956,79.0,0.9674501025927998,14.0,86.5,70.5,5.0,5.800000000000006,17.279425480320835,0.18153609401231044,63.88229807871666,0,0,0,1,0,0,0
5361,52800,89.0,73.0,81.5,2.75,33.5,6.3,1918,438,0.0,7,53.45788043478261,71.0,16.5,0.005,29.225,41.95469,-87.800991,7,50501.35770234987,79.0,0.9672696754942186,14.0,86.5,70.5,5.0,5.800000000000006,17.282450578142484,0.18150317045878334,63.88362551286835,0,0,1,0,0,0,0
5362,52800,89.0,73.0,81.5,2.75,33.5,6.3,1918,438,0.0,7,53.45788043478261,71.0,16.5,0.005,29.225,41.95469,-87.800991,7,50501.78631363043,79.0,0.9670893156815216,14.0,86.5,70.5,5.0,5.800000000000006,17.285474547827707,0.18147025918329224,63.884952451985825,0,0,0,1,0,0,0
5363,52800,89.0,73.0,81.5,2.75,33.5,6.3,1918,438,0.0,7,53.45788043478261,71.0,16.5,0.005,29.225,41.964242,-87.757639,7,50502.214765100674,79.0,0.9669090231170768,14.0,86.5,70.5,5.0,5.800000000000006,17.288497390007457,0.18143736017897025,63.886278896346006,0,1,0,0,0,0,0
5364,52800,89.0,73.0,81.5,2.75,33.5,6.3,1918,438,0.0,7,53.45788043478261,71.0,16.5,0.005,29.225,41.964242,-87.757639,7,50502.64305684996,79.0,0.9667287977632804,14.0,86.5,70.5,5.0,5.800000000000006,17.291519105312208,0.1814044734389555,63.887604846225535,0,0,1,0,0,0,0
5365,52800,89.0,73.0,81.5,2.75,33.5,6.3,1918,438,0.0,7,53.45788043478261,71.0,16.5,0.005,29.225,41.964242,-87.757639,7,50503.071188967566,79.0,0.9665486395825568,14.0,86.5,70.5,5.0,5.800000000000006,17.29453969437197,0.1813715989563914,63.888930301900864,0,0,0,1,0,0,0
5366,52800,89.0,73.0,81.5,2.75,33.5,6.3,1918,438,0.0,7,53.45788043478261,71.0,16.5,0.005,29.225,42.008314,-87.77792099999998,7,50503.499161542764,79.0,0.966368548537358,14.0,86.5,70.5,5.0,5.800000000000006,17.297559157816288,0.18133873672442635,63.890255263648214,0,0,1,0,0,0,0
5367,52800,89.0,73.0,81.5,2.75,33.5,6.3,1918,438,0.0,7,53.45788043478261,71.0,16.5,0.005,29.225,42.008314,-87.77792099999998,7,50503.926974664675,79.0,0.966188524590164,14.0,86.5,70.5,5.0,5.800000000000006,17.300577496274222,0.1813058867362139,63.89157973174367,0,0,0,1,0,0,0
5368,52800,89.0,73.0,81.5,2.75,33.5,6.3,1918,438,0.0,7,53.45788043478261,71.0,16.5,0.005,29.225,41.98196400000001,-87.812827,7,50504.35462842243,81.5,0.966008567703483,16.5,89.0,70.5,7.0,5.800000000000006,17.303594710374373,0.1812730489849127,63.89290370646303,0,0,1,0,0,0,0
5369,52800,89.0,73.0,81.5,2.75,33.5,6.3,1918,438,0.0,7,53.45788043478261,71.0,16.5,0.005,29.225,41.99247800000001,-87.862995,7,50504.78212290503,81.5,0.9658286778398509,16.5,89.0,70.5,7.0,5.800000000000006,17.306610800744878,0.18124022346368648,63.89422718808194,0,0,1,0,0,0,0
5370,52800,89.0,73.0,81.5,2.75,33.5,6.3,1918,438,0.0,7,53.45788043478261,71.0,16.5,0.005,29.225,41.944869,-87.832763,7,50505.209458201454,81.5,0.965648854961832,16.5,89.0,70.5,7.0,5.800000000000006,17.309625768013404,0.181207410165704,63.89555017687582,0,1,0,0,0,0,0
5371,52800,89.0,73.0,81.5,2.75,33.5,6.3,1918,438,0.0,7,53.45788043478261,71.0,16.5,0.005,29.225,41.944869,-87.832763,7,50505.636634400595,81.5,0.9654690990320178,16.5,89.0,73.0,7.0,5.800000000000006,17.31263961280715,0.1811746090841393,63.89687267311988,0,0,1,0,0,0,0
5372,52800,89.0,73.0,81.5,2.75,33.5,6.3,1918,438,0.0,7,53.45788043478261,71.0,16.5,0.005,29.225,41.944869,-87.832763,7,50506.06365159129,81.5,0.965289410013028,16.5,89.0,73.0,7.0,5.800000000000006,17.315652335752834,0.18114182021217126,63.898194677089144,0,0,0,1,0,0,0
5373,52800,89.0,73.0,81.5,2.75,33.5,6.3,1918,438,0.0,7,53.45788043478261,71.0,16.5,0.005,29.225,41.991429,-87.747113,7,50506.490509862306,81.5,0.9651097878675102,16.5,89.0,73.0,7.0,5.800000000000006,17.31866393747674,0.18110904354298404,63.89951618905843,0,0,1,0,0,0,0
5374,52800,89.0,73.0,81.5,2.75,33.5,6.3,1918,438,0.0,7,53.45788043478261,71.0,16.5,0.005,29.225,41.923738,-87.785288,7,50506.917209302315,81.5,0.9649302325581396,16.5,89.0,73.0,7.0,5.800000000000006,17.32167441860465,0.18107627906976675,63.900837209302324,0,0,1,0,0,0,0
5375,52800,89.0,73.0,81.5,2.75,33.5,6.3,1918,438,0.0,7,53.45788043478261,71.0,16.5,0.005,29.225,41.960616,-87.777189,7,50507.34375,81.5,0.9647507440476192,16.5,89.0,73.0,7.0,5.800000000000006,17.3246837797619,0.1810435267857136,63.90215773809525,0,0,1,0,0,0,0
5376,52800,89.0,73.0,81.5,2.75,33.5,6.3,1918,438,0.0,7,53.45788043478261,71.0,16.5,0.005,29.225,42.010412,-87.66214000000002,7,50507.77013204389,81.5,0.9645713222986796,16.5,89.0,73.0,7.0,5.800000000000006,17.32769202157337,0.18101078668402384,63.903477775711366,0,0,1,0,0,0,0
5377,52800,89.0,73.0,81.5,2.75,33.5,6.3,1918,438,0.0,7,53.45788043478261,71.0,16.5,0.005,29.225,42.010412,-87.66214000000002,7,50508.1963555225,81.5,0.9643919672740796,16.5,89.0,73.0,7.0,5.800000000000006,17.330699144663445,0.18097805875790185,63.90479732242469,0,0,0,0,0,0,1
5378,52800,89.0,73.0,81.5,2.75,33.5,6.3,1918,438,0.0,7,53.45788043478261,71.0,16.5,0.005,29.225,41.98480900000001,-87.728492,7,50508.622420524254,81.5,0.9642126789366052,16.5,89.0,73.0,7.0,5.800000000000006,17.33370514965607,0.180945343000557,63.906116378509026,0,0,1,0,0,0,0
5379,52800,89.0,73.0,81.5,2.75,33.5,6.3,1918,438,0.0,7,53.45788043478261,71.0,16.5,0.005,29.225,41.98480900000001,-87.728492,7,50509.04832713755,81.5,0.9640334572490706,16.5,89.0,73.0,7.0,5.800000000000006,17.336710037174722,0.18091263940520372,63.90743494423792,0,0,0,1,0,0,0
5380,52800,89.0,73.0,81.5,2.75,33.5,6.3,1918,438,0.0,7,53.45788043478261,71.0,16.5,0.005,29.225,41.98480900000001,-87.728492,7,50509.474075450664,81.5,0.9638543021743169,16.5,89.0,73.0,7.0,5.800000000000006,17.339713807842408,0.18087994796506154,63.90875301988478,0,0,0,0,0,0,1
5381,52800,89.0,73.0,81.5,2.75,33.5,6.3,1918,438,0.0,7,53.45788043478261,71.0,16.5,0.005,29.225,41.986921,-87.689778,7,50509.899665551835,81.5,0.9636752136752136,16.5,89.0,73.0,7.0,5.800000000000006,17.34271646228168,0.18084726867335493,63.91007060572278,0,0,0,1,0,0,0
5382,52800,89.0,73.0,81.5,2.75,33.5,6.3,1918,438,0.0,7,53.45788043478261,71.0,16.5,0.005,29.225,41.89923,-87.716788,7,50510.32509752926,81.5,0.9634961917146572,16.5,89.0,73.0,7.0,5.800000000000006,17.34571800111462,0.18081460152331344,63.911387702024896,0,1,0,0,0,0,0
5383,52800,89.0,73.0,81.5,2.75,33.5,6.3,1918,438,0.0,7,53.45788043478261,71.0,16.5,0.005,29.225,41.89923,-87.716788,7,50510.75037147103,81.5,0.963317236255572,16.5,89.0,73.0,7.0,5.800000000000006,17.348718424962854,0.18078194650817164,63.91270430906389,0,0,1,0,0,0,0
5384,52800,89.0,73.0,81.5,2.75,33.5,6.3,1918,438,0.0,7,53.45788043478261,71.0,16.5,0.005,29.225,41.89923,-87.716788,7,50511.17548746519,81.5,0.96313834726091,16.5,89.0,73.0,7.0,5.800000000000006,17.35171773444754,0.1807493036211692,63.91402042711235,0,0,0,1,0,0,0
5385,52800,89.0,73.0,81.5,2.75,33.5,6.3,1918,438,0.0,7,53.45788043478261,71.0,16.5,0.005,29.225,41.801498,-87.763416,7,50511.600445599695,81.5,0.9629595246936502,16.5,89.0,73.0,7.0,5.800000000000006,17.354715930189382,0.1807166728555507,63.915336056442634,0,1,0,0,0,0,0
5386,52800,89.0,73.0,81.5,2.75,33.5,6.3,1918,438,0.0,7,53.45788043478261,71.0,16.5,0.005,29.225,41.801498,-87.763416,7,50512.0252459625,81.5,0.9627807685167996,16.5,89.0,73.0,7.0,5.800000000000006,17.357713012808613,0.18068405420456585,63.9166511973269,0,0,1,0,0,0,0
5387,52800,89.0,73.0,81.5,2.75,33.5,6.3,1918,438,0.0,7,53.45788043478261,71.0,16.5,0.005,29.225,41.801498,-87.763416,7,50512.449888641415,81.5,0.9626020786933928,16.5,89.0,73.0,7.0,5.800000000000006,17.36070898292502,0.18065144766146926,63.91796585003712,0,0,0,1,0,0,0
5388,52800,89.0,73.0,81.5,2.75,33.5,6.3,1918,438,0.0,7,53.45788043478261,71.0,16.5,0.005,29.225,41.801498,-87.763416,7,50512.874373724255,81.5,0.962423455186491,16.5,89.0,73.0,7.0,5.800000000000006,17.363703841157914,0.18061885321952054,63.919280014845064,0,0,0,0,0,0,1
5389,52800,89.0,73.0,81.5,2.75,33.5,6.3,1918,438,0.0,7,53.45788043478261,71.0,16.5,0.005,29.225,41.906638,-87.701431,7,50513.2987012987,81.5,0.9622448979591836,16.5,89.0,73.0,7.0,2.750000000000004,17.366697588126158,0.18058627087198445,63.92059369202226,0,0,1,0,0,0,0
5390,52800,89.0,73.0,81.5,2.75,33.5,6.3,1918,438,0.0,7,53.45788043478261,71.0,16.5,0.005,29.225,41.906638,-87.701431,7,50513.722871452424,81.5,0.9620664069745872,16.5,89.0,73.0,7.0,2.750000000000004,17.369690224448153,0.1805537006121306,63.92190688184011,0,0,0,1,0,0,0
5391,52800,89.0,73.0,81.5,2.75,33.5,6.3,1918,438,0.0,7,53.45788043478261,71.0,16.5,0.005,29.225,41.836644,-87.677737,7,50514.146884272996,81.5,0.9618879821958456,16.5,89.0,73.0,7.0,2.750000000000004,17.37268175074184,0.1805211424332337,63.92321958456974,0,0,0,1,0,0,0
5392,52800,89.0,73.0,81.5,2.75,33.5,6.3,1918,438,0.0,7,53.45788043478261,71.0,16.5,0.005,29.225,41.763733,-87.742302,7,50514.57073984795,81.5,0.9617096235861302,16.5,89.0,73.0,7.0,2.750000000000004,17.3756721676247,0.18048859632857334,63.924531800482114,0,0,0,1,0,0,0
5393,52800,89.0,73.0,81.5,2.75,33.5,6.3,1918,438,0.0,7,53.45788043478261,71.0,16.5,0.005,29.225,41.911824,-87.726737,7,50514.99443826474,81.5,0.9615313311086392,16.5,89.0,73.0,7.0,2.750000000000004,17.378661475713756,0.1804560622914342,63.925843529847974,0,0,1,0,0,0,0
5394,52800,89.0,73.0,81.5,2.75,33.5,6.3,1918,438,0.0,7,53.45788043478261,71.0,16.5,0.005,29.225,41.911824,-87.726737,7,50515.41797961075,81.5,0.9613531047265989,16.5,89.0,73.0,7.0,2.750000000000004,17.381649675625578,0.18042354031510585,63.9271547729379,0,0,0,1,0,0,0
5395,52800,89.0,73.0,81.5,2.75,33.5,6.3,1918,438,0.0,7,53.45788043478261,71.0,16.5,0.005,29.225,41.891118,-87.65449100000002,7,50515.84136397331,81.5,0.9611749444032616,16.5,89.0,73.0,7.0,2.750000000000004,17.38463676797628,0.1803910303928829,63.92846553002224,0,0,1,0,0,0,0
5396,52800,89.0,73.0,81.5,2.75,33.5,6.3,1918,438,0.0,7,53.45788043478261,71.0,16.5,0.005,29.225,41.868142,-87.696269,7,50516.264591439685,81.5,0.9609968501019084,16.5,89.0,73.0,7.0,2.750000000000004,17.387622753381507,0.18035853251806488,63.929775801371136,0,1,0,0,0,0,0
5397,52800,89.0,73.0,81.5,2.75,33.5,6.3,1918,438,0.0,7,53.45788043478261,71.0,16.5,0.005,29.225,41.868142,-87.696269,7,50516.68766209707,81.5,0.9608188217858468,16.5,89.0,73.0,7.0,2.750000000000004,17.390607632456465,0.1803260466839563,63.93108558725454,0,0,1,0,0,0,0
5398,52800,89.0,73.0,81.5,2.75,33.5,6.3,1918,438,0.0,7,53.45788043478261,71.0,16.5,0.005,29.225,41.868142,-87.696269,7,50517.110576032595,81.5,0.9606408594184108,16.5,89.0,73.0,7.0,2.750000000000004,17.393591405815894,0.18029357288386666,63.93239488794221,0,0,0,1,0,0,0
5399,52800,89.0,73.0,81.5,2.75,33.5,6.3,1918,438,0.0,7,53.45788043478261,71.0,16.5,0.005,29.225,41.867108,-87.654224,7,50517.53333333333,81.5,0.960462962962963,16.5,89.0,73.0,7.0,2.750000000000004,17.396574074074074,0.1802611111111104,63.9337037037037,0,0,1,0,0,0,0
5400,52800,89.0,73.0,81.5,2.75,33.5,6.3,1918,438,0.0,7,53.45788043478261,71.0,16.5,0.005,29.225,41.867108,-87.654224,7,50517.955934086276,81.5,0.960285132382892,16.5,89.0,73.0,7.0,2.750000000000004,17.399555637844845,0.18022866135900686,63.935012034808366,0,0,0,1,0,0,0
5401,52800,89.0,73.0,81.5,2.75,33.5,6.3,1918,438,0.0,7,53.45788043478261,71.0,16.5,0.005,29.225,41.896282,-87.655232,7,50518.37837837838,81.5,0.9601073676416142,16.5,89.0,73.0,7.0,2.750000000000004,17.402536097741578,0.1801962236208804,63.936319881525364,0,0,1,0,0,0,0
5402,52800,89.0,73.0,81.5,2.75,33.5,6.3,1918,438,0.0,7,53.45788043478261,71.0,16.5,0.005,29.225,41.921965,-87.632085,7,50518.800666296505,81.5,0.9599296687025728,16.5,89.0,73.0,7.0,2.750000000000004,17.4055154543772,0.18016379789006035,63.93762724412363,0,0,1,0,0,0,0
5403,52800,89.0,73.0,81.5,2.75,33.5,6.3,1918,438,0.0,7,53.45788043478261,71.0,16.5,0.005,29.225,41.801179,-87.679447,7,50519.22279792746,81.5,0.9597520355292376,16.5,89.0,73.0,7.0,2.750000000000004,17.408493708364176,0.18013138415988084,63.93893412287195,0,0,1,0,0,0,0
5404,52800,89.0,73.0,81.5,2.75,33.5,6.3,1918,438,0.0,7,53.45788043478261,71.0,16.5,0.005,29.225,41.801179,-87.679447,7,50519.644773358,81.5,0.9595744680851064,16.5,89.0,73.0,7.0,2.750000000000004,17.411470860314527,0.18009898242368105,63.94024051803886,0,0,0,1,0,0,0
5405,52800,89.0,73.0,81.5,2.75,33.5,6.3,1918,438,0.0,7,53.45788043478261,71.0,16.5,0.005,29.225,41.800737,-87.71188000000002,7,50520.066592674804,81.5,0.9593969663337032,16.5,89.0,73.0,7.0,2.750000000000004,17.414446910839807,0.18006659267480504,63.94154642989271,0,0,1,0,0,0,0
5406,52800,89.0,73.0,81.5,2.75,33.5,6.3,1918,438,0.0,7,53.45788043478261,71.0,16.5,0.005,29.225,41.800737,-87.71188000000002,7,50520.48825596449,81.5,0.9592195302385796,16.5,89.0,73.0,7.0,2.750000000000004,17.417421860551137,0.18003421490660182,63.94285185870168,0,0,0,1,0,0,0
5407,52800,89.0,73.0,81.5,2.75,33.5,6.3,1918,438,0.0,7,53.45788043478261,71.0,16.5,0.005,29.225,41.82561,-87.726549,7,50520.90976331361,81.5,0.9590421597633136,16.5,89.0,73.0,7.0,2.750000000000004,17.42039571005917,0.1800018491124253,63.94415680473372,0,1,0,0,0,0,0
5408,52800,89.0,73.0,81.5,2.75,33.5,6.3,1918,438,0.0,7,53.45788043478261,71.0,16.5,0.005,29.225,41.82561,-87.726549,7,50521.33111480865,81.5,0.9588648548715104,16.5,89.0,73.0,7.0,2.750000000000004,17.423368459974114,0.17996949528563433,63.94546126825661,0,0,1,0,0,0,0
5409,52800,89.0,73.0,81.5,2.75,33.5,6.3,1918,438,0.0,7,53.45788043478261,71.0,16.5,0.005,29.225,41.82561,-87.726549,7,50521.752310536045,81.5,0.9586876155268024,16.5,89.0,73.0,7.0,2.750000000000004,17.42634011090573,0.17993715341959265,63.94676524953789,0,0,0,1,0,0,0
5410,52800,89.0,73.0,81.5,2.75,33.5,6.3,1918,438,0.0,7,53.45788043478261,71.0,16.5,0.005,29.225,41.778297,-87.752411,7,50522.17335058215,81.5,0.958510441692848,16.5,89.0,73.0,7.0,2.750000000000004,17.429310663463312,0.17990482350766884,63.94806874884496,0,1,0,0,0,0,0
5411,52800,89.0,73.0,81.5,2.75,33.5,6.3,1918,438,0.0,7,53.45788043478261,71.0,16.5,0.005,29.225,41.778297,-87.752411,7,50522.59423503326,81.5,0.9583333333333334,16.5,89.0,73.0,7.0,2.750000000000004,17.43228011825573,0.17987250554323653,63.94937176644494,0,0,1,0,0,0,0
5412,52800,89.0,73.0,81.5,2.75,33.5,6.3,1918,438,0.0,7,53.45788043478261,71.0,16.5,0.005,29.225,41.778297,-87.752411,7,50523.01496397561,81.5,0.9581562904119711,16.5,89.0,73.0,7.0,2.750000000000004,17.435248475891374,0.17984019951967412,63.950674302604845,0,0,0,1,0,0,0
5413,52800,89.0,73.0,81.5,2.75,33.5,6.3,1918,438,0.0,7,53.45788043478261,71.0,16.5,0.005,29.225,41.768388,-87.678649,7,50523.43553749538,81.5,0.9579793128925008,16.5,89.0,73.0,7.0,2.750000000000004,17.438215736978204,0.17980790543036498,63.95197635759143,0,1,0,0,0,0,0
5414,52800,89.0,73.0,81.5,2.75,33.5,6.3,1918,438,0.0,7,53.45788043478261,71.0,16.5,0.005,29.225,41.768388,-87.678649,7,50523.85595567867,81.5,0.9578024007386888,16.5,89.0,73.0,7.0,2.750000000000004,17.44118190212373,0.17977562326869734,63.95327793167129,0,0,1,0,0,0,0
5415,52800,89.0,73.0,81.5,2.75,33.5,6.3,1918,438,0.0,7,53.45788043478261,71.0,16.5,0.005,29.225,41.773215,-87.60088,7,50524.27621861152,81.5,0.957625553914328,16.5,89.0,73.0,7.0,2.750000000000004,17.44414697193501,0.17974335302806427,63.95457902511078,0,1,0,0,0,0,0
5416,52800,89.0,73.0,81.5,2.75,33.5,6.3,1918,438,0.0,7,53.45788043478261,71.0,16.5,0.005,29.225,41.773215,-87.60088,7,50524.69632637991,81.5,0.9574487723832379,16.5,89.0,73.0,7.0,2.750000000000004,17.447110947018643,0.17971109470186378,63.95587963817611,0,0,1,0,0,0,0
5417,52800,89.0,73.0,81.5,2.75,33.5,6.3,1918,438,0.0,7,53.45788043478261,71.0,16.5,0.005,29.225,41.773215,-87.60088,7,50525.11627906976,81.5,0.9572720561092654,16.5,89.0,73.0,7.0,2.750000000000004,17.450073827980805,0.1796788482834987,63.95717977113326,0,0,0,1,0,0,0
5418,52800,89.0,73.0,81.5,2.75,33.5,6.3,1918,438,0.0,7,53.45788043478261,71.0,16.5,0.005,29.225,41.822536,-87.66634300000004,7,50525.53607676693,81.5,0.9570954050562834,16.5,89.0,73.0,7.0,2.750000000000004,17.453035615427197,0.17964661376637686,63.958479424248026,0,0,1,0,0,0,0
5419,52800,89.0,73.0,81.5,2.75,33.5,6.3,1918,438,0.0,7,53.45788043478261,71.0,16.5,0.005,29.225,41.822536,-87.66634300000004,7,50525.9557195572,81.5,0.956918819188192,16.5,89.0,73.0,7.0,2.750000000000004,17.4559963099631,0.1796143911439107,63.95977859778598,0,0,0,1,0,0,0
5420,52800,89.0,73.0,81.5,2.75,33.5,6.3,1918,438,0.0,7,53.45788043478261,71.0,16.5,0.005,29.225,41.766202,-87.562889,7,50526.37520752629,81.5,0.9567422984689172,16.5,89.0,73.0,7.0,2.750000000000004,17.45895591219332,0.1795821804095178,63.96107729201255,0,0,1,0,0,0,0
5421,52800,89.0,73.0,81.5,2.75,33.5,6.3,1918,438,0.0,7,53.45788043478261,71.0,16.5,0.005,29.225,41.766202,-87.562889,7,50526.794540759875,81.5,0.9565658428624124,16.5,89.0,73.0,7.0,2.750000000000004,17.461914422722238,0.17954998155662044,63.962375507192924,0,0,0,1,0,0,0
5422,52800,89.0,73.0,81.5,2.75,33.5,6.3,1918,438,0.0,7,53.45788043478261,71.0,16.5,0.005,29.225,41.754676,-87.612922,7,50527.213719343534,81.5,0.9563894523326572,16.5,89.0,73.0,7.0,2.750000000000004,17.46487184215379,0.17951779457864578,63.9636732435921,0,0,1,0,0,0,0
5423,52800,89.0,73.0,81.5,2.75,33.5,6.3,1918,438,0.0,7,53.45788043478261,71.0,16.5,0.005,29.225,41.754676,-87.612922,7,50527.63274336283,81.5,0.9562131268436578,16.5,89.0,73.0,7.0,2.750000000000004,17.467828171091444,0.1794856194690258,63.96497050147492,0,0,0,1,0,0,0
5424,52800,89.0,73.0,81.5,2.75,33.5,6.3,1918,438,0.0,7,53.45788043478261,71.0,16.5,0.005,29.225,41.803423,-87.642984,7,50528.051612903226,81.5,0.9560368663594471,16.5,89.0,73.0,7.0,2.750000000000004,17.47078341013825,0.1794534562211974,63.96626728110599,0,0,1,0,0,0,0
5425,52800,89.0,73.0,81.5,2.75,33.5,6.3,1918,438,0.0,7,53.45788043478261,71.0,16.5,0.005,29.225,41.803423,-87.642984,7,50528.47032805013,81.5,0.9558606708440842,16.5,89.0,73.0,7.0,2.750000000000004,17.473737559896797,0.17942130482860227,63.967563582749726,0,0,0,1,0,0,0
5426,52800,89.0,73.0,81.5,2.75,33.5,6.3,1918,438,0.0,7,53.45788043478261,71.0,16.5,0.005,29.225,41.754292,-87.590773,7,50528.88888888888,81.5,0.9556845402616548,16.5,89.0,73.0,7.0,2.750000000000004,17.47669062096923,0.17938916528468693,63.968859406670354,0,0,1,0,0,0,0
5427,52800,89.0,73.0,81.5,2.75,33.5,6.3,1918,438,0.0,7,53.45788043478261,71.0,16.5,0.005,29.225,41.754292,-87.590773,7,50529.30729550478,81.5,0.9555084745762712,16.5,89.0,73.0,7.0,2.750000000000004,17.47964259395726,0.17935703758290272,63.97015475313191,0,0,0,1,0,0,0
5428,52800,89.0,73.0,81.5,2.75,33.5,6.3,1918,438,0.0,7,53.45788043478261,71.0,16.5,0.005,29.225,41.723195,-87.64997,7,50529.725547983064,81.5,0.9553324737520722,16.5,89.0,73.0,7.0,2.750000000000004,17.482593479462146,0.17932492171670586,63.971449622398225,0,1,0,0,0,0,0
5429,52800,89.0,73.0,81.5,2.75,33.5,6.3,1918,438,0.0,7,53.45788043478261,71.0,16.5,0.005,29.225,41.868077,-87.666901,7,50530.14364640884,81.5,0.9551565377532228,16.5,89.0,73.0,7.0,2.750000000000004,17.485543278084716,0.17929281767955724,63.972744014732974,0,1,0,0,0,0,0
5430,52800,89.0,73.0,81.5,2.75,33.5,6.3,1918,438,0.0,7,53.45788043478261,71.0,16.5,0.005,29.225,41.868077,-87.666901,7,50530.56159086723,81.5,0.9549806665439146,16.5,89.0,73.0,7.0,2.750000000000004,17.488491990425338,0.17926072546492286,63.97403793039956,0,0,1,0,0,0,0
5431,52800,89.0,73.0,81.5,2.75,33.5,6.3,1918,438,0.0,7,53.45788043478261,71.0,16.5,0.005,29.225,41.868077,-87.666901,7,50530.9793814433,81.5,0.9548048600883652,16.5,89.0,73.0,7.0,2.750000000000004,17.491439617083948,0.1792286450662732,63.975331369661276,0,0,0,1,0,0,0
5432,52800,89.0,73.0,81.5,2.75,33.5,6.3,1918,438,0.0,7,53.45788043478261,71.0,16.5,0.005,29.225,41.720848,-87.666014,7,50531.397018221985,81.5,0.9546291183508192,16.5,89.0,73.0,7.0,2.750000000000004,17.494386158660042,0.17919657647708373,63.97662433278115,0,1,0,0,0,0,0
5433,52800,89.0,73.0,81.5,2.75,33.5,6.3,1918,438,0.0,7,53.45788043478261,71.0,16.5,0.005,29.225,41.720848,-87.666014,7,50531.81450128819,81.5,0.9544534412955464,16.5,89.0,73.0,7.0,2.750000000000004,17.497331615752667,0.17916451969083474,63.97791682002208,0,0,1,0,0,0,0
5434,52800,89.0,73.0,81.5,2.75,33.5,6.3,1918,438,0.0,7,53.45788043478261,71.0,16.5,0.005,29.225,41.720848,-87.666014,7,50532.23183072677,81.5,0.9542778288868444,16.5,89.0,73.0,7.0,2.750000000000004,17.500275988960446,0.1791324747010112,63.97920883164674,0,0,0,1,0,0,0
5435,52800,89.0,73.0,81.5,2.75,33.5,6.3,1918,438,0.0,7,53.45788043478261,71.0,16.5,0.005,29.225,41.704336,-87.70373599999998,7,50532.649006622516,81.5,0.9541022810890358,16.5,89.0,73.0,7.0,2.750000000000004,17.503219278881527,0.17910044150110302,63.98050036791759,0,1,0,0,0,0,0
5436,52800,89.0,73.0,81.5,2.75,33.5,6.3,1918,438,0.0,7,53.45788043478261,71.0,16.5,0.005,29.225,41.704336,-87.70373599999998,7,50533.06602906016,81.5,0.9539267978664704,16.5,89.0,73.0,7.0,2.750000000000004,17.506161486113665,0.17906842008460475,63.98179142909693,0,0,1,0,0,0,0
5437,52800,89.0,73.0,81.5,2.75,33.5,6.3,1918,438,0.0,7,53.45788043478261,71.0,16.5,0.005,29.225,41.704336,-87.70373599999998,7,50533.48289812432,81.5,0.9537513791835234,16.5,89.0,73.0,7.0,2.750000000000004,17.509102611254143,0.1790364104450158,63.983082015446854,0,0,0,1,0,0,0
5438,52800,89.0,73.0,81.5,2.75,33.5,6.3,1918,438,0.0,7,53.45788043478261,71.0,16.5,0.005,29.225,41.750498,-87.605294,7,50533.89961389962,81.5,0.9535760250045964,16.5,89.0,73.0,7.0,2.750000000000004,17.512042654899798,0.1790044125758404,63.98437212722927,0,1,0,0,0,0,0
5439,52800,89.0,73.0,81.5,2.75,33.5,6.3,1918,438,0.0,7,53.45788043478261,71.0,16.5,0.005,29.225,41.750498,-87.605294,7,50534.31617647059,81.5,0.9534007352941176,16.5,89.0,73.0,7.0,2.750000000000004,17.514981617647063,0.17897242647058748,63.98566176470589,0,0,1,0,0,0,0
5440,52800,89.0,73.0,81.5,2.75,33.5,6.3,1918,438,0.0,7,53.45788043478261,71.0,16.5,0.005,29.225,41.750498,-87.605294,7,50534.73258592171,81.5,0.9532255100165412,16.5,89.0,73.0,7.0,2.750000000000004,17.517919500091892,0.1789404521227708,63.98695092813821,0,0,0,1,0,0,0
5441,52800,89.0,73.0,81.5,2.75,33.5,6.3,1918,438,0.0,7,53.45788043478261,71.0,16.5,0.005,29.225,41.798697,-87.736812,7,50535.148842337374,81.5,0.9530503491363468,16.5,89.0,73.0,7.0,2.750000000000004,17.52085630282984,0.17890848952590885,63.98823961778758,0,1,0,0,0,0,0
5442,52800,89.0,73.0,81.5,2.75,33.5,6.3,1918,438,0.0,7,53.45788043478261,71.0,16.5,0.005,29.225,41.798697,-87.736812,7,50535.564945801954,81.5,0.9528752526180416,16.5,89.0,73.0,7.0,2.750000000000004,17.523792026455993,0.17887653867352488,63.98952783391512,0,0,1,0,0,0,0
5443,52800,89.0,73.0,81.5,2.75,33.5,6.3,1918,438,0.0,7,53.45788043478261,71.0,16.5,0.005,29.225,41.798697,-87.736812,7,50535.980896399706,81.5,0.9527002204261572,16.5,89.0,73.0,7.0,2.750000000000004,17.526726671565026,0.17884459955914694,63.99081557678178,0,0,0,1,0,0,0
5444,52800,89.0,73.0,81.5,2.75,33.5,6.3,1918,438,0.0,7,53.45788043478261,71.0,16.5,0.005,29.225,41.673408,-87.599862,7,50536.39669421488,81.5,0.9525252525252526,16.5,89.0,73.0,7.0,2.750000000000004,17.529660238751152,0.17881267217630778,63.992102846648294,0,1,0,0,0,0,0
5445,52800,89.0,73.0,81.5,2.75,33.5,6.3,1918,438,0.0,7,53.45788043478261,71.0,16.5,0.005,29.225,41.673408,-87.599862,7,50536.81233933162,81.5,0.952350348879912,16.5,89.0,73.0,7.0,2.750000000000004,17.532592728608154,0.17878075651854494,63.99338964377525,0,0,1,0,0,0,0
5446,52800,89.0,73.0,81.5,2.75,33.5,6.3,1918,438,0.0,7,53.45788043478261,71.0,16.5,0.005,29.225,41.673408,-87.599862,7,50537.22783183403,81.5,0.9521755094547456,16.5,89.0,73.0,7.0,2.750000000000004,17.535524141729393,0.17874885257940076,63.994675968422975,0,0,0,1,0,0,0
5447,52800,89.0,73.0,81.5,2.75,33.5,6.3,1918,438,0.0,7,53.45788043478261,71.0,16.5,0.005,29.225,41.704572,-87.56566600000002,7,50537.64317180617,81.5,0.9520007342143906,16.5,89.0,73.0,7.0,2.750000000000004,17.538454478707784,0.17871696035242216,63.99596182085169,0,1,0,0,0,0,0
5448,52800,89.0,73.0,81.5,2.75,33.5,6.3,1918,438,0.0,7,53.45788043478261,71.0,16.5,0.005,29.225,41.704572,-87.56566600000002,7,50538.05835933199,81.5,0.951826023123509,16.5,89.0,73.0,7.0,2.750000000000004,17.541383740135807,0.17868507983116091,63.99724720132134,0,0,1,0,0,0,0
5449,52800,89.0,73.0,81.5,2.75,33.5,6.3,1918,438,0.0,7,53.45788043478261,71.0,16.5,0.005,29.225,41.704572,-87.56566600000002,7,50538.47339449541,81.5,0.9516513761467891,16.5,89.0,73.0,7.0,2.750000000000004,17.544311926605506,0.17865321100917356,63.99853211009175,0,0,0,1,0,0,0
5450,52800,89.0,73.0,81.5,2.75,33.5,6.3,1918,438,0.0,7,53.45788043478261,71.0,16.5,0.005,29.225,41.704572,-87.56566600000002,7,50538.888277380305,81.5,0.9514767932489452,16.5,89.0,73.0,7.0,2.750000000000004,17.547239038708494,0.17862135388002126,63.9998165474225,0,0,0,0,0,0,1
5451,52800,89.0,73.0,81.5,2.75,33.5,6.3,1918,438,0.0,7,53.45788043478261,71.0,16.5,0.005,29.225,41.662014,-87.72460799999998,7,50539.30300807043,81.5,0.9513022743947176,16.5,89.0,73.0,7.0,2.750000000000004,17.55016507703595,0.17858950843726998,64.00110051357301,0,0,1,0,0,0,0
5452,52800,89.0,73.0,81.5,2.75,33.5,6.3,1918,438,0.0,7,53.45788043478261,71.0,16.5,0.005,29.225,41.662014,-87.72460799999998,7,50539.71758664955,81.5,0.9511278195488722,16.5,89.0,73.0,7.0,2.750000000000004,17.553090042178614,0.17855767467449035,64.0023840088025,0,0,0,1,0,0,0
5453,52800,89.0,73.0,81.5,2.75,33.5,6.3,1918,438,0.0,7,53.45788043478261,71.0,16.5,0.005,29.225,41.662014,-87.72460799999998,7,50540.13201320132,81.5,0.9509534286762008,16.5,89.0,73.0,7.0,2.750000000000004,17.556013934726806,0.17852585258525774,64.00366703337001,0,0,0,0,0,0,1
5454,52800,89.0,73.0,81.5,2.75,33.5,6.3,1918,438,0.0,7,53.45788043478261,71.0,16.5,0.005,29.225,41.72646500000001,-87.585413,7,50540.54628780935,81.5,0.9507791017415216,16.5,89.0,73.0,7.0,2.750000000000004,17.558936755270395,0.17849404216315232,64.00494958753437,0,0,1,0,0,0,0
5455,52800,89.0,73.0,81.5,2.75,33.5,6.3,1918,438,0.0,7,53.45788043478261,71.0,16.5,0.005,29.225,41.94016,-87.794896,7,50540.960410557185,81.5,0.9506048387096774,16.5,89.0,73.0,7.0,2.750000000000004,17.561858504398828,0.17846224340175876,64.00623167155425,0,0,1,0,0,0,0
5456,52800,89.0,73.0,81.5,2.75,33.5,6.3,1918,438,0.0,7,53.45788043478261,71.0,16.5,0.005,29.225,41.94016,-87.794896,7,50541.37438152831,81.5,0.950430639545538,16.5,89.0,73.0,7.0,2.750000000000004,17.564779182701116,0.17843045629466664,64.0075132856881,0,0,0,1,0,0,0
5457,52800,89.0,73.0,81.5,2.75,33.5,6.3,1918,438,0.0,7,53.45788043478261,71.0,16.5,0.005,29.225,41.878114,-87.629798,7,50541.788200806164,81.5,0.9502565042139978,16.5,89.0,73.0,7.0,2.750000000000004,17.56769879076585,0.1783986808354701,64.0087944301942,0,0,1,0,0,0,0
5458,52800,89.0,73.0,81.5,2.75,33.5,6.3,1918,438,0.0,7,53.45788043478261,71.0,16.5,0.005,29.225,41.878114,-87.629798,7,50542.20186847408,81.5,0.950082432679978,16.5,89.0,73.0,7.0,2.750000000000004,17.570617329181168,0.17836691701776805,64.01007510533064,0,0,0,1,0,0,0
5459,52800,89.0,73.0,81.5,2.75,33.5,6.3,1918,438,0.0,7,53.45788043478261,71.0,16.5,0.005,29.225,41.932094,-87.700117,7,50542.61538461538,81.5,0.9499084249084248,16.5,89.0,73.0,7.0,2.750000000000004,17.573534798534798,0.17833516483516407,64.01135531135533,0,1,0,0,0,0,0
5460,52800,89.0,73.0,81.5,2.75,33.5,6.3,1918,438,0.0,7,53.45788043478261,71.0,16.5,0.005,29.225,41.932094,-87.700117,7,50543.02874931332,81.5,0.9497344808643106,16.5,89.0,73.0,7.0,2.750000000000004,17.576451199414027,0.1783034242812664,64.01263504852591,0,0,1,0,0,0,0
5461,52800,89.0,73.0,81.5,2.75,33.5,6.3,1918,438,0.0,7,53.45788043478261,71.0,16.5,0.005,29.225,41.932094,-87.700117,7,50543.441962651035,81.5,0.9495606005126328,16.5,89.0,73.0,7.0,2.750000000000004,17.57936653240571,0.17827169534968798,64.01391431709996,0,0,0,1,0,0,0
5462,52800,89.0,73.0,81.5,2.75,33.5,6.3,1918,438,0.0,7,53.45788043478261,71.0,16.5,0.005,29.225,41.916265,-87.800515,7,50543.8550247117,81.5,0.9493867838184148,16.5,89.0,73.0,7.0,2.750000000000004,17.582280798096285,0.17823997803404645,64.01519311733479,0,1,0,0,0,0,0
5463,52800,89.0,73.0,81.5,2.75,33.5,6.3,1918,438,0.0,7,53.45788043478261,71.0,16.5,0.005,29.225,41.916265,-87.800515,7,50544.26793557833,81.5,0.9492130307467056,16.5,89.0,73.0,7.0,2.750000000000004,17.58519399707174,0.1782082723279641,64.01647144948754,0,0,1,0,0,0,0
5464,52800,89.0,73.0,81.5,2.75,33.5,6.3,1918,438,0.0,7,53.45788043478261,71.0,16.5,0.005,29.225,41.916265,-87.800515,7,50544.68069533393,81.5,0.94903934126258,16.5,89.0,73.0,7.0,2.750000000000004,17.58810612991766,0.17817657822506786,64.01774931381519,0,0,0,1,0,0,0
5465,52800,89.0,73.0,81.5,2.75,33.5,6.3,1918,438,0.0,7,53.45788043478261,71.0,16.5,0.005,29.225,41.846075,-87.716277,7,50545.09330406146,81.5,0.948865715331138,16.5,89.0,73.0,7.0,2.750000000000004,17.59101719721917,0.17814489571898934,64.01902671057447,0,1,0,0,0,0,0
5466,52800,89.0,73.0,81.5,2.75,33.5,6.3,1918,438,0.0,7,53.45788043478261,71.0,16.5,0.005,29.225,41.846075,-87.716277,7,50545.505761843786,81.5,0.9486921529175052,16.5,89.0,73.0,7.0,2.750000000000004,17.593927199561,0.1781132248033649,64.02030364002195,0,0,1,0,0,0,0
5467,52800,89.0,73.0,81.5,2.75,33.5,6.3,1918,438,0.0,7,53.45788043478261,71.0,16.5,0.005,29.225,41.846075,-87.716277,7,50545.91806876371,81.5,0.9485186539868324,16.5,89.0,73.0,7.0,2.750000000000004,17.596836137527433,0.17808156547183535,64.02158010241405,0,0,0,1,0,0,0
5468,52800,89.0,73.0,81.5,2.75,33.5,6.3,1918,438,0.0,7,53.45788043478261,71.0,16.5,0.005,29.225,41.776156,-87.778927,7,50546.330224904006,81.5,0.948345218504297,16.5,89.0,73.0,7.0,2.750000000000004,17.599744011702324,0.1780499177180464,64.02285609800695,0,0,1,0,0,0,0
5469,52800,89.0,73.0,81.5,2.75,33.5,6.3,1918,438,0.0,7,53.45788043478261,71.0,16.5,0.005,29.225,41.682587,-87.707973,7,50546.74223034735,81.5,0.9481718464351006,16.5,89.0,73.0,7.0,2.750000000000004,17.602650822669105,0.17801828153564822,64.02413162705668,0,1,0,0,0,0,0
5470,52800,89.0,73.0,81.5,2.75,33.5,6.3,1918,438,0.0,7,53.45788043478261,71.0,16.5,0.005,29.225,41.682587,-87.707973,7,50547.15408517639,81.5,0.9479985377444708,16.5,89.0,73.0,7.0,2.750000000000004,17.605556571010784,0.1779866569182957,64.02540668981905,0,0,1,0,0,0,0
5471,52800,89.0,73.0,81.5,2.75,33.5,6.3,1918,438,0.0,7,53.45788043478261,71.0,16.5,0.005,29.225,41.903002,-87.68826700000002,7,50547.565789473694,81.5,0.9478252923976608,16.5,89.0,73.0,7.0,2.750000000000004,17.60846125730994,0.17795504385964836,64.0266812865497,0,0,1,0,0,0,0
5472,52800,89.0,73.0,81.5,2.75,33.5,6.3,1918,438,0.0,7,53.45788043478261,71.0,16.5,0.005,29.225,41.678618,-87.559308,7,50547.977343321756,81.5,0.9476521103599488,16.5,89.0,73.0,7.0,2.750000000000004,17.61136488214873,0.17792344235337032,64.02795541750412,0,0,1,0,0,0,0
5473,52800,89.0,73.0,81.5,2.75,33.5,6.3,1918,438,0.0,7,53.45788043478261,71.0,16.5,0.005,29.225,41.678618,-87.559308,7,50548.388746803066,81.5,0.9474789915966386,16.5,89.0,73.0,7.0,2.750000000000004,17.61426744610888,0.17789185239313038,64.02922908293753,0,0,0,1,0,0,0
5474,52800,89.0,73.0,81.5,2.75,33.5,6.3,1918,438,0.0,7,53.45788043478261,71.0,16.5,0.005,29.225,41.678618,-87.559308,7,50548.8,81.5,0.9473059360730594,16.5,89.0,73.0,7.0,2.750000000000004,17.617168949771692,0.17786027397260196,64.03050228310502,0,0,0,0,0,0,1
5475,52800,89.0,73.0,81.5,2.75,33.5,6.3,1918,438,0.0,7,53.45788043478261,71.0,16.5,0.005,29.225,41.740641,-87.546587,7,50549.21110299488,81.5,0.9471329437545654,16.5,89.0,73.0,7.0,2.750000000000004,17.620069393718047,0.17782870708546306,64.0317750182615,0,1,0,0,0,0,0
5476,52800,89.0,73.0,81.5,2.75,33.5,6.3,1918,438,0.0,7,53.45788043478261,71.0,16.5,0.005,29.225,41.740641,-87.546587,7,50549.62205587,81.5,0.9469600146065364,16.5,89.0,73.0,7.0,2.750000000000004,17.62296877852839,0.17779715172539634,64.03304728866168,0,0,1,0,0,0,0
5477,52800,89.0,73.0,81.5,2.75,33.5,6.3,1918,438,0.0,7,53.45788043478261,71.0,16.5,0.005,29.225,41.680946,-87.535198,7,50550.03285870756,81.5,0.9467871485943776,16.5,89.0,73.0,7.0,2.750000000000004,17.625867104782763,0.17776560788608906,64.03431909456006,0,1,0,0,0,0,0
5478,52800,89.0,73.0,81.5,2.75,33.5,6.3,1918,438,0.0,7,53.45788043478261,71.0,16.5,0.005,29.225,41.680946,-87.535198,7,50550.443511589714,81.5,0.9466143456835188,16.5,89.0,73.0,7.0,2.750000000000004,17.628764373060783,0.17773407556123302,64.03559043621098,0,0,0,1,0,0,0
5479,52800,89.0,73.0,81.5,2.75,33.5,6.3,1918,438,0.0,7,53.45788043478261,71.0,16.5,0.005,29.225,41.680946,-87.535198,7,50550.85401459853,81.5,0.946441605839416,16.5,89.0,73.0,7.0,2.750000000000004,17.631660583941606,0.17770255474452476,64.03686131386861,0,0,0,0,0,0,1
5480,52800,89.0,73.0,81.5,2.75,33.5,6.3,1918,438,0.0,7,53.45788043478261,71.0,16.5,0.005,29.225,41.948167,-87.730698,7,50551.26436781608,81.5,0.9462689290275496,16.5,89.0,73.0,7.0,2.750000000000004,17.634555738004014,0.17767104542966533,64.03813172778689,0,0,1,0,0,0,0
5481,52800,89.0,73.0,81.5,2.75,33.5,6.3,1918,438,0.0,7,53.45788043478261,71.0,16.5,0.005,29.225,41.963976,-87.69181,7,50551.674571324336,81.5,0.9460963152134256,16.5,89.0,73.0,7.0,2.750000000000004,17.637449835826338,0.1776395476103604,64.03940167821963,0,1,0,0,0,0,0
5482,52800,89.0,73.0,81.5,2.75,33.5,6.3,1918,438,0.0,7,53.45788043478261,71.0,16.5,0.005,29.225,41.925198,-87.746381,7,50552.084625205185,81.5,0.9459237643625752,16.5,89.0,73.0,7.0,2.750000000000004,17.640342877986505,0.17760806128032022,64.04067116542039,0,0,1,0,0,0,0
5483,52800,89.0,73.0,81.5,2.75,33.5,6.3,1918,438,0.0,7,53.45788043478261,71.0,16.5,0.005,29.225,41.925198,-87.746381,7,50552.494529540476,81.5,0.9457512764405543,16.5,89.0,73.0,7.0,2.750000000000004,17.643234865062002,0.1775765864332596,64.0419401896426,0,0,0,1,0,0,0
5484,52800,89.0,73.0,81.5,2.75,33.5,6.3,1918,438,0.0,7,53.45788043478261,71.0,16.5,0.005,29.225,41.973845,-87.805059,7,50552.904284412034,81.5,0.9455788514129444,16.5,89.0,73.0,7.0,2.750000000000004,17.646125797629896,0.17754512306289805,64.04320875113947,0,0,1,0,0,0,0
5485,52800,89.0,73.0,81.5,2.75,33.5,6.3,1918,438,0.0,7,53.45788043478261,71.0,16.5,0.005,29.225,41.973845,-87.805059,7,50553.313889901576,81.5,0.9454064892453518,16.5,89.0,73.0,7.0,2.750000000000004,17.64901567626686,0.1775136711629595,64.04447685016406,0,0,0,1,0,0,0
5486,52800,89.0,73.0,81.5,2.75,33.5,6.3,1918,438,0.0,7,53.45788043478261,71.0,16.5,0.005,29.225,41.94722700000001,-87.67145699999998,7,50553.72334609076,81.5,0.945234189903408,16.5,89.0,73.0,7.0,2.750000000000004,17.65190450154911,0.17748223072717256,64.0457444869692,0,0,1,0,0,0,0
5487,52800,89.0,73.0,81.5,2.75,33.5,6.3,1918,438,0.0,7,53.45788043478261,71.0,16.5,0.005,29.225,41.94722700000001,-87.67145699999998,7,50554.13265306123,81.5,0.9450619533527695,16.5,89.0,73.0,7.0,2.750000000000004,17.654792274052483,0.17745080174927036,64.04701166180756,0,0,0,1,0,0,0
5488,52800,89.0,73.0,81.5,2.75,33.5,6.3,1918,438,0.0,7,53.45788043478261,71.0,16.5,0.005,29.225,41.743402,-87.731435,7,50554.54181089452,81.5,0.9448897795591182,16.5,89.0,73.0,7.0,2.750000000000004,17.65767899435234,0.17741938422299067,64.04827837493168,0,1,0,0,0,0,0
5489,52800,89.0,73.0,81.5,2.75,33.5,6.3,1918,438,0.0,7,53.45788043478261,71.0,16.5,0.005,29.225,41.743402,-87.731435,7,50554.95081967213,81.5,0.9447176684881604,16.5,89.0,73.0,7.0,2.750000000000004,17.660564663023678,0.17738797814207571,64.0495446265938,0,0,1,0,0,0,0
5490,52800,89.0,73.0,81.5,2.75,33.5,6.3,1918,438,0.0,7,53.45788043478261,71.0,16.5,0.005,29.225,41.743402,-87.731435,7,50555.35967947551,81.5,0.9445456201056274,16.5,89.0,73.0,7.0,2.750000000000004,17.66344928064105,0.1773565835002724,64.05081041704608,0,0,0,1,0,0,0
5491,52800,89.0,73.0,81.5,2.75,33.5,6.3,1918,438,0.0,7,53.45788043478261,71.0,16.5,0.005,29.225,41.793818,-87.654234,7,50555.768390386016,81.5,0.944373634377276,16.5,89.0,73.0,7.0,2.750000000000004,17.666332847778584,0.17732520029133206,64.05207574654042,0,1,0,0,0,0,0
5492,52800,89.0,73.0,81.5,2.75,33.5,6.3,1918,438,0.0,7,53.45788043478261,71.0,16.5,0.005,29.225,41.793818,-87.654234,7,50556.17695248498,81.5,0.9442017112688876,16.5,89.0,73.0,7.0,2.750000000000004,17.66921536501001,0.17729382850901068,64.0533406153286,0,0,1,0,0,0,0
5493,52800,89.0,73.0,81.5,2.75,33.5,6.3,1918,438,0.0,7,53.45788043478261,71.0,16.5,0.005,29.225,41.793818,-87.654234,7,50556.585365853665,81.5,0.9440298507462688,16.5,89.0,73.0,7.0,2.750000000000004,17.67209683290863,0.17726246814706875,64.05460502366218,0,0,0,1,0,0,0
5494,52800,89.0,73.0,81.5,2.75,33.5,6.3,1918,438,0.0,7,53.45788043478261,71.0,16.5,0.005,29.225,41.728495,-87.60096300000002,7,50556.993630573255,81.5,0.9438580527752504,16.5,89.0,73.0,7.0,2.750000000000004,17.674977252047317,0.1772311191992713,64.05586897179253,0,0,1,0,0,0,0
5495,52800,89.0,73.0,81.5,2.75,33.5,6.3,1918,438,0.0,7,53.45788043478261,71.0,16.5,0.005,29.225,41.728495,-87.60096300000002,7,50557.401746724885,81.5,0.9436863173216884,16.5,89.0,73.0,7.0,2.750000000000004,17.677856622998547,0.17719978165938785,64.05713245997089,0,0,0,1,0,0,0
5496,52800,89.0,73.0,81.5,2.75,33.5,6.3,1918,438,0.0,7,53.45788043478261,71.0,16.5,0.005,29.225,41.951866,-87.72505699999998,7,50557.80971438967,81.5,0.9435146443514644,16.5,89.0,73.0,7.0,2.750000000000004,17.680734946334365,0.1771684555211926,64.05839548844824,0,0,1,0,0,0,0
5497,52800,89.0,73.0,81.5,2.75,33.5,6.3,1918,438,0.0,7,53.45788043478261,71.0,16.5,0.005,29.225,41.951866,-87.72505699999998,7,50558.2175336486,81.5,0.9433430338304838,16.5,89.0,73.0,7.0,2.750000000000004,17.683612222626408,0.1771371407784641,64.05965805747545,0,0,0,1,0,0,0
5498,52800,89.0,73.0,81.5,2.75,33.5,6.3,1918,438,0.0,7,53.45788043478261,71.0,16.5,0.005,29.225,41.904194,-87.756155,7,50558.625204582655,81.5,0.9431714857246772,16.5,89.0,73.0,7.0,2.750000000000004,17.686488452445897,0.17710583742498556,64.06092016730315,0,1,0,0,0,0,0
5499,52800,89.0,73.0,81.5,2.75,33.5,6.3,1918,438,0.0,7,53.45788043478261,71.0,16.5,0.005,29.225,41.904194,-87.756155,7,50559.03272727274,81.5,0.943,16.5,89.0,73.0,7.0,2.750000000000004,17.689363636363638,0.17707454545454465,64.06218181818181,0,0,0,1,0,0,0
5500,52800,89.0,73.0,81.5,2.75,33.5,6.3,1918,438,0.0,7,53.45788043478261,71.0,16.5,0.005,29.225,41.98728,-87.666066,7,50559.44010179967,81.5,0.9428285766224322,16.5,89.0,73.0,7.0,2.750000000000004,17.692237774950012,0.17704326486093358,64.06344301036175,0,1,0,0,0,0,0
5501,52800,89.0,73.0,81.5,2.75,33.5,6.3,1918,438,0.0,7,53.45788043478261,71.0,16.5,0.005,29.225,41.98728,-87.666066,7,50559.847328244265,81.5,0.9426572155579788,16.5,89.0,73.0,7.0,2.750000000000004,17.69511086877499,0.17701199563794906,64.06470374409305,0,0,1,0,0,0,0
5502,52800,89.0,73.0,81.5,2.75,33.5,6.3,1918,438,0.0,7,53.45788043478261,71.0,16.5,0.005,29.225,41.98728,-87.666066,7,50560.254406687265,81.5,0.9424859167726696,16.5,89.0,73.0,7.0,2.750000000000004,17.69798291840814,0.17698073777939227,64.06596401962564,0,0,0,1,0,0,0
5503,52800,89.0,73.0,81.5,2.75,33.5,6.3,1918,438,0.0,7,53.45788043478261,71.0,16.5,0.005,29.225,41.776428,-87.627096,7,50560.661337209305,81.5,0.9423146802325582,16.5,89.0,73.0,7.0,2.750000000000004,17.700853924418606,0.17694949127906898,64.0672238372093,0,1,0,0,0,0,0
5504,52800,89.0,73.0,81.5,2.75,33.5,6.3,1918,438,0.0,7,53.45788043478261,71.0,16.5,0.005,29.225,41.776428,-87.627096,7,50561.06811989102,81.5,0.942143505903724,16.5,89.0,73.0,7.0,2.750000000000004,17.703723887375116,0.1769182561307894,64.06848319709356,0,0,1,0,0,0,0
5505,52800,89.0,73.0,81.5,2.75,33.5,6.3,1918,438,0.0,7,53.45788043478261,71.0,16.5,0.005,29.225,41.776428,-87.627096,7,50561.47475481293,81.5,0.9419723937522704,16.5,89.0,73.0,7.0,2.750000000000004,17.706592807845983,0.17688703232836825,64.06974209952779,0,0,0,1,0,0,0
5506,52800,89.0,73.0,81.5,2.75,33.5,6.3,1918,438,0.0,7,53.45788043478261,71.0,16.5,0.005,29.225,41.974689,-87.890615,7,50561.88124205557,81.5,0.9418013437443254,16.5,89.0,73.0,7.0,2.750000000000004,17.70946068639913,0.17685581986562476,64.07100054476122,0,1,0,0,0,0,0
5507,52800,89.0,73.0,81.5,2.75,33.5,6.3,1918,438,0.0,7,53.45788043478261,71.0,16.5,0.005,29.225,41.974689,-87.890615,7,50562.28758169935,81.5,0.9416303558460422,16.5,89.0,73.0,7.0,2.750000000000004,17.712327523602035,0.17682461873638264,64.07225853304284,0,0,1,0,0,0,0
5508,52800,89.0,73.0,81.5,2.75,33.5,6.3,1918,438,0.0,7,53.45788043478261,71.0,16.5,0.005,29.225,41.974689,-87.890615,7,50562.69377382465,81.5,0.9414594300235978,16.5,89.0,73.0,7.0,2.750000000000004,17.715193320021783,0.17679342893447006,64.07351606462153,0,0,0,1,0,0,0
5509,52800,89.0,73.0,81.5,2.75,33.5,6.3,1918,438,0.0,7,53.45788043478261,71.0,16.5,0.005,29.225,41.957799,-87.930995,7,50563.099818511786,81.5,0.9412885662431942,16.5,89.0,73.0,7.0,2.750000000000004,17.71805807622505,0.1767622504537197,64.0747731397459,0,1,0,0,0,0,0
5510,52800,89.0,73.0,81.5,2.75,33.5,6.3,1918,438,0.0,7,53.45788043478261,71.0,16.5,0.005,29.225,41.957799,-87.930995,7,50563.505715841035,81.5,0.941117764471058,16.5,89.0,73.0,7.0,2.750000000000004,17.72092179277808,0.17673108328796872,64.07602975866449,0,0,1,0,0,0,0
5511,52800,89.0,73.0,81.5,2.75,33.5,6.3,1918,438,0.0,7,53.45788043478261,71.0,16.5,0.005,29.225,41.957799,-87.930995,7,50563.9114658926,81.5,0.9409470246734396,16.5,89.0,73.0,7.0,2.750000000000004,17.723784470246734,0.1766999274310587,64.07728592162555,0,0,0,1,0,0,0
5512,52380,86.0,72.5,79.5,3.9,4.0,5.75,1915,442,0.0,5,53.45788043478261,71.5,14.5,0.53,29.31,41.95469,-87.800991,7,50564.24088518048,81.5,0.9407763468166151,16.5,89.0,73.0,7.0,2.750000000000004,17.721295120623978,0.17676401233448133,64.07863232359878,0,1,0,0,0,0,0
5513,52380,86.0,72.5,79.5,3.9,4.0,5.75,1915,442,0.0,5,53.45788043478261,71.5,14.5,0.53,29.31,41.95469,-87.800991,7,50564.570184983684,81.5,0.9406057308668844,16.5,89.0,73.0,7.0,2.750000000000004,17.718806673920923,0.17682807399347036,64.07997823721436,0,0,1,0,0,0,0
5514,52380,86.0,72.5,79.5,3.9,4.0,5.75,1915,442,0.0,5,53.45788043478261,71.5,14.5,0.53,29.31,41.95469,-87.800991,7,50564.89936536718,81.5,0.9404351767905712,16.5,89.0,73.0,7.0,2.750000000000004,17.716319129646422,0.17689211242067007,64.08132366273799,0,0,0,1,0,0,0
5515,52380,86.0,72.5,79.5,3.9,4.0,5.75,1915,442,0.0,5,53.45788043478261,71.5,14.5,0.53,29.31,41.964242,-87.757639,7,50565.22842639594,81.5,0.9402646845540248,16.5,89.0,73.0,7.0,2.750000000000004,17.713832487309645,0.17695612762871565,64.0826686004351,0,1,0,0,0,0,0
5516,52380,86.0,72.5,79.5,3.9,4.0,5.75,1915,442,0.0,5,53.45788043478261,71.5,14.5,0.53,29.31,41.964242,-87.757639,7,50565.55736813485,81.5,0.940094254123618,16.5,89.0,73.0,7.0,2.750000000000004,17.71134674642016,0.177020119630233,64.08401305057096,0,0,1,0,0,0,0
5517,52380,86.0,72.5,79.5,3.9,4.0,5.75,1915,442,0.0,5,53.45788043478261,71.5,14.5,0.53,29.31,41.964242,-87.757639,7,50565.88619064879,81.5,0.9399238854657485,16.5,89.0,73.0,7.0,2.750000000000004,17.708861906487858,0.17708408843783896,64.08535701341066,0,0,0,1,0,0,0
5518,52380,86.0,72.5,79.5,3.9,4.0,5.75,1915,442,0.0,5,53.45788043478261,71.5,14.5,0.53,29.31,42.008314,-87.77792099999998,7,50566.214894002536,81.5,0.9397535785468382,16.5,89.0,73.0,7.0,2.750000000000004,17.706377967023013,0.17714803406414126,64.08670048921907,0,1,0,0,0,0,0
5519,52380,86.0,72.5,79.5,3.9,4.0,5.75,1915,442,0.0,5,53.45788043478261,71.5,14.5,0.53,29.31,42.008314,-87.77792099999998,7,50566.54347826087,79.5,0.9395833333333332,14.5,86.0,73.0,5.0,2.750000000000004,17.703894927536236,0.1772119565217383,64.08804347826087,0,0,1,0,0,0,0
5520,52380,86.0,72.5,79.5,3.9,4.0,5.75,1915,442,0.0,5,53.45788043478261,71.5,14.5,0.53,29.31,42.008314,-87.77792099999998,7,50566.8719434885,79.5,0.9394131497917044,14.5,86.0,73.0,5.0,2.750000000000004,17.701412787538487,0.1772758558232196,64.08938598080059,0,0,0,1,0,0,0
5521,52380,86.0,72.5,79.5,3.9,4.0,5.75,1915,442,0.0,5,53.45788043478261,71.5,14.5,0.53,29.31,41.944869,-87.832763,7,50567.200289750086,79.5,0.9392430278884464,14.5,86.0,73.0,5.0,2.750000000000004,17.698931546541107,0.1773397319811654,64.0907279971025,0,0,1,0,0,0,0
5522,52380,86.0,72.5,79.5,3.9,4.0,5.75,1915,442,0.0,5,53.45788043478261,71.5,14.5,0.53,29.31,41.944869,-87.832763,7,50567.528517110266,79.5,0.939072967590078,14.5,86.0,72.5,5.0,2.750000000000004,17.696451204055766,0.1774035850081469,64.09206952743074,0,0,0,1,0,0,0
5523,52380,86.0,72.5,79.5,3.9,4.0,5.75,1915,442,0.0,5,53.45788043478261,71.5,14.5,0.53,29.31,41.991429,-87.747113,7,50567.856625633605,79.5,0.9389029688631426,14.5,86.0,72.5,5.0,2.750000000000004,17.693971759594497,0.17746741491672616,64.09341057204925,0,0,1,0,0,0,0
5524,52380,86.0,72.5,79.5,3.9,4.0,5.75,1915,442,0.0,5,53.45788043478261,71.5,14.5,0.53,29.31,41.991429,-87.747113,7,50568.18461538461,79.5,0.9387330316742082,14.5,86.0,72.5,5.0,2.750000000000004,17.691493212669684,0.17753122171945615,64.09475113122171,0,0,0,1,0,0,0
5525,52380,86.0,72.5,79.5,3.9,4.0,5.75,1915,442,0.0,5,53.45788043478261,71.5,14.5,0.53,29.31,41.923738,-87.785288,7,50568.512486427804,79.5,0.938563155989866,14.5,86.0,72.5,5.0,2.750000000000004,17.689015562794065,0.1775950054288808,64.09609120521172,0,0,1,0,0,0,0
5526,52380,86.0,72.5,79.5,3.9,4.0,5.75,1915,442,0.0,5,53.45788043478261,71.5,14.5,0.53,29.31,41.960616,-87.777189,7,50568.84023882757,79.5,0.9383933417767324,14.5,86.0,72.5,5.0,2.750000000000004,17.68653880948073,0.17765876605753486,64.09743079428262,0,1,0,0,0,0,0
5527,52380,86.0,72.5,79.5,3.9,4.0,5.75,1915,442,0.0,5,53.45788043478261,71.5,14.5,0.53,29.31,42.010412,-87.66214000000002,7,50569.16787264834,79.5,0.9382235890014472,14.5,86.0,72.5,5.0,2.750000000000004,17.684062952243124,0.17772250361794414,64.09876989869754,0,0,1,0,0,0,0
5528,52380,86.0,72.5,79.5,3.9,4.0,5.75,1915,442,0.0,5,53.45788043478261,71.5,14.5,0.53,29.31,41.98480900000001,-87.728492,7,50569.49538795441,79.5,0.9380538976306746,14.5,86.0,72.5,5.0,2.750000000000004,17.681587990595048,0.17778621812262527,64.10010851871947,0,1,0,0,0,0,0
5529,52380,86.0,72.5,79.5,3.9,4.0,5.75,1915,442,0.0,5,53.45788043478261,71.5,14.5,0.53,29.31,41.98480900000001,-87.728492,7,50569.822784810116,79.5,0.9378842676311032,14.5,86.0,72.5,5.0,2.750000000000004,17.679113924050633,0.17784990958408592,64.10144665461121,0,0,1,0,0,0,0
5530,52380,86.0,72.5,79.5,3.9,4.0,5.75,1915,442,0.0,5,53.45788043478261,71.5,14.5,0.53,29.31,41.98480900000001,-87.728492,7,50570.150063279696,79.5,0.9377146989694448,14.5,86.0,72.5,5.0,2.750000000000004,17.676640752124392,0.17791357801482466,64.10278430663533,0,0,0,1,0,0,0
5531,52380,86.0,72.5,79.5,3.9,4.0,5.75,1915,442,0.0,5,53.45788043478261,71.5,14.5,0.53,29.31,41.98480900000001,-87.728492,7,50570.47722342733,79.5,0.9375451916124368,14.5,86.0,72.5,5.0,2.750000000000004,17.674168474331164,0.17797722342733105,64.10412147505423,0,0,0,0,0,0,1
5532,52380,86.0,72.5,79.5,3.9,4.0,5.75,1915,442,0.0,5,53.45788043478261,71.5,14.5,0.53,29.31,41.89923,-87.716788,7,50570.80426531719,79.5,0.937375745526839,14.5,86.0,72.5,5.0,2.750000000000004,17.671697090186157,0.1780408458340855,64.10545816013013,0,0,0,1,0,0,0
5533,52380,86.0,72.5,79.5,3.9,4.0,5.75,1915,442,0.0,5,53.45788043478261,71.5,14.5,0.53,29.31,41.801498,-87.763416,7,50571.131189013366,79.5,0.9372063606794362,14.5,86.0,72.5,5.0,2.750000000000004,17.669226599204915,0.17810444524755964,64.10679436212503,0,0,1,0,0,0,0
5534,52380,86.0,72.5,79.5,3.9,4.0,5.75,1915,442,0.0,5,53.45788043478261,71.5,14.5,0.53,29.31,41.801498,-87.763416,7,50571.45799457995,79.5,0.937037037037037,14.5,86.0,72.5,5.0,2.750000000000004,17.666757000903345,0.1781680216802159,64.10813008130081,0,0,0,1,0,0,0
5535,52380,86.0,72.5,79.5,3.9,4.0,5.75,1915,442,0.0,5,53.45788043478261,71.5,14.5,0.53,29.31,41.801498,-87.763416,7,50571.78468208093,79.5,0.9368677745664741,14.5,86.0,72.5,5.0,2.750000000000004,17.664288294797693,0.17823157514450774,64.10946531791907,0,0,0,0,0,0,1
5536,52380,86.0,72.5,79.5,3.9,4.0,5.75,1915,442,0.0,5,53.45788043478261,71.5,14.5,0.53,29.31,41.836644,-87.677737,7,50572.11125158028,79.5,0.9366985732346036,14.5,86.0,72.5,5.0,2.750000000000004,17.66182048040455,0.1782951056528797,64.11080007224129,0,0,0,1,0,0,0
5537,52380,86.0,72.5,79.5,3.9,4.0,5.75,1915,442,0.0,5,53.45788043478261,71.5,14.5,0.53,29.31,41.763733,-87.742302,7,50572.437703141935,79.5,0.9365294330083064,14.5,86.0,72.5,5.0,2.750000000000004,17.65935355724088,0.17835861321776722,64.11213434452871,0,0,0,1,0,0,0
5538,52380,86.0,72.5,79.5,3.9,4.0,5.75,1915,442,0.0,5,53.45788043478261,71.5,14.5,0.53,29.31,41.911824,-87.726737,7,50572.76403682974,79.5,0.9363603538544863,14.5,86.0,72.5,5.0,2.750000000000004,17.656887524823976,0.17842209785159682,64.11346813504242,0,0,1,0,0,0,0
5539,52380,86.0,72.5,79.5,3.9,4.0,5.75,1915,442,0.0,5,53.45788043478261,71.5,14.5,0.53,29.31,41.891118,-87.65449100000002,7,50573.09025270758,79.5,0.9361913357400722,14.5,86.0,72.5,5.0,2.750000000000004,17.65442238267148,0.17848555956678608,64.11480144404332,0,0,1,0,0,0,0
5540,52380,86.0,72.5,79.5,3.9,4.0,5.75,1915,442,0.0,5,53.45788043478261,71.5,14.5,0.53,29.31,41.868142,-87.696269,7,50573.4163508392,79.5,0.936022378632016,14.5,86.0,72.5,5.0,3.9000000000000044,17.651958130301388,0.1785489983757435,64.11613427179209,0,1,0,0,0,0,0
5541,52380,86.0,72.5,79.5,3.9,4.0,5.75,1915,442,0.0,5,53.45788043478261,71.5,14.5,0.53,29.31,41.868142,-87.696269,7,50573.74233128834,79.5,0.9358534824972934,14.5,86.0,72.5,5.0,3.900000000000005,17.649494767232046,0.17861241429086874,64.11746661854926,0,0,1,0,0,0,0
5542,52380,86.0,72.5,79.5,3.9,4.0,5.75,1915,442,0.0,5,53.45788043478261,71.5,14.5,0.53,29.31,41.868142,-87.696269,7,50574.068194118714,79.5,0.9356846473029046,14.5,86.0,72.5,5.0,3.900000000000005,17.64703229298214,0.17867580732455254,64.11879848457514,0,0,0,1,0,0,0
5543,52380,86.0,72.5,79.5,3.9,4.0,5.75,1915,442,0.0,5,53.45788043478261,71.5,14.5,0.53,29.31,41.867108,-87.654224,7,50574.393939393936,79.5,0.935515873015873,14.5,86.0,72.5,5.0,3.900000000000005,17.644570707070702,0.17873917748917653,64.12012987012987,0,0,1,0,0,0,0
5544,52380,86.0,72.5,79.5,3.9,4.0,5.75,1915,442,0.0,5,53.45788043478261,71.5,14.5,0.53,29.31,41.867108,-87.654224,7,50574.719567177635,79.5,0.9353471596032462,14.5,86.0,72.5,5.0,3.900000000000005,17.642110009017127,0.17880252479711356,64.1214607754734,0,0,0,1,0,0,0
5545,52380,86.0,72.5,79.5,3.9,4.0,5.75,1915,442,0.0,5,53.45788043478261,71.5,14.5,0.53,29.31,41.896282,-87.655232,7,50575.04507753336,79.5,0.9351785070320952,14.5,86.0,72.5,5.0,3.900000000000005,17.639650198341148,0.1788658492607275,64.12279120086549,0,0,1,0,0,0,0
5546,52380,86.0,72.5,79.5,3.9,4.0,5.75,1915,442,0.0,5,53.45788043478261,71.5,14.5,0.53,29.31,41.896282,-87.655232,7,50575.37047052461,79.5,0.935009915269515,14.5,86.0,72.5,5.0,3.900000000000005,17.637191274562827,0.1789291508923733,64.12412114656571,0,0,0,1,0,0,0
5547,52380,86.0,72.5,79.5,3.9,4.0,5.75,1915,442,0.0,5,53.45788043478261,71.5,14.5,0.53,29.31,41.921965,-87.632085,7,50575.69574621486,79.5,0.9348413842826244,14.5,86.0,72.5,5.0,3.900000000000005,17.634733237202596,0.17899242970439702,64.12545061283345,0,0,1,0,0,0,0
5548,52380,86.0,72.5,79.5,3.9,4.0,5.75,1915,442,0.0,5,53.45788043478261,71.5,14.5,0.53,29.31,41.921965,-87.632085,7,50576.02090466751,79.5,0.9346729140385656,14.5,86.0,72.5,5.0,3.900000000000005,17.632276085781218,0.1790556857091358,64.1267795999279,0,0,0,1,0,0,0
5549,52380,86.0,72.5,79.5,3.9,4.0,5.75,1915,442,0.0,5,53.45788043478261,71.5,14.5,0.53,29.31,41.801179,-87.679447,7,50576.34594594595,79.5,0.9345045045045044,14.5,86.0,72.5,5.0,3.900000000000005,17.62981981981982,0.17911891891891793,64.12810810810811,0,0,1,0,0,0,0
5550,52380,86.0,72.5,79.5,3.9,4.0,5.75,1915,442,0.0,5,53.45788043478261,71.5,14.5,0.53,29.31,41.801179,-87.679447,7,50576.670870113485,79.5,0.9343361556476312,14.5,86.0,72.5,5.0,3.900000000000005,17.627364438839848,0.1791821293460628,64.12943613763287,0,0,0,1,0,0,0
5551,52380,86.0,72.5,79.5,3.9,4.0,5.75,1915,442,0.0,5,53.45788043478261,71.5,14.5,0.53,29.31,41.800737,-87.71188000000002,7,50576.995677233426,79.5,0.9341678674351584,14.5,86.0,72.5,5.0,3.900000000000005,17.62490994236311,0.17924531700288085,64.13076368876081,0,0,1,0,0,0,0
5552,52380,86.0,72.5,79.5,3.9,4.0,5.75,1915,442,0.0,5,53.45788043478261,71.5,14.5,0.53,29.31,41.82561,-87.726549,7,50577.320367368986,79.5,0.9339996398343238,14.5,86.0,72.5,5.0,3.900000000000005,17.62245632991176,0.17930848190167378,64.1320907617504,0,0,1,0,0,0,0
5553,52380,86.0,72.5,79.5,3.9,4.0,5.75,1915,442,0.0,5,53.45788043478261,71.5,14.5,0.53,29.31,41.82561,-87.726549,7,50577.64494058336,79.5,0.9338314728123874,14.5,86.0,72.5,5.0,3.900000000000005,17.620003601008282,0.17937162405473436,64.13341735685992,0,0,0,1,0,0,0
5554,52380,86.0,72.5,79.5,3.9,4.0,5.75,1915,442,0.0,5,53.45788043478261,71.5,14.5,0.53,29.31,41.778297,-87.752411,7,50577.96939693969,79.5,0.9336633663366336,14.5,86.0,72.5,5.0,3.900000000000005,17.61755175517552,0.17943474347434646,64.13474347434743,0,1,0,0,0,0,0
5555,52380,86.0,72.5,79.5,3.9,4.0,5.75,1915,442,0.0,5,53.45788043478261,71.5,14.5,0.53,29.31,41.778297,-87.752411,7,50578.29373650109,79.5,0.9334953203743701,14.5,86.0,72.5,5.0,3.900000000000005,17.615100791936644,0.17949784017278514,64.13606911447084,0,0,1,0,0,0,0
5556,52380,86.0,72.5,79.5,3.9,4.0,5.75,1915,442,0.0,5,53.45788043478261,71.5,14.5,0.53,29.31,41.778297,-87.752411,7,50578.617959330564,79.5,0.933327334892928,14.5,86.0,72.5,5.0,3.900000000000005,17.612650710815192,0.1795609141623168,64.13739427748786,0,0,0,1,0,0,0
5557,52380,86.0,72.5,79.5,3.9,4.0,5.75,1915,442,0.0,5,53.45788043478261,71.5,14.5,0.53,29.31,41.77166,-87.703047,7,50578.94206549118,79.5,0.9331594098596616,14.5,86.0,72.5,5.0,3.900000000000005,17.61020151133501,0.17962396545519868,64.13871896365599,0,0,1,0,0,0,0
5558,52380,86.0,72.5,79.5,3.9,4.0,5.75,1915,442,0.0,5,53.45788043478261,71.5,14.5,0.53,29.31,41.773215,-87.60088,7,50579.26605504588,79.5,0.93299154524195,14.5,86.0,72.5,5.0,3.900000000000005,17.607753193020326,0.1796869940636795,64.1400431732326,0,1,0,0,0,0,0
5559,52380,86.0,72.5,79.5,3.9,4.0,5.75,1915,442,0.0,5,53.45788043478261,71.5,14.5,0.53,29.31,41.773215,-87.60088,7,50579.58992805755,79.5,0.9328237410071942,14.5,86.0,72.5,5.0,3.900000000000005,17.605305755395683,0.17974999999999894,64.14136690647481,0,0,1,0,0,0,0
5560,52380,86.0,72.5,79.5,3.9,4.0,5.75,1915,442,0.0,5,53.45788043478261,71.5,14.5,0.53,29.31,41.773215,-87.60088,7,50579.913684589104,79.5,0.9326559971228195,14.5,86.0,72.5,5.0,3.900000000000005,17.602859197985975,0.17981298327638812,64.14269016363963,0,0,0,1,0,0,0
5561,52380,86.0,72.5,79.5,3.9,4.0,5.75,1915,442,0.0,5,53.45788043478261,71.5,14.5,0.53,29.31,41.822536,-87.66634300000004,7,50580.23732470335,79.5,0.9324883135562748,14.5,86.0,72.5,5.0,3.900000000000005,17.600413520316433,0.17987594390506909,64.14401294498381,0,0,1,0,0,0,0
5562,52380,86.0,72.5,79.5,3.9,4.0,5.75,1915,442,0.0,5,53.45788043478261,71.5,14.5,0.53,29.31,41.766202,-87.562889,7,50580.560848463065,79.5,0.9323206902750316,14.5,86.0,72.5,5.0,3.900000000000005,17.597968721912636,0.1799388818982553,64.14533525076398,0,0,0,1,0,0,0
5563,52380,86.0,72.5,79.5,3.9,4.0,5.75,1915,442,0.0,5,53.45788043478261,71.5,14.5,0.53,29.31,41.754676,-87.612922,7,50580.884255930985,79.5,0.9321531272465852,14.5,86.0,72.5,5.0,3.900000000000005,17.595524802300503,0.18000179726815135,64.14665708123654,0,1,0,0,0,0,0
5564,52380,86.0,72.5,79.5,3.9,4.0,5.75,1915,442,0.0,5,53.45788043478261,71.5,14.5,0.53,29.31,41.821582,-87.62779599999998,7,50581.20754716981,79.5,0.9319856244384548,14.5,86.0,72.5,5.0,3.900000000000005,17.59308176100629,0.18006469002695313,64.14797843665768,0,0,0,1,0,0,0
5565,52380,86.0,72.5,79.5,3.9,4.0,5.75,1915,442,0.0,5,53.45788043478261,71.5,14.5,0.53,29.31,41.803423,-87.642984,7,50581.530722242176,79.5,0.9318181818181818,14.5,86.0,72.5,5.0,3.900000000000005,17.590639597556592,0.18012756018684767,64.14929931728349,0,0,0,1,0,0,0
5566,52380,86.0,72.5,79.5,3.9,4.0,5.75,1915,442,0.0,5,53.45788043478261,71.5,14.5,0.53,29.31,41.723195,-87.64997,7,50581.8537812107,79.5,0.9316507993533322,14.5,86.0,72.5,5.0,3.900000000000005,17.588198311478354,0.1801904077600133,64.15061972336986,0,0,0,1,0,0,0
5567,52380,86.0,72.5,79.5,3.9,4.0,5.75,1915,442,0.0,5,53.45788043478261,71.5,14.5,0.53,29.31,41.868077,-87.666901,7,50582.17672413793,79.5,0.9314834770114944,14.5,86.0,72.5,5.0,3.900000000000005,17.585757902298848,0.1802532327586196,64.1519396551724,0,0,1,0,0,0,0
5568,52380,86.0,72.5,79.5,3.9,4.0,5.75,1915,442,0.0,5,53.45788043478261,71.5,14.5,0.53,29.31,41.868077,-87.666901,7,50582.49955108637,79.5,0.93131621476028,14.5,86.0,72.5,5.0,3.900000000000005,17.583318369545697,0.18031603519482745,64.15325911294667,0,0,0,1,0,0,0
5569,52380,86.0,72.5,79.5,3.9,4.0,5.75,1915,442,0.0,5,53.45788043478261,71.5,14.5,0.53,29.31,41.720848,-87.666014,7,50582.82226211848,79.5,0.931149012567325,14.5,86.0,72.5,5.0,3.900000000000005,17.580879712746857,0.18037881508078887,64.15457809694793,0,0,1,0,0,0,0
5570,52380,86.0,72.5,79.5,3.9,4.0,5.75,1915,442,0.0,5,53.45788043478261,71.5,14.5,0.53,29.31,41.720848,-87.666014,7,50583.144857296706,79.5,0.9309818704002872,14.5,86.0,72.5,5.0,3.900000000000005,17.578441931430618,0.18044157242864728,64.15589660743134,0,0,0,1,0,0,0
5571,52380,86.0,72.5,79.5,3.9,4.0,5.75,1915,442,0.0,5,53.45788043478261,71.5,14.5,0.53,29.31,41.704336,-87.70373599999998,7,50583.46733668342,79.5,0.9308147882268484,14.5,86.0,72.5,5.0,3.900000000000005,17.576005025125628,0.1805043072505373,64.15721464465183,0,0,1,0,0,0,0
5572,52380,86.0,72.5,79.5,3.9,4.0,5.75,1915,442,0.0,5,53.45788043478261,71.5,14.5,0.53,29.31,41.733643,-87.55551,7,50583.78970034093,79.5,0.9306477660147138,14.5,86.0,72.5,5.0,3.900000000000005,17.573568993360848,0.18056701955858492,64.15853220886417,0,0,1,0,0,0,0
5573,52380,86.0,72.5,79.5,3.9,4.0,5.75,1915,442,0.0,5,53.45788043478261,71.5,14.5,0.53,29.31,41.750498,-87.605294,7,50584.111948331534,79.5,0.9304808037316109,14.5,86.0,72.5,5.0,3.900000000000005,17.57113383566559,0.1806297093649074,64.15984930032293,0,0,1,0,0,0,0
5574,52380,86.0,72.5,79.5,3.9,4.0,5.75,1915,442,0.0,5,53.45788043478261,71.5,14.5,0.53,29.31,41.798697,-87.736812,7,50584.43408071749,79.5,0.9303139013452916,14.5,86.0,72.5,5.0,3.900000000000005,17.568699551569505,0.18069237668161325,64.16116591928251,0,1,0,0,0,0,0
5575,52380,86.0,72.5,79.5,3.9,4.0,5.75,1915,442,0.0,5,53.45788043478261,71.5,14.5,0.53,29.31,41.798697,-87.736812,7,50584.756097560974,79.5,0.9301470588235294,14.5,86.0,72.5,5.0,3.900000000000005,17.566266140602586,0.18075502152080236,64.16248206599711,0,0,1,0,0,0,0
5576,52380,86.0,72.5,79.5,3.9,4.0,5.75,1915,442,0.0,5,53.45788043478261,71.5,14.5,0.53,29.31,41.798697,-87.736812,7,50585.07799892415,79.5,0.9299802761341224,14.5,86.0,72.5,5.0,3.900000000000005,17.56383360229514,0.18081764389456587,64.16379774072081,0,0,0,1,0,0,0
5577,52380,86.0,72.5,79.5,3.9,4.0,5.75,1915,442,0.0,5,53.45788043478261,71.5,14.5,0.53,29.31,41.704572,-87.56566600000002,7,50585.39978486913,79.5,0.9298135532448908,14.5,86.0,72.5,5.0,3.900000000000005,17.56140193617784,0.18088024381498632,64.16511294370743,0,0,0,1,0,0,0
5578,52380,86.0,72.5,79.5,3.9,4.0,5.75,1915,442,0.0,5,53.45788043478261,71.5,14.5,0.53,29.31,41.704572,-87.56566600000002,7,50585.72145545797,79.5,0.929646890123678,14.5,86.0,72.5,5.0,3.900000000000005,17.558971141781686,0.1809428212941376,64.16642767521061,0,0,0,0,0,0,1
5579,52380,86.0,72.5,79.5,3.9,4.0,5.75,1915,442,0.0,5,53.45788043478261,71.5,14.5,0.53,29.31,41.662014,-87.72460799999998,7,50586.043010752684,79.5,0.9294802867383511,14.5,86.0,72.5,5.0,3.900000000000005,17.556541218637992,0.1810053763440849,64.16774193548386,0,0,1,0,0,0,0
5580,52380,86.0,72.5,79.5,3.9,4.0,5.75,1915,442,0.0,5,53.45788043478261,71.5,14.5,0.53,29.31,41.662014,-87.72460799999998,7,50586.36445081527,79.5,0.9293137430567998,14.5,86.0,72.5,5.0,3.900000000000005,17.554112166278447,0.18106790897688474,64.1690557247805,0,0,0,1,0,0,0
5581,52380,86.0,72.5,79.5,3.9,4.0,5.75,1915,442,0.0,5,53.45788043478261,71.5,14.5,0.53,29.31,41.662014,-87.72460799999998,7,50586.68577570763,79.5,0.9291472590469366,14.5,86.0,72.5,5.0,3.900000000000005,17.551683984235037,0.18113041920458506,64.17036904335363,0,0,0,0,0,0,1
5582,52380,86.0,72.5,79.5,3.9,4.0,5.75,1915,442,0.0,5,53.45788043478261,71.5,14.5,0.53,29.31,41.72646500000001,-87.585413,7,50587.00698549167,79.5,0.9289808346766972,14.5,86.0,72.5,5.0,3.900000000000005,17.549256672040123,0.18119290703922508,64.1716818914562,0,0,1,0,0,0,0
5583,52380,86.0,72.5,79.5,3.9,4.0,5.75,1915,442,0.0,5,53.45788043478261,71.5,14.5,0.53,29.31,41.878114,-87.629798,7,50587.32808022923,79.5,0.9288144699140402,14.5,86.0,72.5,5.0,3.900000000000005,17.546830229226362,0.18125537249283555,64.17299426934098,0,0,1,0,0,0,0
5584,52380,86.0,72.5,79.5,3.9,4.0,5.75,1915,442,0.0,5,53.45788043478261,71.5,14.5,0.53,29.31,41.932094,-87.700117,7,50587.6490599821,79.5,0.9286481647269472,14.5,86.0,72.5,5.0,3.900000000000005,17.54440465532677,0.1813178155774384,64.17430617726052,0,1,0,0,0,0,0
5585,52380,86.0,72.5,79.5,3.9,4.0,5.75,1915,442,0.0,5,53.45788043478261,71.5,14.5,0.53,29.31,41.932094,-87.700117,7,50587.96992481203,79.5,0.9284819190834228,14.5,86.0,72.5,5.0,3.900000000000005,17.541979949874687,0.1813802363050472,64.17561761546725,0,0,1,0,0,0,0
5586,52380,86.0,72.5,79.5,3.9,4.0,5.75,1915,442,0.0,5,53.45788043478261,71.5,14.5,0.53,29.31,41.932094,-87.700117,7,50588.29067478074,79.5,0.9283157329514944,14.5,86.0,72.5,5.0,3.900000000000005,17.539556112403794,0.18144263468766664,64.17692858421336,0,0,0,1,0,0,0
5587,52380,86.0,72.5,79.5,3.9,4.0,5.75,1915,442,0.0,5,53.45788043478261,71.5,14.5,0.53,29.31,41.916265,-87.800515,7,50588.61130994988,79.5,0.9281496062992126,14.5,86.0,72.5,5.0,3.900000000000005,17.537133142448102,0.18150501073729305,64.1782390837509,0,1,0,0,0,0,0
5588,52380,86.0,72.5,79.5,3.9,4.0,5.75,1915,442,0.0,5,53.45788043478261,71.5,14.5,0.53,29.31,41.916265,-87.800515,7,50588.931830381116,79.5,0.9279835390946504,14.5,86.0,72.5,5.0,3.900000000000005,17.534711039541953,0.18156736446591404,64.17954911433172,0,0,1,0,0,0,0
5589,52380,86.0,72.5,79.5,3.9,4.0,5.75,1915,442,0.0,5,53.45788043478261,71.5,14.5,0.53,29.31,41.916265,-87.800515,7,50589.252236135966,79.5,0.9278175313059034,14.5,86.0,72.5,5.0,3.900000000000005,17.532289803220035,0.18162969588550867,64.1808586762075,0,0,0,1,0,0,0
5590,52380,86.0,72.5,79.5,3.9,4.0,5.75,1915,442,0.0,5,53.45788043478261,71.5,14.5,0.53,29.31,41.846075,-87.716277,7,50589.572527275974,79.5,0.9276515829010912,14.5,86.0,72.5,5.0,3.900000000000005,17.52986943301735,0.18169200500804747,64.18216776962976,0,0,1,0,0,0,0
5591,52380,86.0,72.5,79.5,3.9,4.0,5.75,1915,442,0.0,5,53.45788043478261,71.5,14.5,0.53,29.31,41.776156,-87.778927,7,50589.89270386266,79.5,0.9274856938483548,14.5,86.0,72.5,5.0,3.900000000000005,17.52744992846924,0.1817542918454924,64.18347639484979,0,1,0,0,0,0,0
5592,52380,86.0,72.5,79.5,3.9,4.0,5.75,1915,442,0.0,5,53.45788043478261,71.5,14.5,0.53,29.31,41.732984,-87.649642,7,50590.212765957454,79.5,0.9273198641158592,14.5,86.0,72.5,5.0,3.900000000000005,17.52503128911139,0.1818165564097968,64.18478455211871,0,1,0,0,0,0,0
5593,52380,86.0,72.5,79.5,3.9,4.0,5.75,1915,442,0.0,5,53.45788043478261,71.5,14.5,0.53,29.31,41.732984,-87.649642,7,50590.53271362174,79.5,0.9271540936717912,14.5,86.0,72.5,5.0,3.900000000000005,17.5226135144798,0.1818787987129055,64.18609224168753,0,0,0,1,0,0,0
5594,52380,86.0,72.5,79.5,3.9,4.0,5.75,1915,442,0.0,5,53.45788043478261,71.5,14.5,0.53,29.31,41.903002,-87.68826700000002,7,50590.85254691688,79.5,0.9269883824843609,14.5,86.0,72.5,5.0,3.900000000000005,17.52019660411081,0.18194101876675484,64.18739946380697,0,1,0,0,0,0,0
5595,52380,86.0,72.5,79.5,3.9,4.0,5.75,1915,442,0.0,5,53.45788043478261,71.5,14.5,0.53,29.31,41.903002,-87.68826700000002,7,50591.17226590422,79.5,0.9268227305218012,14.5,86.0,72.5,5.0,3.900000000000005,17.517780557541098,0.18200321658327254,64.18870621872766,0,0,1,0,0,0,0
5596,52380,86.0,72.5,79.5,3.9,4.0,5.75,1915,442,0.0,5,53.45788043478261,71.5,14.5,0.53,29.31,41.903002,-87.68826700000002,7,50591.49187064499,79.5,0.9266571377523674,14.5,86.0,72.5,5.0,3.900000000000005,17.515365374307663,0.18206539217437792,64.19001250670001,0,0,0,0,1,0,0
5597,52380,86.0,72.5,79.5,3.9,4.0,5.75,1915,442,0.0,5,53.45788043478261,71.5,14.5,0.53,29.31,41.678618,-87.559308,7,50591.81136120043,79.5,0.9264916041443372,14.5,86.0,72.5,5.0,3.900000000000005,17.512951053947834,0.18212754555198168,64.19131832797427,0,0,0,1,0,0,0
5598,52380,86.0,72.5,79.5,3.9,4.0,5.75,1915,442,0.0,5,53.45788043478261,71.5,14.5,0.53,29.31,41.740641,-87.546587,7,50592.13073763172,79.5,0.9263261296660118,14.5,86.0,72.5,5.0,3.900000000000005,17.510537595999285,0.18218967672798592,64.1926236828005,0,0,1,0,0,0,0
5599,52380,86.0,72.5,79.5,3.9,4.0,5.75,1915,442,0.0,5,53.45788043478261,71.5,14.5,0.53,29.31,41.740641,-87.546587,7,50592.45,79.5,0.9261607142857144,14.5,86.0,72.5,5.0,3.900000000000005,17.508125,0.1822517857142845,64.19392857142857,0,0,0,1,0,0,0
5600,52380,86.0,72.5,79.5,3.9,4.0,5.75,1915,442,0.0,5,53.45788043478261,71.5,14.5,0.53,29.31,41.948167,-87.730698,7,50592.769148366366,79.5,0.9259953579717908,14.5,86.0,72.5,5.0,3.900000000000005,17.505713265488307,0.18231387252276254,64.1952329941082,0,0,1,0,0,0,0
5601,52380,86.0,72.5,79.5,3.9,4.0,5.75,1915,442,0.0,5,53.45788043478261,71.5,14.5,0.53,29.31,41.963976,-87.69181,7,50593.088182791864,79.5,0.9258300606926098,14.5,86.0,72.5,5.0,3.900000000000005,17.503302392002855,0.18237593716529688,64.1965369510889,0,0,1,0,0,0,0
5602,52380,86.0,72.5,79.5,3.9,4.0,5.75,1915,442,0.0,5,53.45788043478261,71.5,14.5,0.53,29.31,41.659112,-87.53869300000002,7,50593.4071033375,79.5,0.9256648224165626,14.5,86.0,72.5,5.0,3.900000000000005,17.500892379082636,0.1824379796537557,64.19784044262002,0,0,1,0,0,0,0
5603,52380,86.0,72.5,79.5,3.9,4.0,5.75,1915,442,0.0,5,53.45788043478261,71.5,14.5,0.53,29.31,41.659112,-87.53869300000002,7,50593.72591006424,79.5,0.9254996431120628,14.5,86.0,72.5,5.0,3.900000000000005,17.498483226266956,0.1824999999999988,64.19914346895075,0,0,0,1,0,0,0
5604,52380,86.0,72.5,79.5,3.9,4.0,5.75,1915,442,0.0,5,53.45788043478261,71.5,14.5,0.53,29.31,41.925198,-87.746381,7,50594.044603033006,79.5,0.9253345227475468,14.5,86.0,72.5,5.0,3.900000000000005,17.49607493309545,0.18256199821587746,64.20044603033007,0,0,1,0,0,0,0
5605,52380,86.0,72.5,79.5,3.9,4.0,5.75,1915,442,0.0,5,53.45788043478261,71.5,14.5,0.53,29.31,41.973845,-87.805059,7,50594.36318230467,79.5,0.9251694612914734,14.5,86.0,72.5,5.0,3.900000000000005,17.4936674991081,0.18262397431323454,64.20174812700678,0,0,1,0,0,0,0
5606,52380,86.0,72.5,79.5,3.9,4.0,5.75,1915,442,0.0,5,53.45788043478261,71.5,14.5,0.53,29.31,41.973845,-87.805059,7,50594.681647940066,79.5,0.9250044587123238,14.5,86.0,72.5,5.0,3.900000000000005,17.491260923845193,0.1826859283039046,64.20304975922953,0,0,0,1,0,0,0
5607,52380,86.0,72.5,79.5,3.9,4.0,5.75,1915,442,0.0,5,53.45788043478261,71.5,14.5,0.53,29.31,41.94722700000001,-87.67145699999998,7,50595.0,79.5,0.9248395149786021,14.5,86.0,72.5,5.0,3.900000000000005,17.48885520684736,0.18274786019971345,64.2043509272468,0,0,1,0,0,0,0
5608,52380,86.0,72.5,79.5,3.9,4.0,5.75,1915,442,0.0,5,53.45788043478261,71.5,14.5,0.53,29.31,41.94722700000001,-87.67145699999998,7,50595.318238545195,79.5,0.9246746300588341,14.5,86.0,72.5,5.0,3.900000000000005,17.486450347655556,0.1828097700124787,64.20565163130682,0,0,0,1,0,0,0
5609,52380,86.0,72.5,79.5,3.9,4.0,5.75,1915,442,0.0,5,53.45788043478261,71.5,14.5,0.53,29.31,41.743402,-87.731435,7,50595.63636363637,79.5,0.9245098039215688,14.5,86.0,72.5,5.0,3.900000000000005,17.484046345811052,0.18287165775400946,64.20695187165775,0,1,0,0,0,0,0
5610,52380,86.0,72.5,79.5,3.9,4.0,5.75,1915,442,0.0,5,53.45788043478261,71.5,14.5,0.53,29.31,41.743402,-87.731435,7,50595.95437533416,79.5,0.9243450365353768,14.5,86.0,72.5,5.0,3.900000000000005,17.481643200855462,0.1829335234361064,64.2082516485475,0,0,1,0,0,0,0
5611,52380,86.0,72.5,79.5,3.9,4.0,5.75,1915,442,0.0,5,53.45788043478261,71.5,14.5,0.53,29.31,41.743402,-87.731435,7,50596.27227369922,79.5,0.9241803278688524,14.5,86.0,72.5,5.0,3.900000000000005,17.47924091233072,0.18299536707056185,64.2095509622238,0,0,0,1,0,0,0
5612,52380,86.0,72.5,79.5,3.9,4.0,5.75,1915,442,0.0,5,53.45788043478261,71.5,14.5,0.53,29.31,41.793818,-87.654234,7,50596.59005879209,79.5,0.9240156778906112,14.5,86.0,72.5,5.0,3.900000000000005,17.476839479779088,0.18305718866915965,64.21084981293426,0,1,0,0,0,0,0
5613,52380,86.0,72.5,79.5,3.9,4.0,5.75,1915,442,0.0,5,53.45788043478261,71.5,14.5,0.53,29.31,41.793818,-87.654234,7,50596.90773067332,79.5,0.9238510865692909,14.5,86.0,72.5,5.0,3.900000000000005,17.47443890274314,0.18311898824367528,64.21214820092625,0,0,1,0,0,0,0
5614,52380,86.0,72.5,79.5,3.9,4.0,5.75,1915,442,0.0,5,53.45788043478261,71.5,14.5,0.53,29.31,41.793818,-87.654234,7,50597.22528940338,79.5,0.923686553873553,14.5,86.0,72.5,5.0,3.900000000000005,17.472039180765805,0.18318076580587586,64.21344612644701,0,0,0,1,0,0,0
5615,52380,86.0,72.5,79.5,3.9,4.0,5.75,1915,442,0.0,5,53.45788043478261,71.5,14.5,0.53,29.31,41.793818,-87.654234,7,50597.542735042734,79.5,0.9235220797720798,14.5,86.0,72.5,5.0,3.900000000000005,17.469640313390315,0.1832425213675201,64.21474358974359,0,0,0,0,1,0,0
5616,52380,86.0,72.5,79.5,3.9,4.0,5.75,1915,442,0.0,5,53.45788043478261,71.5,14.5,0.53,29.31,41.951866,-87.72505699999998,7,50597.860067651774,79.5,0.9233576642335768,14.5,86.0,72.5,5.0,3.900000000000005,17.467242300160226,0.18330425494035835,64.21604059106285,0,0,0,1,0,0,0
5617,52380,86.0,72.5,79.5,3.9,4.0,5.75,1915,442,0.0,5,53.45788043478261,71.5,14.5,0.53,29.31,41.904194,-87.756155,7,50598.17728729085,79.5,0.9231933072267712,14.5,86.0,72.5,5.0,3.900000000000005,17.464845140619442,0.18336596653613255,64.21733713065146,0,0,1,0,0,0,0
5618,52380,86.0,72.5,79.5,3.9,4.0,5.75,1915,442,0.0,5,53.45788043478261,71.5,14.5,0.53,29.31,41.904194,-87.756155,7,50598.49439402029,79.5,0.9230290087204128,14.5,86.0,72.5,5.0,3.900000000000005,17.462448834312156,0.1834276561665764,64.218633208756,0,0,0,1,0,0,0
5619,52380,86.0,72.5,79.5,3.9,4.0,5.75,1915,442,0.0,5,53.45788043478261,71.5,14.5,0.53,29.31,41.912563,-87.66805500000002,7,50598.811387900365,79.5,0.922864768683274,14.5,86.0,72.5,5.0,3.900000000000005,17.460053380782913,0.18348932384341507,64.21992882562277,0,0,0,1,0,0,0
5620,52380,86.0,72.5,79.5,3.9,4.0,5.75,1915,442,0.0,5,53.45788043478261,71.5,14.5,0.53,29.31,41.776428,-87.627096,7,50599.12826899128,79.5,0.9227005870841488,14.5,86.0,72.5,5.0,3.900000000000005,17.457658779576587,0.1835509695783656,64.22122398149797,0,1,0,0,0,0,0
5621,52380,86.0,72.5,79.5,3.9,4.0,5.75,1915,442,0.0,5,53.45788043478261,71.5,14.5,0.53,29.31,41.776428,-87.627096,7,50599.44503735325,79.5,0.9225364638918534,14.5,86.0,72.5,5.0,3.900000000000005,17.455265030238348,0.1836125933831364,64.22251867662753,0,0,1,0,0,0,0
5622,52380,86.0,72.5,79.5,3.9,4.0,5.75,1915,442,0.0,5,53.45788043478261,71.5,14.5,0.53,29.31,41.974689,-87.890615,7,50599.761693046414,79.5,0.9223723990752268,14.5,86.0,72.5,5.0,3.900000000000005,17.45287213231371,0.18367419526942785,64.22381291125734,0,1,0,0,0,0,0
5623,52380,86.0,72.5,79.5,3.9,4.0,5.75,1915,442,0.0,5,53.45788043478261,71.5,14.5,0.53,29.31,41.974689,-87.890615,7,50600.07823613087,79.5,0.9222083926031296,14.5,86.0,72.5,5.0,3.900000000000005,17.450480085348506,0.18373577524893184,64.22510668563301,0,0,1,0,0,0,0
5624,52380,86.0,72.5,79.5,3.9,4.0,5.75,1915,442,0.0,5,53.45788043478261,71.5,14.5,0.53,29.31,41.974689,-87.890615,7,50600.39466666667,79.5,0.9220444444444444,14.5,86.0,72.5,5.0,3.900000000000005,17.44808888888889,0.18379733333333206,64.2264,0,0,0,1,0,0,0
5625,52380,86.0,72.5,79.5,3.9,4.0,5.75,1915,442,0.0,5,53.45788043478261,71.5,14.5,0.53,29.31,41.957799,-87.930995,7,50600.71098471383,79.5,0.9218805545680768,14.5,86.0,72.5,5.0,3.900000000000005,17.445698542481338,0.1838588695343037,64.22769285460363,0,1,0,0,0,0,0
5626,52380,86.0,72.5,79.5,3.9,4.0,5.75,1915,442,0.0,5,53.45788043478261,71.5,14.5,0.53,29.31,41.957799,-87.930995,7,50601.027190332316,79.5,0.9217167229429536,14.5,86.0,72.5,5.0,3.900000000000005,17.44330904567265,0.18392038386351384,64.228985249689,0,0,1,0,0,0,0
5627,52380,86.0,72.5,79.5,3.9,4.0,5.75,1915,442,0.0,5,53.45788043478261,71.5,14.5,0.53,29.31,41.957799,-87.930995,7,50601.34328358209,79.5,0.921552949538024,14.5,86.0,72.5,5.0,3.900000000000005,17.440920398009947,0.18398187633262128,64.23027718550107,0,0,0,1,0,0,0
5628,51480,83.5,69.5,76.5,4.6,6.0,5.75,1907,449,0.0,3,53.45788043478261,71.0,11.5,0.0,29.235,41.95469,-87.800991,8,50601.49937821993,79.5,0.9213892343222596,14.5,86.0,72.5,5.0,3.900000000000005,17.4388879019364,0.18394919168591087,64.23147983656067,0,0,1,0,0,0,0
5629,51480,83.5,69.5,76.5,4.6,6.0,5.75,1907,449,0.0,3,53.45788043478261,71.0,11.5,0.0,29.235,41.95469,-87.800991,8,50601.65541740675,79.5,0.9212255772646536,14.5,86.0,72.5,5.0,3.900000000000005,17.436856127886323,0.18391651865008748,64.23268206039076,0,0,0,1,0,0,0
5630,51480,83.5,69.5,76.5,4.6,6.0,5.75,1907,449,0.0,3,53.45788043478261,71.0,11.5,0.0,29.235,41.964242,-87.757639,8,50601.81140117208,79.5,0.9210619783342212,14.5,86.0,72.5,5.0,3.900000000000005,17.43482507547505,0.1838838572189651,64.23388385721897,0,0,1,0,0,0,0
5631,51480,83.5,69.5,76.5,4.6,6.0,5.75,1907,449,0.0,3,53.45788043478261,71.0,11.5,0.0,29.235,42.008314,-87.77792099999998,8,50601.967329545456,79.5,0.9208984375,14.5,86.0,72.5,5.0,3.900000000000005,17.432794744318183,0.18385120738636232,64.23508522727273,0,0,1,0,0,0,0
5632,51480,83.5,69.5,76.5,4.6,6.0,5.75,1907,449,0.0,3,53.45788043478261,71.0,11.5,0.0,29.235,42.008314,-87.77792099999998,8,50602.123202556366,79.5,0.9207349547310492,14.5,86.0,72.5,5.0,3.900000000000005,17.4307651340316,0.183818569146102,64.23628617077934,0,0,0,1,0,0,0
5633,51480,83.5,69.5,76.5,4.6,6.0,5.75,1907,449,0.0,3,53.45788043478261,71.0,11.5,0.0,29.235,41.98196400000001,-87.812827,8,50602.279020234295,79.5,0.92057152999645,14.5,86.0,72.5,5.0,3.900000000000005,17.428736244231448,0.18378594249201147,64.23748668796593,0,0,1,0,0,0,0
5634,51480,83.5,69.5,76.5,4.6,6.0,5.75,1907,449,0.0,3,53.45788043478261,71.0,11.5,0.0,29.235,41.99247800000001,-87.862995,8,50602.43478260869,79.5,0.9204081632653062,14.5,86.0,72.5,5.0,3.900000000000005,17.42670807453416,0.1837533274179224,64.23868677905946,0,0,1,0,0,0,0
5635,51480,83.5,69.5,76.5,4.6,6.0,5.75,1907,449,0.0,3,53.45788043478261,71.0,11.5,0.0,29.235,41.98196400000001,-87.812827,8,50602.590489709015,76.5,0.9202448545067424,11.5,83.5,72.5,3.0,3.900000000000005,17.424680624556423,0.1837207239176708,64.23988644428673,0,0,0,1,0,0,0
5636,51480,83.5,69.5,76.5,4.6,6.0,5.75,1907,449,0.0,3,53.45788043478261,71.0,11.5,0.0,29.235,41.99247800000001,-87.862995,8,50602.74614156466,76.5,0.9200816036899059,11.5,83.5,72.5,3.0,3.900000000000005,17.422653893915204,0.18368813198509715,64.2410856838744,0,0,0,1,0,0,0
5637,51480,83.5,69.5,76.5,4.6,6.0,5.75,1907,449,0.0,3,53.45788043478261,71.0,11.5,0.0,29.235,41.944869,-87.832763,8,50602.90173820504,76.5,0.9199184107839659,11.5,83.5,72.5,3.0,3.900000000000005,17.42062788222774,0.1836555516140462,64.24228449804896,0,0,1,0,0,0,0
5638,51480,83.5,69.5,76.5,4.6,6.0,5.75,1907,449,0.0,3,53.45788043478261,71.0,11.5,0.0,29.235,41.944869,-87.832763,8,50603.05727965952,76.5,0.9197552757581132,11.5,83.5,69.5,3.0,3.900000000000005,17.418602589111543,0.1836229827983672,64.2434828870367,0,0,0,1,0,0,0
5639,51480,83.5,69.5,76.5,4.6,6.0,5.75,1907,449,0.0,3,53.45788043478261,71.0,11.5,0.0,29.235,41.991429,-87.747113,8,50603.212765957454,76.5,0.9195921985815604,11.5,83.5,69.5,3.0,3.900000000000005,17.416578014184402,0.1835904255319136,64.24468085106382,0,0,1,0,0,0,0
5640,51480,83.5,69.5,76.5,4.6,6.0,5.75,1907,449,0.0,3,53.45788043478261,71.0,11.5,0.0,29.235,41.923738,-87.785288,8,50603.36819712816,76.5,0.9194291792235421,11.5,83.5,69.5,3.0,3.900000000000005,17.414554157064348,0.18355787980854327,64.24587839035632,0,1,0,0,0,0,0
5641,51480,83.5,69.5,76.5,4.6,6.0,5.75,1907,449,0.0,3,53.45788043478261,71.0,11.5,0.0,29.235,41.923738,-87.785288,8,50603.52357320099,76.5,0.9192662176533144,11.5,83.5,69.5,3.0,3.900000000000005,17.412531017369727,0.1835253456221185,64.24707550514003,0,0,1,0,0,0,0
5642,51480,83.5,69.5,76.5,4.6,6.0,5.75,1907,449,0.0,3,53.45788043478261,71.0,11.5,0.0,29.235,41.98480900000001,-87.728492,8,50603.678894205215,76.5,0.9191033138401559,11.5,83.5,69.5,3.0,3.900000000000005,17.410508594719126,0.18349282296650585,64.24827219564062,0,0,1,0,0,0,0
5643,51480,83.5,69.5,76.5,4.6,6.0,5.75,1907,449,0.0,3,53.45788043478261,71.0,11.5,0.0,29.235,41.986921,-87.689778,8,50603.83416017009,76.5,0.9189404677533664,11.5,83.5,69.5,3.0,3.900000000000005,17.408486888731392,0.1834603118355763,64.24946846208364,0,0,1,0,0,0,0
5644,51480,83.5,69.5,76.5,4.6,6.0,5.75,1907,449,0.0,3,53.45788043478261,71.0,11.5,0.0,29.235,41.89923,-87.716788,8,50603.98937112488,76.5,0.9187776793622676,11.5,83.5,69.5,3.0,3.900000000000005,17.406465899025687,0.18342781222320506,64.25066430469442,0,0,1,0,0,0,0
5645,51480,83.5,69.5,76.5,4.6,6.0,5.75,1907,449,0.0,3,53.45788043478261,71.0,11.5,0.0,29.235,41.89923,-87.716788,8,50604.144527098826,76.5,0.9186149486362026,11.5,83.5,69.5,3.0,3.900000000000005,17.404445625221395,0.18339532412327175,64.25185972369819,0,0,0,1,0,0,0
5646,51480,83.5,69.5,76.5,4.6,6.0,5.75,1907,449,0.0,3,53.45788043478261,71.0,11.5,0.0,29.235,41.801498,-87.763416,8,50604.29962812112,76.5,0.9184522755445368,11.5,83.5,69.5,3.0,3.900000000000005,17.402426066938194,0.18336284752966045,64.25305471931999,0,0,1,0,0,0,0
5647,51480,83.5,69.5,76.5,4.6,6.0,5.75,1907,449,0.0,3,53.45788043478261,71.0,11.5,0.0,29.235,41.801498,-87.763416,8,50604.45467422096,76.5,0.9182896600566572,11.5,83.5,69.5,3.0,3.900000000000005,17.400407223796037,0.1833303824362593,64.2542492917847,0,0,0,1,0,0,0
5648,51480,83.5,69.5,76.5,4.6,6.0,5.75,1907,449,0.0,3,53.45788043478261,71.0,11.5,0.0,29.235,41.801498,-87.763416,8,50604.60966542751,76.5,0.918127102141972,11.5,83.5,69.5,3.0,3.900000000000005,17.39838909541512,0.18329792883696094,64.25544344131704,0,0,0,0,0,0,1
5649,51480,83.5,69.5,76.5,4.6,6.0,5.75,1907,449,0.0,3,53.45788043478261,71.0,11.5,0.0,29.235,41.906638,-87.701431,8,50604.764601769915,76.5,0.9179646017699116,11.5,83.5,69.5,3.0,3.900000000000005,17.39637168141593,0.1832654867256624,64.25663716814161,0,0,0,1,0,0,0
5650,51480,83.5,69.5,76.5,4.6,6.0,5.75,1907,449,0.0,3,53.45788043478261,71.0,11.5,0.0,29.235,41.836644,-87.677737,8,50604.91948327731,76.5,0.9178021589099274,11.5,83.5,69.5,3.0,3.900000000000005,17.39435498141922,0.18323305609626486,64.25783047248275,0,1,0,0,0,0,0
5651,51480,83.5,69.5,76.5,4.6,6.0,5.75,1907,449,0.0,3,53.45788043478261,71.0,11.5,0.0,29.235,41.763733,-87.742302,8,50605.07430997877,76.5,0.9176397735314932,11.5,83.5,69.5,3.0,3.900000000000005,17.392338995046,0.18320063694267386,64.25902335456476,0,1,0,0,0,0,0
5652,51480,83.5,69.5,76.5,4.6,6.0,5.75,1907,449,0.0,3,53.45788043478261,71.0,11.5,0.0,29.235,41.836644,-87.677737,8,50605.22908190342,76.5,0.9174774456041039,11.5,83.5,69.5,3.0,3.900000000000005,17.390323721917564,0.18316822925879933,64.26021581461171,0,0,0,1,0,0,0
5653,51480,83.5,69.5,76.5,4.6,6.0,5.75,1907,449,0.0,3,53.45788043478261,71.0,11.5,0.0,29.235,41.763733,-87.742302,8,50605.3837990803,76.5,0.9173151750972762,11.5,83.5,69.5,3.0,3.900000000000005,17.388309161655464,0.18313583303855546,64.26140785284754,0,0,0,1,0,0,0
5654,51480,83.5,69.5,76.5,4.6,6.0,5.75,1907,449,0.0,3,53.45788043478261,71.0,11.5,0.0,29.235,41.857402,-87.694991,8,50605.53846153847,76.5,0.9171529619805482,11.5,83.5,69.5,3.0,3.900000000000005,17.386295313881522,0.18310344827586075,64.26259946949602,0,0,1,0,0,0,0
5655,51480,83.5,69.5,76.5,4.6,6.0,5.75,1907,449,0.0,3,53.45788043478261,71.0,11.5,0.0,29.235,41.891118,-87.65449100000002,8,50605.69306930694,76.5,0.9169908062234796,11.5,83.5,69.5,3.0,3.900000000000005,17.384282178217823,0.183071074964638,64.26379066478076,0,0,0,1,0,0,0
5656,51480,83.5,69.5,76.5,4.6,6.0,5.75,1907,449,0.0,3,53.45788043478261,71.0,11.5,0.0,29.235,41.868142,-87.696269,8,50605.847622414716,76.5,0.9168287077956514,11.5,83.5,69.5,3.0,4.600000000000003,17.382269754286725,0.1830387130988143,64.26498143892522,0,0,1,0,0,0,0
5657,51480,83.5,69.5,76.5,4.6,6.0,5.75,1907,449,0.0,3,53.45788043478261,71.0,11.5,0.0,29.235,41.867108,-87.654224,8,50606.00212089077,76.5,0.9166666666666666,11.5,83.5,69.5,3.0,4.600000000000003,17.38025804171085,0.18300636267232107,64.2661717921527,0,0,1,0,0,0,0
5658,51480,83.5,69.5,76.5,4.6,6.0,5.75,1907,449,0.0,3,53.45788043478261,71.0,11.5,0.0,29.235,41.921965,-87.632085,8,50606.15656476409,76.5,0.9165046828061496,11.5,83.5,69.5,3.0,4.600000000000003,17.378247040113095,0.18297402367909396,64.26736172468635,0,1,0,0,0,0,0
5659,51480,83.5,69.5,76.5,4.6,6.0,5.75,1907,449,0.0,3,53.45788043478261,71.0,11.5,0.0,29.235,41.921965,-87.632085,8,50606.310954063614,76.5,0.9163427561837456,11.5,83.5,69.5,3.0,4.600000000000003,17.376236749116607,0.1829416961130729,64.26855123674912,0,0,1,0,0,0,0
5660,51480,83.5,69.5,76.5,4.6,6.0,5.75,1907,449,0.0,3,53.45788043478261,71.0,11.5,0.0,29.235,41.800737,-87.71188000000002,8,50606.46528881823,76.5,0.916180886769122,11.5,83.5,69.5,3.0,4.600000000000003,17.374227168344813,0.18290937996820214,64.26974032856386,0,0,1,0,0,0,0
5661,51480,83.5,69.5,76.5,4.6,6.0,5.75,1907,449,0.0,3,53.45788043478261,71.0,11.5,0.0,29.235,41.800737,-87.71188000000002,8,50606.619569056864,76.5,0.9160190745319676,11.5,83.5,69.5,3.0,4.600000000000003,17.372218297421405,0.18287707523843036,64.27092900035322,0,0,0,1,0,0,0
5662,51480,83.5,69.5,76.5,4.6,6.0,5.75,1907,449,0.0,3,53.45788043478261,71.0,11.5,0.0,29.235,41.82561,-87.726549,8,50606.773794808396,76.5,0.915857319441992,11.5,83.5,69.5,3.0,4.600000000000003,17.370210135970332,0.18284478191771011,64.27211725233975,0,0,1,0,0,0,0
5663,51480,83.5,69.5,76.5,4.6,6.0,5.75,1907,449,0.0,3,53.45788043478261,71.0,11.5,0.0,29.235,41.82561,-87.726549,8,50606.92796610169,76.5,0.9156956214689266,11.5,83.5,69.5,3.0,4.600000000000003,17.36820268361582,0.18281249999999868,64.27330508474576,0,0,0,1,0,0,0
5664,51480,83.5,69.5,76.5,4.6,6.0,5.75,1907,449,0.0,3,53.45788043478261,71.0,11.5,0.0,29.235,41.778297,-87.752411,8,50607.082082965586,76.5,0.9155339805825242,11.5,83.5,69.5,3.0,4.600000000000003,17.366195939982347,0.1827802294792573,64.27449249779346,0,1,0,0,0,0,0
5665,51480,83.5,69.5,76.5,4.6,6.0,5.75,1907,449,0.0,3,53.45788043478261,71.0,11.5,0.0,29.235,41.778297,-87.752411,8,50607.23614542888,76.5,0.9153723967525592,11.5,83.5,69.5,3.0,4.600000000000003,17.36418990469467,0.1827479703494516,64.2756794917049,0,0,1,0,0,0,0
5666,51480,83.5,69.5,76.5,4.6,6.0,5.75,1907,449,0.0,3,53.45788043478261,71.0,11.5,0.0,29.235,41.778297,-87.752411,8,50607.390153520384,76.5,0.9152108699488264,11.5,83.5,69.5,3.0,4.600000000000003,17.3621845773778,0.18271572260455132,64.27686606670197,0,0,0,1,0,0,0
5667,51480,83.5,69.5,76.5,4.6,6.0,5.75,1907,449,0.0,3,53.45788043478261,71.0,11.5,0.0,29.235,41.773215,-87.60088,8,50607.54410726888,76.5,0.9150494001411432,11.5,83.5,69.5,3.0,4.600000000000003,17.36017995765702,0.1826834862385308,64.27805222300637,0,1,0,0,0,0,0
5668,51480,83.5,69.5,76.5,4.6,6.0,5.75,1907,449,0.0,3,53.45788043478261,71.0,11.5,0.0,29.235,41.773215,-87.60088,8,50607.698006703125,76.5,0.9148879872993472,11.5,83.5,69.5,3.0,4.600000000000003,17.358176045157876,0.18265126124536826,64.27923796083965,0,0,1,0,0,0,0
5669,51480,83.5,69.5,76.5,4.6,6.0,5.75,1907,449,0.0,3,53.45788043478261,71.0,11.5,0.0,29.235,41.773215,-87.60088,8,50607.851851851854,76.5,0.9147266313932979,11.5,83.5,69.5,3.0,4.600000000000003,17.356172839506172,0.1826190476190463,64.28042328042328,0,0,0,1,0,0,0
5670,51480,83.5,69.5,76.5,4.6,6.0,5.75,1907,449,0.0,3,53.45788043478261,71.0,11.5,0.0,29.235,41.822536,-87.66634300000004,8,50608.00564274378,76.5,0.914565332392876,11.5,83.5,69.5,3.0,4.600000000000003,17.354170340327986,0.18258684535355185,64.28160818197847,0,1,0,0,0,0,0
5671,51480,83.5,69.5,76.5,4.6,6.0,5.75,1907,449,0.0,3,53.45788043478261,71.0,11.5,0.0,29.235,41.822536,-87.66634300000004,8,50608.15937940762,76.5,0.9144040902679832,11.5,83.5,69.5,3.0,4.600000000000003,17.352168547249647,0.182554654442876,64.28279266572639,0,0,1,0,0,0,0
5672,51480,83.5,69.5,76.5,4.6,6.0,5.75,1907,449,0.0,3,53.45788043478261,71.0,11.5,0.0,29.235,41.778748,-87.586427,8,50608.31306187201,76.5,0.9142429049885422,11.5,83.5,69.5,3.0,4.600000000000003,17.350167459897758,0.18252247488101406,64.28397673188789,0,0,1,0,0,0,0
5673,51480,83.5,69.5,76.5,4.6,6.0,5.75,1907,449,0.0,3,53.45788043478261,71.0,11.5,0.0,29.235,41.766202,-87.562889,8,50608.46669016567,76.5,0.9140817765244976,11.5,83.5,69.5,3.0,4.600000000000003,17.348167077899188,0.1824903066619656,64.28516038068382,0,0,1,0,0,0,0
5674,51480,83.5,69.5,76.5,4.6,6.0,5.75,1907,449,0.0,3,53.45788043478261,71.0,11.5,0.0,29.235,41.754676,-87.612922,8,50608.62026431718,76.5,0.913920704845815,11.5,83.5,69.5,3.0,4.600000000000003,17.346167400881058,0.1824581497797344,64.28634361233479,0,1,0,0,0,0,0
5675,51480,83.5,69.5,76.5,4.6,6.0,5.75,1907,449,0.0,3,53.45788043478261,71.0,11.5,0.0,29.235,41.754676,-87.612922,8,50608.77378435519,76.5,0.9137596899224806,11.5,83.5,69.5,3.0,4.600000000000003,17.344168428470756,0.1824260042283285,64.28752642706131,0,0,1,0,0,0,0
5676,51480,83.5,69.5,76.5,4.6,6.0,5.75,1907,449,0.0,3,53.45788043478261,71.0,11.5,0.0,29.235,41.754676,-87.612922,8,50608.92725030826,76.5,0.9135987317245025,11.5,83.5,69.5,3.0,4.600000000000003,17.342170160295932,0.1823938700017602,64.28870882508367,0,0,0,1,0,0,0
5677,51480,83.5,69.5,76.5,4.6,6.0,5.75,1907,449,0.0,3,53.45788043478261,71.0,11.5,0.0,29.235,41.821582,-87.62779599999998,8,50609.080662205,76.5,0.9134378302219092,11.5,83.5,69.5,3.0,4.600000000000003,17.340172595984498,0.18236174709404587,64.28989080662205,0,0,1,0,0,0,0
5678,51480,83.5,69.5,76.5,4.6,6.0,5.75,1907,449,0.0,3,53.45788043478261,71.0,11.5,0.0,29.235,41.803423,-87.642984,8,50609.23402007396,76.5,0.9132769853847508,11.5,83.5,69.5,3.0,4.600000000000003,17.33817573516464,0.1823296354992063,64.29107237189646,0,1,0,0,0,0,0
5679,51480,83.5,69.5,76.5,4.6,6.0,5.75,1907,449,0.0,3,53.45788043478261,71.0,11.5,0.0,29.235,41.803423,-87.642984,8,50609.38732394367,76.5,0.9131161971830986,11.5,83.5,69.5,3.0,4.600000000000003,17.336179577464787,0.1822975352112663,64.29225352112678,0,0,1,0,0,0,0
5680,51480,83.5,69.5,76.5,4.6,6.0,5.75,1907,449,0.0,3,53.45788043478261,71.0,11.5,0.0,29.235,41.723195,-87.64997,8,50609.540573842634,76.5,0.9129554655870444,11.5,83.5,69.5,3.0,4.600000000000003,17.33418412251364,0.18226544622425495,64.29343425453266,0,1,0,0,0,0,0
5681,51480,83.5,69.5,76.5,4.6,6.0,5.75,1907,449,0.0,3,53.45788043478261,71.0,11.5,0.0,29.235,41.723195,-87.64997,8,50609.69376979936,76.5,0.912794790566702,11.5,83.5,69.5,3.0,4.600000000000003,17.332189369940163,0.18223336853220565,64.29461457233369,0,0,1,0,0,0,0
5682,51480,83.5,69.5,76.5,4.6,6.0,5.75,1907,449,0.0,3,53.45788043478261,71.0,11.5,0.0,29.235,41.723195,-87.64997,8,50609.84691184233,76.5,0.9126341720922048,11.5,83.5,69.5,3.0,4.600000000000003,17.33019531937357,0.18220130212915586,64.29579447474926,0,0,0,1,0,0,0
5683,51480,83.5,69.5,76.5,4.6,6.0,5.75,1907,449,0.0,3,53.45788043478261,71.0,11.5,0.0,29.235,41.723195,-87.64997,8,50610.0,76.5,0.9124736101337086,11.5,83.5,69.5,3.0,4.600000000000003,17.32820197044335,0.1821692470091472,64.2969739619986,0,0,0,0,0,0,1
5684,51480,83.5,69.5,76.5,4.6,6.0,5.75,1907,449,0.0,3,53.45788043478261,71.0,11.5,0.0,29.235,41.868077,-87.666901,8,50610.15303430079,76.5,0.9123131046613896,11.5,83.5,69.5,3.0,4.600000000000003,17.326209322779242,0.1821372031662256,64.2981530343008,0,1,0,0,0,0,0
5685,51480,83.5,69.5,76.5,4.6,6.0,5.75,1907,449,0.0,3,53.45788043478261,71.0,11.5,0.0,29.235,41.868077,-87.666901,8,50610.30601477314,76.5,0.9121526556454448,11.5,83.5,69.5,3.0,4.600000000000003,17.324217376011255,0.1821051705944412,64.29933169187478,0,0,1,0,0,0,0
5686,51480,83.5,69.5,76.5,4.6,6.0,5.75,1907,449,0.0,3,53.45788043478261,71.0,11.5,0.0,29.235,41.868077,-87.666901,8,50610.4589414454,76.5,0.9119922630560928,11.5,83.5,69.5,3.0,4.600000000000003,17.32222612976965,0.18207314928784815,64.30050993493934,0,0,0,1,0,0,0
5687,51480,83.5,69.5,76.5,4.6,6.0,5.75,1907,449,0.0,3,53.45788043478261,71.0,11.5,0.0,29.235,41.720848,-87.666014,8,50610.61181434599,76.5,0.9118319268635724,11.5,83.5,69.5,3.0,4.600000000000003,17.32023558368495,0.18204113924050505,64.30168776371308,0,0,1,0,0,0,0
5688,51480,83.5,69.5,76.5,4.6,6.0,5.75,1907,449,0.0,3,53.45788043478261,71.0,11.5,0.0,29.235,41.720848,-87.666014,8,50610.764633503255,76.5,0.9116716470381436,11.5,83.5,69.5,3.0,4.600000000000003,17.31824573738794,0.18200914044647434,64.30286517841448,0,0,0,1,0,0,0
5689,51480,83.5,69.5,76.5,4.6,6.0,5.75,1907,449,0.0,3,53.45788043478261,71.0,11.5,0.0,29.235,41.704336,-87.70373599999998,8,50610.917398945516,76.5,0.911511423550088,11.5,83.5,69.5,3.0,4.600000000000003,17.316256590509667,0.1819771528998229,64.30404217926186,0,1,0,0,0,0,0
5690,51480,83.5,69.5,76.5,4.6,6.0,5.75,1907,449,0.0,3,53.45788043478261,71.0,11.5,0.0,29.235,41.704336,-87.70373599999998,8,50611.07011070111,76.5,0.9113512563697066,11.5,83.5,69.5,3.0,4.600000000000003,17.314268142681428,0.18194517659462175,64.30521876647337,0,0,1,0,0,0,0
5691,51480,83.5,69.5,76.5,4.6,6.0,5.75,1907,449,0.0,3,53.45788043478261,71.0,11.5,0.0,29.235,41.704336,-87.70373599999998,8,50611.22276879831,76.5,0.9111911454673226,11.5,83.5,69.5,3.0,4.600000000000003,17.312280393534785,0.18191321152494602,64.30639494026704,0,0,0,1,0,0,0
5692,51480,83.5,69.5,76.5,4.6,6.0,5.75,1907,449,0.0,3,53.45788043478261,71.0,11.5,0.0,29.235,41.750498,-87.605294,8,50611.37537326542,76.5,0.9110310908132796,11.5,83.5,69.5,3.0,4.600000000000003,17.310293342701563,0.18188125768487484,64.30757070086071,0,1,0,0,0,0,0
5693,51480,83.5,69.5,76.5,4.6,6.0,5.75,1907,449,0.0,3,53.45788043478261,71.0,11.5,0.0,29.235,41.750498,-87.605294,8,50611.52792413066,76.5,0.9108710923779416,11.5,83.5,69.5,3.0,4.600000000000003,17.30830698981384,0.18184931506849186,64.30874604847207,0,0,0,1,0,0,0
5694,51480,83.5,69.5,76.5,4.6,6.0,5.75,1907,449,0.0,3,53.45788043478261,71.0,11.5,0.0,29.235,41.798697,-87.736812,8,50611.6804214223,76.5,0.9107111501316943,11.5,83.5,69.5,3.0,4.600000000000003,17.306321334503952,0.18181738366988456,64.3099209833187,0,1,0,0,0,0,0
5695,51480,83.5,69.5,76.5,4.6,6.0,5.75,1907,449,0.0,3,53.45788043478261,71.0,11.5,0.0,29.235,41.798697,-87.736812,8,50611.83286516854,76.5,0.9105512640449438,11.5,83.5,69.5,3.0,4.600000000000003,17.304336376404493,0.18178546348314475,64.31109550561797,0,0,1,0,0,0,0
5696,51480,83.5,69.5,76.5,4.6,6.0,5.75,1907,449,0.0,3,53.45788043478261,71.0,11.5,0.0,29.235,41.798697,-87.736812,8,50611.98525539758,76.5,0.9103914340881164,11.5,83.5,69.5,3.0,4.600000000000003,17.302352115148324,0.18175355450236835,64.31226961558716,0,0,0,1,0,0,0
5697,51480,83.5,69.5,76.5,4.6,6.0,5.75,1907,449,0.0,3,53.45788043478261,71.0,11.5,0.0,29.235,41.673408,-87.599862,8,50612.137592137595,76.5,0.9102316602316602,11.5,83.5,69.5,3.0,4.600000000000003,17.30036855036855,0.1817216567216554,64.31344331344332,0,0,1,0,0,0,0
5698,51480,83.5,69.5,76.5,4.6,6.0,5.75,1907,449,0.0,3,53.45788043478261,71.0,11.5,0.0,29.235,41.704572,-87.56566600000002,8,50612.28987541674,76.5,0.9100719424460432,11.5,83.5,69.5,3.0,4.600000000000003,17.298385681698544,0.18168977013511006,64.31461659940341,0,1,0,0,0,0,0
5699,51480,83.5,69.5,76.5,4.6,6.0,5.75,1907,449,0.0,3,53.45788043478261,71.0,11.5,0.0,29.235,41.704572,-87.56566600000002,8,50612.442105263166,76.5,0.9099122807017545,11.5,83.5,69.5,3.0,4.600000000000003,17.29640350877193,0.1816578947368408,64.3157894736842,0,0,1,0,0,0,0
5700,51480,83.5,69.5,76.5,4.6,6.0,5.75,1907,449,0.0,3,53.45788043478261,71.0,11.5,0.0,29.235,41.704572,-87.56566600000002,8,50612.59428170497,76.5,0.9097526749693036,11.5,83.5,69.5,3.0,4.600000000000003,17.294422031222588,0.18162603052095996,64.31696193650237,0,0,0,1,0,0,0
5701,51480,83.5,69.5,76.5,4.6,6.0,5.75,1907,449,0.0,3,53.45788043478261,71.0,11.5,0.0,29.235,41.704572,-87.56566600000002,8,50612.74640477027,76.5,0.9095931252192212,11.5,83.5,69.5,3.0,4.600000000000003,17.29244124868467,0.1815941774815841,64.31813398807436,0,0,0,0,1,0,0
5702,51480,83.5,69.5,76.5,4.6,6.0,5.75,1907,449,0.0,3,53.45788043478261,71.0,11.5,0.0,29.235,41.662014,-87.72460799999998,8,50612.89847448711,76.5,0.9094336314220586,11.5,83.5,69.5,3.0,4.600000000000003,17.290461160792564,0.18156233561283405,64.31930562861652,0,0,0,1,0,0,0
5703,51480,83.5,69.5,76.5,4.6,6.0,5.75,1907,449,0.0,3,53.45788043478261,71.0,11.5,0.0,29.235,41.662014,-87.72460799999998,8,50613.0504908836,76.5,0.9092741935483872,11.5,83.5,69.5,3.0,4.600000000000003,17.288481767180926,0.1815305049088346,64.32047685834502,0,0,0,0,0,0,1
5704,51480,83.5,69.5,76.5,4.6,6.0,5.75,1907,449,0.0,3,53.45788043478261,71.0,11.5,0.0,29.235,41.72646500000001,-87.585413,8,50613.20245398773,76.5,0.9091148115687993,11.5,83.5,69.5,3.0,4.600000000000003,17.286503067484666,0.18149868536371472,64.3216476774759,0,1,0,0,0,0,0
5705,51480,83.5,69.5,76.5,4.6,6.0,5.75,1907,449,0.0,3,53.45788043478261,71.0,11.5,0.0,29.235,41.72646500000001,-87.585413,8,50613.35436382755,76.5,0.908955485453908,11.5,83.5,69.5,3.0,4.600000000000003,17.284525061338943,0.18146687697160752,64.32281808622503,0,0,1,0,0,0,0
5706,51480,83.5,69.5,76.5,4.6,6.0,5.75,1907,449,0.0,3,53.45788043478261,71.0,11.5,0.0,29.235,41.72646500000001,-87.585413,8,50613.50622043105,76.5,0.9087962151743472,11.5,83.5,69.5,3.0,4.600000000000003,17.282547748379184,0.18143507972665016,64.32398808480814,0,0,0,1,0,0,0
5707,51480,83.5,69.5,76.5,4.6,6.0,5.75,1907,449,0.0,3,53.45788043478261,71.0,11.5,0.0,29.235,41.94016,-87.794896,8,50613.65802382621,76.5,0.9086370007007708,11.5,83.5,69.5,3.0,4.600000000000003,17.280571128241064,0.181403293622984,64.32515767344078,0,0,1,0,0,0,0
5708,51480,83.5,69.5,76.5,4.6,6.0,5.75,1907,449,0.0,3,53.45788043478261,71.0,11.5,0.0,29.235,41.94016,-87.794896,8,50613.80977404099,76.5,0.9084778420038536,11.5,83.5,69.5,3.0,4.600000000000003,17.278595200560513,0.18137151865475434,64.32632685233841,0,0,0,1,0,0,0
5709,51480,83.5,69.5,76.5,4.6,6.0,5.75,1907,449,0.0,3,53.45788043478261,71.0,11.5,0.0,29.235,41.878114,-87.629798,8,50613.96147110333,76.5,0.9083187390542908,11.5,83.5,69.5,3.0,4.600000000000003,17.27661996497373,0.1813397548161108,64.32749562171628,0,1,0,0,0,0,0
5710,51480,83.5,69.5,76.5,4.6,6.0,5.75,1907,449,0.0,3,53.45788043478261,71.0,11.5,0.0,29.235,41.878114,-87.629798,8,50614.113115041146,76.5,0.908159691822798,11.5,83.5,69.5,3.0,4.600000000000003,17.274645421117143,0.1813080021012069,64.32866398178953,0,0,1,0,0,0,0
5711,51480,83.5,69.5,76.5,4.6,6.0,5.75,1907,449,0.0,3,53.45788043478261,71.0,11.5,0.0,29.235,41.932094,-87.700117,8,50614.26470588236,76.5,0.908000700280112,11.5,83.5,69.5,3.0,4.600000000000003,17.272671568627448,0.1812762605042004,64.3298319327731,0,0,1,0,0,0,0
5712,51480,83.5,69.5,76.5,4.6,6.0,5.75,1907,449,0.0,3,53.45788043478261,71.0,11.5,0.0,29.235,41.932094,-87.700117,8,50614.416243654814,76.5,0.9078417643969892,11.5,83.5,69.5,3.0,4.600000000000003,17.270698407141605,0.18124453001925306,64.33099947488185,0,0,0,1,0,0,0
5713,51480,83.5,69.5,76.5,4.6,6.0,5.75,1907,449,0.0,3,53.45788043478261,71.0,11.5,0.0,29.235,41.916265,-87.800515,8,50614.56772838641,76.5,0.9076828841442072,11.5,83.5,69.5,3.0,4.600000000000003,17.268725936296814,0.1812128106405307,64.3321666083304,0,1,0,0,0,0,0
5714,51480,83.5,69.5,76.5,4.6,6.0,5.75,1907,449,0.0,3,53.45788043478261,71.0,11.5,0.0,29.235,41.916265,-87.800515,8,50614.71916010498,76.5,0.9075240594925634,11.5,83.5,69.5,3.0,4.600000000000003,17.266754155730535,0.18118110236220344,64.33333333333333,0,0,1,0,0,0,0
5715,51480,83.5,69.5,76.5,4.6,6.0,5.75,1907,449,0.0,3,53.45788043478261,71.0,11.5,0.0,29.235,41.916265,-87.800515,8,50614.87053883834,76.5,0.9073652904128762,11.5,83.5,69.5,3.0,4.600000000000003,17.264783065080472,0.1811494051784452,64.33449965010497,0,0,0,1,0,0,0
5716,51480,83.5,69.5,76.5,4.6,6.0,5.75,1907,449,0.0,3,53.45788043478261,71.0,11.5,0.0,29.235,41.776156,-87.778927,8,50615.02186461432,76.5,0.907206576875984,11.5,83.5,69.5,3.0,4.600000000000003,17.262812663984608,0.18111771908343408,64.33566555885955,0,0,1,0,0,0,0
5717,51480,83.5,69.5,76.5,4.6,6.0,5.75,1907,449,0.0,3,53.45788043478261,71.0,11.5,0.0,29.235,41.682587,-87.707973,8,50615.17313746065,76.5,0.9070479188527456,11.5,83.5,69.5,3.0,4.600000000000003,17.260842952081152,0.18108604407135231,64.33683105981112,0,1,0,0,0,0,0
5718,51480,83.5,69.5,76.5,4.6,6.0,5.75,1907,449,0.0,3,53.45788043478261,71.0,11.5,0.0,29.235,41.682587,-87.707973,8,50615.32435740514,76.5,0.9068893163140408,11.5,83.5,69.5,3.0,4.600000000000003,17.25887392900857,0.18105438013638614,64.33799615317363,0,0,1,0,0,0,0
5719,51480,83.5,69.5,76.5,4.6,6.0,5.75,1907,449,0.0,3,53.45788043478261,71.0,11.5,0.0,29.235,41.732984,-87.649642,8,50615.475524475514,76.5,0.9067307692307692,11.5,83.5,69.5,3.0,4.600000000000003,17.256905594405595,0.181022727272726,64.33916083916084,0,1,0,0,0,0,0
5720,51480,83.5,69.5,76.5,4.6,6.0,5.75,1907,449,0.0,3,53.45788043478261,71.0,11.5,0.0,29.235,41.732984,-87.649642,8,50615.626638699534,76.5,0.9065722775738508,11.5,83.5,69.5,3.0,4.600000000000003,17.254937947911205,0.18099108547456608,64.34032511798637,0,0,1,0,0,0,0
5721,51480,83.5,69.5,76.5,4.6,6.0,5.75,1907,449,0.0,3,53.45788043478261,71.0,11.5,0.0,29.235,41.903002,-87.68826700000002,8,50615.77770010486,76.5,0.9064138413142258,11.5,83.5,69.5,3.0,4.600000000000003,17.252970989164627,0.18095945473610492,64.34148898986368,0,1,0,0,0,0,0
5722,51480,83.5,69.5,76.5,4.6,6.0,5.75,1907,449,0.0,3,53.45788043478261,71.0,11.5,0.0,29.235,41.903002,-87.68826700000002,8,50615.928708719206,76.5,0.9062554604228552,11.5,83.5,69.5,3.0,4.600000000000003,17.251004717805348,0.18092783505154508,64.34265245500612,0,0,1,0,0,0,0
5723,51480,83.5,69.5,76.5,4.6,6.0,5.75,1907,449,0.0,3,53.45788043478261,71.0,11.5,0.0,29.235,41.903002,-87.68826700000002,8,50616.079664570236,76.5,0.9060971348707196,11.5,83.5,69.5,3.0,4.600000000000003,17.249039133473097,0.18089622641509304,64.34381551362684,0,0,0,1,0,0,0
5724,51480,83.5,69.5,76.5,4.6,6.0,5.75,1907,449,0.0,3,53.45788043478261,71.0,11.5,0.0,29.235,41.740641,-87.546587,8,50616.23056768558,76.5,0.9059388646288209,11.5,83.5,69.5,3.0,4.600000000000003,17.247074235807858,0.18086462882095936,64.34497816593887,0,1,0,0,0,0,0
5725,51480,83.5,69.5,76.5,4.6,6.0,5.75,1907,449,0.0,3,53.45788043478261,71.0,11.5,0.0,29.235,41.740641,-87.546587,8,50616.38141809291,76.5,0.9057806496681804,11.5,83.5,69.5,3.0,4.600000000000003,17.24511002444988,0.1808330422633588,64.34614041215508,0,0,1,0,0,0,0
5726,51480,83.5,69.5,76.5,4.6,6.0,5.75,1907,449,0.0,3,53.45788043478261,71.0,11.5,0.0,29.235,41.680946,-87.535198,8,50616.5322158198,76.5,0.9056224899598394,11.5,83.5,69.5,3.0,4.600000000000003,17.243146499039636,0.18080146673651,64.34730225248822,0,0,1,0,0,0,0
5727,51480,83.5,69.5,76.5,4.6,6.0,5.75,1907,449,0.0,3,53.45788043478261,71.0,11.5,0.0,29.235,41.680946,-87.535198,8,50616.682960893864,76.5,0.9054643854748604,11.5,83.5,69.5,3.0,4.600000000000003,17.241183659217878,0.1807699022346356,64.34846368715084,0,0,0,1,0,0,0
5728,51480,83.5,69.5,76.5,4.6,6.0,5.75,1907,449,0.0,3,53.45788043478261,71.0,11.5,0.0,29.235,41.680946,-87.535198,8,50616.83365334263,76.5,0.9053063361843252,11.5,83.5,69.5,3.0,4.600000000000003,17.23922150462559,0.1807383487519624,64.34962471635538,0,0,0,0,0,0,1
5729,51480,83.5,69.5,76.5,4.6,6.0,5.75,1907,449,0.0,3,53.45788043478261,71.0,11.5,0.0,29.235,41.948167,-87.730698,8,50616.984293193724,76.5,0.9051483420593368,11.5,83.5,69.5,3.0,4.600000000000003,17.237260034904015,0.1807068062827212,64.35078534031413,0,0,1,0,0,0,0
5730,51480,83.5,69.5,76.5,4.6,6.0,5.75,1907,449,0.0,3,53.45788043478261,71.0,11.5,0.0,29.235,41.963976,-87.69181,8,50617.13488047461,76.5,0.9049904030710172,11.5,83.5,69.5,3.0,4.600000000000003,17.235299249694645,0.18067527482114684,64.35194555923923,0,1,0,0,0,0,0
5731,51480,83.5,69.5,76.5,4.6,6.0,5.75,1907,449,0.0,3,53.45788043478261,71.0,11.5,0.0,29.235,41.963976,-87.69181,8,50617.28541521284,76.5,0.9048325191905094,11.5,83.5,69.5,3.0,4.600000000000003,17.233339148639214,0.1806437543614781,64.35310537334264,0,0,1,0,0,0,0
5732,51480,83.5,69.5,76.5,4.6,6.0,5.75,1907,449,0.0,3,53.45788043478261,71.0,11.5,0.0,29.235,41.963976,-87.69181,8,50617.4358974359,76.5,0.904674690388976,11.5,83.5,69.5,3.0,4.600000000000003,17.231379731379732,0.18061224489795788,64.35426478283621,0,0,0,1,0,0,0
5733,51480,83.5,69.5,76.5,4.6,6.0,5.75,1907,449,0.0,3,53.45788043478261,71.0,11.5,0.0,29.235,41.659112,-87.53869300000002,8,50617.58632717126,76.5,0.9045169166376004,11.5,83.5,69.5,3.0,4.600000000000003,17.229420997558428,0.18058074642483304,64.35542378793164,0,1,0,0,0,0,0
5734,51480,83.5,69.5,76.5,4.6,6.0,5.75,1907,449,0.0,3,53.45788043478261,71.0,11.5,0.0,29.235,41.659112,-87.53869300000002,8,50617.736704446375,76.5,0.9043591979075849,11.5,83.5,69.5,3.0,4.600000000000003,17.227462946817784,0.1805492589363544,64.35658238884045,0,0,1,0,0,0,0
5735,51480,83.5,69.5,76.5,4.6,6.0,5.75,1907,449,0.0,3,53.45788043478261,71.0,11.5,0.0,29.235,41.659112,-87.53869300000002,8,50617.8870292887,76.5,0.9042015341701534,11.5,83.5,69.5,3.0,4.600000000000003,17.225505578800558,0.18051778242677693,64.35774058577405,0,0,0,1,0,0,0
5736,51480,83.5,69.5,76.5,4.6,6.0,5.75,1907,449,0.0,3,53.45788043478261,71.0,11.5,0.0,29.235,41.925198,-87.746381,8,50618.037301725635,76.5,0.9040439253965488,11.5,83.5,69.5,3.0,4.600000000000003,17.223548893149733,0.18048631689035952,64.35889837894369,0,1,0,0,0,0,0
5737,51480,83.5,69.5,76.5,4.6,6.0,5.75,1907,449,0.0,3,53.45788043478261,71.0,11.5,0.0,29.235,41.925198,-87.746381,8,50618.1875217846,76.5,0.9038863715580342,11.5,83.5,69.5,3.0,4.600000000000003,17.22159288950854,0.18045486232136504,64.36005576856047,0,0,1,0,0,0,0
5738,51480,83.5,69.5,76.5,4.6,6.0,5.75,1907,449,0.0,3,53.45788043478261,71.0,11.5,0.0,29.235,41.925198,-87.746381,8,50618.337689492946,76.5,0.9037288726258929,11.5,83.5,69.5,3.0,4.600000000000003,17.219637567520476,0.1804234187140604,64.36121275483535,0,0,0,1,0,0,0
5739,51480,83.5,69.5,76.5,4.6,6.0,5.75,1907,449,0.0,3,53.45788043478261,71.0,11.5,0.0,29.235,41.973845,-87.805059,8,50618.487804878045,76.5,0.9035714285714286,11.5,83.5,69.5,3.0,4.600000000000003,17.21768292682927,0.18039198606271648,64.3623693379791,0,1,0,0,0,0,0
5740,51480,83.5,69.5,76.5,4.6,6.0,5.75,1907,449,0.0,3,53.45788043478261,71.0,11.5,0.0,29.235,41.973845,-87.805059,8,50618.637867967256,76.5,0.903414039365964,11.5,83.5,69.5,3.0,4.600000000000003,17.215728967078906,0.1803605643616082,64.36352551820241,0,0,1,0,0,0,0
5741,51480,83.5,69.5,76.5,4.6,6.0,5.75,1907,449,0.0,3,53.45788043478261,71.0,11.5,0.0,29.235,41.94722700000001,-87.67145699999998,8,50618.78787878788,76.5,0.9032567049808428,11.5,83.5,69.5,3.0,4.600000000000003,17.213775687913618,0.1803291536050144,64.36468129571578,0,0,0,1,0,0,0
5742,51480,83.5,69.5,76.5,4.6,6.0,5.75,1907,449,0.0,3,53.45788043478261,71.0,11.5,0.0,29.235,41.743402,-87.731435,8,50618.93783736723,76.5,0.9030994253874282,11.5,83.5,69.5,3.0,4.600000000000003,17.211823088977887,0.18029775378721796,64.36583667072958,0,0,1,0,0,0,0
5743,51480,83.5,69.5,76.5,4.6,6.0,5.75,1907,449,0.0,3,53.45788043478261,71.0,11.5,0.0,29.235,41.793818,-87.654234,8,50619.08774373259,76.5,0.9029422005571032,11.5,83.5,69.5,3.0,4.600000000000003,17.209871169916436,0.18026636490250567,64.36699164345404,0,1,0,0,0,0,0
5744,51480,83.5,69.5,76.5,4.6,6.0,5.75,1907,449,0.0,3,53.45788043478261,71.0,11.5,0.0,29.235,41.793818,-87.654234,8,50619.23759791122,76.5,0.9027850304612708,11.5,83.5,69.5,3.0,4.600000000000003,17.207919930374242,0.1802349869451684,64.36814621409921,0,0,1,0,0,0,0
5745,51480,83.5,69.5,76.5,4.6,6.0,5.75,1907,449,0.0,3,53.45788043478261,71.0,11.5,0.0,29.235,41.793818,-87.654234,8,50619.38739993038,76.5,0.9026279150713541,11.5,83.5,69.5,3.0,4.600000000000003,17.20596936999652,0.18020361990950096,64.36930038287504,0,0,0,1,0,0,0
5746,51480,83.5,69.5,76.5,4.6,6.0,5.75,1907,449,0.0,3,53.45788043478261,71.0,11.5,0.0,29.235,41.728495,-87.60096300000002,8,50619.537149817304,76.5,0.902470854358796,11.5,83.5,69.5,3.0,4.600000000000003,17.204019488428745,0.18017226378980208,64.37045414999129,0,0,1,0,0,0,0
5747,51480,83.5,69.5,76.5,4.6,6.0,5.75,1907,449,0.0,3,53.45788043478261,71.0,11.5,0.0,29.235,41.728495,-87.60096300000002,8,50619.68684759917,76.5,0.9023138482950592,11.5,83.5,69.5,3.0,4.600000000000003,17.202070285316633,0.18014091858037448,64.37160751565762,0,0,0,1,0,0,0
5748,51480,83.5,69.5,76.5,4.6,6.0,5.75,1907,449,0.0,3,53.45788043478261,71.0,11.5,0.0,29.235,41.951866,-87.72505699999998,8,50619.836493303184,76.5,0.9021568968516264,11.5,83.5,69.5,3.0,4.600000000000003,17.200121760306143,0.18010958427552487,64.3727604800835,0,0,1,0,0,0,0
5749,51480,83.5,69.5,76.5,4.6,6.0,5.75,1907,449,0.0,3,53.45788043478261,71.0,11.5,0.0,29.235,41.904194,-87.756155,8,50619.986086956524,76.5,0.902,11.5,83.5,69.5,3.0,4.600000000000003,17.19817391304348,0.1800782608695639,64.37391304347825,0,0,1,0,0,0,0
5750,51480,83.5,69.5,76.5,4.6,6.0,5.75,1907,449,0.0,3,53.45788043478261,71.0,11.5,0.0,29.235,41.912563,-87.66805500000002,8,50620.13562858633,76.5,0.9018431577117024,11.5,83.5,69.5,3.0,4.600000000000003,17.1962267431751,0.1800469483568062,64.37506520605112,0,0,1,0,0,0,0
5751,51480,83.5,69.5,76.5,4.6,6.0,5.75,1907,449,0.0,3,53.45788043478261,71.0,11.5,0.0,29.235,41.776428,-87.627096,8,50620.28511821975,76.5,0.9016863699582752,11.5,83.5,69.5,3.0,4.600000000000003,17.194280250347706,0.18001564673157033,64.37621696801112,0,0,0,0,0,0,1
5752,51480,83.5,69.5,76.5,4.6,6.0,5.75,1907,449,0.0,3,53.45788043478261,71.0,11.5,0.0,29.235,41.974689,-87.890615,8,50620.434555883876,76.5,0.9015296367112812,11.5,83.5,69.5,3.0,4.600000000000003,17.192334434208238,0.17998435598817875,64.37736832956719,0,1,0,0,0,0,0
5753,51480,83.5,69.5,76.5,4.6,6.0,5.75,1907,449,0.0,3,53.45788043478261,71.0,11.5,0.0,29.235,41.974689,-87.890615,8,50620.58394160584,76.5,0.9013729579423009,11.5,83.5,69.5,3.0,4.600000000000003,17.190389294403893,0.17995307612095804,64.37851929092805,0,0,1,0,0,0,0
5754,51480,83.5,69.5,76.5,4.6,6.0,5.75,1907,449,0.0,3,53.45788043478261,71.0,11.5,0.0,29.235,41.974689,-87.890615,8,50620.733275412684,76.5,0.9012163336229366,11.5,83.5,69.5,3.0,4.600000000000003,17.188444830582107,0.1799218071242385,64.37966985230234,0,0,0,1,0,0,0
5755,51480,83.5,69.5,76.5,4.6,6.0,5.75,1907,449,0.0,3,53.45788043478261,71.0,11.5,0.0,29.235,41.957799,-87.930995,8,50620.88255733148,76.5,0.9010597637248088,11.5,83.5,69.5,3.0,4.600000000000003,17.186501042390553,0.17989054899235452,64.38082001389853,0,1,0,0,0,0,0
5756,51480,83.5,69.5,76.5,4.6,6.0,5.75,1907,449,0.0,3,53.45788043478261,71.0,11.5,0.0,29.235,41.957799,-87.930995,8,50621.031787389256,76.5,0.9009032482195588,11.5,83.5,69.5,3.0,4.600000000000003,17.184557929477158,0.17985930171964434,64.38196977592496,0,0,1,0,0,0,0
5757,51480,83.5,69.5,76.5,4.6,6.0,5.75,1907,449,0.0,3,53.45788043478261,71.0,11.5,0.0,29.235,41.957799,-87.930995,8,50621.180965613064,76.5,0.9007467870788468,11.5,83.5,69.5,3.0,4.600000000000003,17.1826154914901,0.17982806530045026,64.38311913858979,0,0,0,1,0,0,0
5758,50520,81.5,62.5,72.5,8.25,19.0,8.45,1858,456,0.0,-2,53.45788043478261,64.0,7.5,0.0,29.25,41.95469,-87.800991,8,50621.16339642299,76.5,0.9005903802743532,11.5,83.5,69.5,3.0,4.600000000000003,17.182931064420906,0.17979683972911836,64.38305261330092,0,0,1,0,0,0,0
5759,50520,81.5,62.5,72.5,8.25,19.0,8.45,1858,456,0.0,-2,53.45788043478261,64.0,7.5,0.0,29.25,41.964242,-87.757639,8,50621.14583333334,76.5,0.9004340277777778,11.5,83.5,69.5,3.0,4.600000000000003,17.18324652777778,0.1797656249999987,64.38298611111111,0,1,0,0,0,0,0
5760,50520,81.5,62.5,72.5,8.25,19.0,8.45,1858,456,0.0,-2,53.45788043478261,64.0,7.5,0.0,29.25,41.964242,-87.757639,8,50621.12827634091,76.5,0.9002777295608402,11.5,83.5,69.5,3.0,4.600000000000003,17.183561881617774,0.17973442110744536,64.38291963200834,0,0,1,0,0,0,0
5761,50520,81.5,62.5,72.5,8.25,19.0,8.45,1858,456,0.0,-2,53.45788043478261,64.0,7.5,0.0,29.25,42.008314,-87.77792099999998,8,50621.11072544255,76.5,0.9001214855952794,11.5,83.5,69.5,3.0,4.600000000000003,17.183877125997913,0.17970322804581612,64.38285317598056,0,0,1,0,0,0,0
5762,50520,81.5,62.5,72.5,8.25,19.0,8.45,1858,456,0.0,-2,53.45788043478261,64.0,7.5,0.0,29.25,42.008314,-87.77792099999998,8,50621.093180635085,76.5,0.8999652958528545,11.5,83.5,69.5,3.0,4.600000000000003,17.184192260975188,0.17967204580947296,64.38278674301579,0,0,0,1,0,0,0
5763,50520,81.5,62.5,72.5,8.25,19.0,8.45,1858,456,0.0,-2,53.45788043478261,64.0,7.5,0.0,29.25,41.944869,-87.832763,8,50621.07564191533,76.5,0.8998091603053435,11.5,83.5,69.5,3.0,4.600000000000003,17.184507286606518,0.1796408743927815,64.382720333102,0,0,1,0,0,0,0
5764,50520,81.5,62.5,72.5,8.25,19.0,8.45,1858,456,0.0,-2,53.45788043478261,64.0,7.5,0.0,29.25,41.923738,-87.785288,8,50621.05810928014,76.5,0.8996530789245447,11.5,83.5,69.5,3.0,4.600000000000003,17.18482220294883,0.17960971379011145,64.38265394622725,0,0,1,0,0,0,0
5765,50520,81.5,62.5,72.5,8.25,19.0,8.45,1858,456,0.0,-2,53.45788043478261,64.0,7.5,0.0,29.25,41.960616,-87.777189,8,50621.04058272632,72.5,0.8994970516822755,7.5,81.5,69.5,-2.0,4.600000000000003,17.185137010058966,0.17957856399583638,64.38258758237947,0,0,0,1,0,0,0
5766,50520,81.5,62.5,72.5,8.25,19.0,8.45,1858,456,0.0,-2,53.45788043478261,64.0,7.5,0.0,29.25,42.010412,-87.66214000000002,8,50621.023062250744,72.5,0.8993410785503728,7.5,81.5,69.5,-2.0,4.600000000000003,17.185451707993757,0.1795474250043337,64.38252124154673,0,0,0,1,0,0,0
5767,50520,81.5,62.5,72.5,8.25,19.0,8.45,1858,456,0.0,-2,53.45788043478261,64.0,7.5,0.0,29.25,41.98480900000001,-87.728492,8,50621.00554785022,72.5,0.8991851595006934,7.5,81.5,69.5,-2.0,4.600000000000003,17.185766296809987,0.17951629680998485,64.38245492371706,0,0,1,0,0,0,0
5768,50520,81.5,62.5,72.5,8.25,19.0,8.45,1858,456,0.0,-2,53.45788043478261,64.0,7.5,0.0,29.25,41.98480900000001,-87.728492,8,50620.98803952158,72.5,0.8990292945051135,7.5,81.5,62.5,-2.0,4.600000000000003,17.186080776564395,0.17948517940717498,64.38238862887849,0,0,0,1,0,0,0
5769,50520,81.5,62.5,72.5,8.25,19.0,8.45,1858,456,0.0,-2,53.45788043478261,64.0,7.5,0.0,29.25,41.89923,-87.716788,8,50620.9705372617,72.5,0.8988734835355287,7.5,81.5,62.5,-2.0,4.600000000000003,17.186395147313693,0.17945407279029332,64.38232235701906,0,0,0,1,0,0,0
5770,50520,81.5,62.5,72.5,8.25,19.0,8.45,1858,456,0.0,-2,53.45788043478261,64.0,7.5,0.0,29.25,41.89923,-87.716788,8,50620.95304106741,72.5,0.8987177265638537,7.5,81.5,62.5,-2.0,4.600000000000003,17.18670940911454,0.17942297695373288,64.38225610812684,0,0,0,0,0,0,1
5771,50520,81.5,62.5,72.5,8.25,19.0,8.45,1858,456,0.0,-2,53.45788043478261,64.0,7.5,0.0,29.25,41.801498,-87.763416,8,50620.935550935545,72.5,0.8985620235620235,7.5,81.5,62.5,-2.0,4.600000000000003,17.187023562023562,0.1793918918918906,64.38218988218989,0,1,0,0,0,0,0
5772,50520,81.5,62.5,72.5,8.25,19.0,8.45,1858,456,0.0,-2,53.45788043478261,64.0,7.5,0.0,29.25,41.801498,-87.763416,8,50620.918066862985,72.5,0.898406374501992,7.5,81.5,62.5,-2.0,4.600000000000003,17.18733760609735,0.17936081759916725,64.38212367919625,0,0,1,0,0,0,0
5773,50520,81.5,62.5,72.5,8.25,19.0,8.45,1858,456,0.0,-2,53.45788043478261,64.0,7.5,0.0,29.25,41.801498,-87.763416,8,50620.90058884656,72.5,0.8982507793557326,7.5,81.5,62.5,-2.0,4.600000000000003,17.187651541392448,0.17932975406996754,64.38205749913405,0,0,0,1,0,0,0
5774,50520,81.5,62.5,72.5,8.25,19.0,8.45,1858,456,0.0,-2,53.45788043478261,64.0,7.5,0.0,29.25,41.906638,-87.701431,8,50620.88311688312,72.5,0.8980952380952381,7.5,81.5,62.5,-2.0,4.600000000000003,17.18796536796537,0.1792987012987,64.38199134199135,0,0,1,0,0,0,0
5775,50520,81.5,62.5,72.5,8.25,19.0,8.45,1858,456,0.0,-2,53.45788043478261,64.0,7.5,0.0,29.25,41.911824,-87.726737,8,50620.86565096953,72.5,0.8979397506925207,7.5,81.5,62.5,-2.0,4.600000000000003,17.188279085872573,0.17926765927977711,64.38192520775624,0,0,1,0,0,0,0
5776,50520,81.5,62.5,72.5,8.25,19.0,8.45,1858,456,0.0,-2,53.45788043478261,64.0,7.5,0.0,29.25,41.891118,-87.65449100000002,8,50620.84819110265,72.5,0.8977843171196123,7.5,81.5,62.5,-2.0,4.600000000000003,17.188592695170502,0.1792366280076151,64.38185909641683,0,0,1,0,0,0,0
5777,50520,81.5,62.5,72.5,8.25,19.0,8.45,1858,456,0.0,-2,53.45788043478261,64.0,7.5,0.0,29.25,41.891118,-87.65449100000002,8,50620.830737279335,72.5,0.8976289373485635,7.5,81.5,62.5,-2.0,4.600000000000003,17.188906195915543,0.17920560747663422,64.38179300796125,0,0,0,1,0,0,0
5778,50520,81.5,62.5,72.5,8.25,19.0,8.45,1858,456,0.0,-2,53.45788043478261,64.0,7.5,0.0,29.25,41.867108,-87.654224,8,50620.813289496444,72.5,0.8974736113514449,7.5,81.5,62.5,-2.0,4.600000000000003,17.189219588164047,0.17917459768125846,64.38172694237757,0,0,1,0,0,0,0
5779,50520,81.5,62.5,72.5,8.25,19.0,8.45,1858,456,0.0,-2,53.45788043478261,64.0,7.5,0.0,29.25,41.867108,-87.654224,8,50620.795847750866,72.5,0.897318339100346,7.5,81.5,62.5,-2.0,4.600000000000003,17.189532871972318,0.17914359861591567,64.38166089965398,0,0,0,1,0,0,0
5780,50520,81.5,62.5,72.5,8.25,19.0,8.45,1858,456,0.0,-2,53.45788043478261,64.0,7.5,0.0,29.25,41.896282,-87.655232,8,50620.778412039435,72.5,0.8971631205673759,7.5,81.5,62.5,-2.0,4.600000000000003,17.189846047396646,0.17911261027503764,64.38159487977859,0,0,1,0,0,0,0
5781,50520,81.5,62.5,72.5,8.25,19.0,8.45,1858,456,0.0,-2,53.45788043478261,64.0,7.5,0.0,29.25,41.921965,-87.632085,8,50620.760982359054,72.5,0.8970079557246627,7.5,81.5,62.5,-2.0,4.600000000000003,17.190159114493255,0.17908163265305993,64.38152888273953,0,0,1,0,0,0,0
5782,50520,81.5,62.5,72.5,8.25,19.0,8.45,1858,456,0.0,-2,53.45788043478261,64.0,7.5,0.0,29.25,41.921965,-87.632085,8,50620.74355870656,72.5,0.8968528445443541,7.5,81.5,62.5,-2.0,4.600000000000003,17.190472073318347,0.17905066574442202,64.38146290852498,0,0,0,1,0,0,0
5783,50520,81.5,62.5,72.5,8.25,19.0,8.45,1858,456,0.0,-2,53.45788043478261,64.0,7.5,0.0,29.25,41.801179,-87.679447,8,50620.72614107884,72.5,0.8966977869986169,7.5,81.5,62.5,-2.0,4.600000000000003,17.190784923928078,0.17901970954356716,64.3813969571231,0,0,1,0,0,0,0
5784,50520,81.5,62.5,72.5,8.25,19.0,8.45,1858,456,0.0,-2,53.45788043478261,64.0,7.5,0.0,29.25,41.800737,-87.71188000000002,8,50620.708729472775,72.5,0.8965427830596371,7.5,81.5,62.5,-2.0,4.600000000000003,17.191097666378564,0.17898876404494254,64.38133102852204,0,0,1,0,0,0,0
5785,50520,81.5,62.5,72.5,8.25,19.0,8.45,1858,456,0.0,-2,53.45788043478261,64.0,7.5,0.0,29.25,41.82561,-87.726549,8,50620.691323885236,72.5,0.8963878326996197,7.5,81.5,62.5,-2.0,4.600000000000003,17.19141030072589,0.17895782924299905,64.38126512270999,0,0,1,0,0,0,0
5786,50520,81.5,62.5,72.5,8.25,19.0,8.45,1858,456,0.0,-2,53.45788043478261,64.0,7.5,0.0,29.25,41.778297,-87.752411,8,50620.673924313116,72.5,0.8962329358907897,7.5,81.5,62.5,-2.0,8.250000000000004,17.191722827026094,0.17892690513219156,64.38119923967514,0,1,0,0,0,0,0
5787,50520,81.5,62.5,72.5,8.25,19.0,8.45,1858,456,0.0,-2,53.45788043478261,64.0,7.5,0.0,29.25,41.778297,-87.752411,8,50620.65653075328,72.5,0.8960780926053905,7.5,81.5,62.5,-2.0,8.250000000000004,17.192035245335177,0.17889599170697867,64.38113337940567,0,0,1,0,0,0,0
5788,50520,81.5,62.5,72.5,8.25,19.0,8.45,1858,456,0.0,-2,53.45788043478261,64.0,7.5,0.0,29.25,41.77166,-87.703047,8,50620.63914320263,72.5,0.8959233028156849,7.5,81.5,62.5,-2.0,8.250000000000004,17.192347555709105,0.17886508896182285,64.38106754188979,0,0,1,0,0,0,0
5789,50520,81.5,62.5,72.5,8.25,19.0,8.45,1858,456,0.0,-2,53.45788043478261,64.0,7.5,0.0,29.25,41.77166,-87.703047,8,50620.621761658025,72.5,0.8957685664939551,7.5,81.5,62.5,-2.0,8.250000000000004,17.1926597582038,0.17883419689119046,64.38100172711572,0,0,0,0,0,0,1
5790,50520,81.5,62.5,72.5,8.25,19.0,8.45,1858,456,0.0,-2,53.45788043478261,64.0,7.5,0.0,29.25,41.768388,-87.678649,8,50620.6043861164,72.5,0.8956138836125022,7.5,81.5,62.5,-2.0,8.250000000000004,17.19297185287515,0.17880331548955147,64.38093593507166,0,0,1,0,0,0,0
5791,50520,81.5,62.5,72.5,8.25,19.0,8.45,1858,456,0.0,-2,53.45788043478261,64.0,7.5,0.0,29.25,41.773215,-87.60088,8,50620.58701657459,72.5,0.8954592541436464,7.5,81.5,62.5,-2.0,8.250000000000004,17.193283839779006,0.17877244475137993,64.38087016574586,0,1,0,0,0,0,0
5792,50520,81.5,62.5,72.5,8.25,19.0,8.45,1858,456,0.0,-2,53.45788043478261,64.0,7.5,0.0,29.25,41.773215,-87.60088,8,50620.569653029524,72.5,0.8953046780597272,7.5,81.5,62.5,-2.0,8.250000000000004,17.193595718971167,0.17874158467115356,64.38080441912653,0,0,1,0,0,0,0
5793,50520,81.5,62.5,72.5,8.25,19.0,8.45,1858,456,0.0,-2,53.45788043478261,64.0,7.5,0.0,29.25,41.773215,-87.60088,8,50620.55229547808,72.5,0.8951501553331032,7.5,81.5,62.5,-2.0,8.250000000000004,17.19390749050742,0.1787107352433539,64.38073869520193,0,0,0,1,0,0,0
5794,50520,81.5,62.5,72.5,8.25,19.0,8.45,1858,456,0.0,-2,53.45788043478261,64.0,7.5,0.0,29.25,41.822536,-87.66634300000004,8,50620.53494391717,72.5,0.8949956859361519,7.5,81.5,62.5,-2.0,8.250000000000004,17.194219154443484,0.17867989646246635,64.38067299396032,0,0,1,0,0,0,0
5795,50520,81.5,62.5,72.5,8.25,19.0,8.45,1858,456,0.0,-2,53.45788043478261,64.0,7.5,0.0,29.25,41.822536,-87.66634300000004,8,50620.51759834369,72.5,0.8948412698412699,7.5,81.5,62.5,-2.0,8.250000000000004,17.194530710835053,0.17864906832298008,64.38060731538992,0,0,0,1,0,0,0
5796,50520,81.5,62.5,72.5,8.25,19.0,8.45,1858,456,0.0,-2,53.45788043478261,64.0,7.5,0.0,29.25,41.778748,-87.586427,8,50620.50025875453,72.5,0.8946869070208728,7.5,81.5,62.5,-2.0,8.250000000000004,17.194842159737796,0.17861825081938806,64.38054165947904,0,0,1,0,0,0,0
5797,50520,81.5,62.5,72.5,8.25,19.0,8.45,1858,456,0.0,-2,53.45788043478261,64.0,7.5,0.0,29.25,41.766202,-87.562889,8,50620.4829251466,72.5,0.8945325974473957,7.5,81.5,62.5,-2.0,8.250000000000004,17.19515350120731,0.17858744394618706,64.38047602621593,0,0,1,0,0,0,0
5798,50520,81.5,62.5,72.5,8.25,19.0,8.45,1858,456,0.0,-2,53.45788043478261,64.0,7.5,0.0,29.25,41.821582,-87.62779599999998,8,50620.46559751681,72.5,0.894378341093292,7.5,81.5,62.5,-2.0,8.250000000000004,17.19546473529919,0.17855664769787766,64.3804104155889,0,1,0,0,0,0,0
5799,50520,81.5,62.5,72.5,8.25,19.0,8.45,1858,456,0.0,-2,53.45788043478261,64.0,7.5,0.0,29.25,41.754292,-87.590773,8,50620.44827586207,72.5,0.8942241379310345,7.5,81.5,62.5,-2.0,8.250000000000004,17.195775862068967,0.17852586206896426,64.38034482758621,0,0,1,0,0,0,0
5800,50520,81.5,62.5,72.5,8.25,19.0,8.45,1858,456,0.0,-2,53.45788043478261,64.0,7.5,0.0,29.25,41.723195,-87.64997,8,50620.43096017928,72.5,0.8940699879331149,7.5,81.5,62.5,-2.0,8.250000000000004,17.196086881572143,0.17849508705395492,64.38027926219617,0,1,0,0,0,0,0
5801,50520,81.5,62.5,72.5,8.25,19.0,8.45,1858,456,0.0,-2,53.45788043478261,64.0,7.5,0.0,29.25,41.723195,-87.64997,8,50620.41365046536,72.5,0.8939158910720442,7.5,81.5,62.5,-2.0,8.250000000000004,17.196397793864186,0.1784643226473617,64.3802137194071,0,0,1,0,0,0,0
5802,50520,81.5,62.5,72.5,8.25,19.0,8.45,1858,456,0.0,-2,53.45788043478261,64.0,7.5,0.0,29.25,41.868077,-87.666901,8,50620.396346717214,72.5,0.8937618473203516,7.5,81.5,62.5,-2.0,8.250000000000004,17.196708599000516,0.17843356884370026,64.38014819920731,0,1,0,0,0,0,0
5803,50520,81.5,62.5,72.5,8.25,19.0,8.45,1858,456,0.0,-2,53.45788043478261,64.0,7.5,0.0,29.25,41.868077,-87.666901,8,50620.37904893177,72.5,0.8936078566505858,7.5,81.5,62.5,-2.0,8.250000000000004,17.197019297036526,0.1784028256374901,64.38008270158511,0,0,1,0,0,0,0
5804,50520,81.5,62.5,72.5,8.25,19.0,8.45,1858,456,0.0,-2,53.45788043478261,64.0,7.5,0.0,29.25,41.868077,-87.666901,8,50620.36175710594,72.5,0.8934539190353143,7.5,81.5,62.5,-2.0,8.250000000000004,17.19732988802756,0.17837209302325452,64.38001722652885,0,0,0,1,0,0,0
5805,50520,81.5,62.5,72.5,8.25,19.0,8.45,1858,456,0.0,-2,53.45788043478261,64.0,7.5,0.0,29.25,41.720848,-87.666014,8,50620.34447123666,72.5,0.8933000344471237,7.5,81.5,62.5,-2.0,8.250000000000004,17.197640372028935,0.17834137099552058,64.37995177402686,0,1,0,0,0,0,0
5806,50520,81.5,62.5,72.5,8.25,19.0,8.45,1858,456,0.0,-2,53.45788043478261,64.0,7.5,0.0,29.25,41.720848,-87.666014,8,50620.32719132082,72.5,0.8931462028586189,7.5,81.5,62.5,-2.0,8.250000000000004,17.19795074909592,0.1783106595488191,64.3798863440675,0,0,1,0,0,0,0
5807,50520,81.5,62.5,72.5,8.25,19.0,8.45,1858,456,0.0,-2,53.45788043478261,64.0,7.5,0.0,29.25,41.720848,-87.666014,8,50620.30991735537,72.5,0.8929924242424242,7.5,81.5,62.5,-2.0,8.250000000000004,17.198261019283745,0.17827995867768467,64.37982093663912,0,0,0,1,0,0,0
5808,50520,81.5,62.5,72.5,8.25,19.0,8.45,1858,456,0.0,-2,53.45788043478261,64.0,7.5,0.0,29.25,41.704336,-87.70373599999998,8,50620.292649337236,72.5,0.8928386985711827,7.5,81.5,62.5,-2.0,8.250000000000004,17.198571182647616,0.17824926837665564,64.37975555173007,0,0,1,0,0,0,0
5809,50520,81.5,62.5,72.5,8.25,19.0,8.45,1858,456,0.0,-2,53.45788043478261,64.0,7.5,0.0,29.25,41.733643,-87.55551,8,50620.27538726334,72.5,0.8926850258175559,7.5,81.5,62.5,-2.0,8.250000000000004,17.198881239242684,0.1782185886402741,64.37969018932874,0,0,1,0,0,0,0
5810,50520,81.5,62.5,72.5,8.25,19.0,8.45,1858,456,0.0,-2,53.45788043478261,64.0,7.5,0.0,29.25,41.750498,-87.605294,8,50620.25813113061,72.5,0.8925314059542248,7.5,81.5,62.5,-2.0,8.250000000000004,17.199191189124075,0.17818791946308596,64.37962484942351,0,0,1,0,0,0,0
5811,50520,81.5,62.5,72.5,8.25,19.0,8.45,1858,456,0.0,-2,53.45788043478261,64.0,7.5,0.0,29.25,41.798697,-87.736812,8,50620.240880935984,72.5,0.8923778389538886,7.5,81.5,62.5,-2.0,8.250000000000004,17.19950103234687,0.17815726083964084,64.37955953200276,0,1,0,0,0,0,0
5812,50520,81.5,62.5,72.5,8.25,19.0,8.45,1858,456,0.0,-2,53.45788043478261,64.0,7.5,0.0,29.25,41.798697,-87.736812,8,50620.22363667642,72.5,0.8922243247892654,7.5,81.5,62.5,-2.0,8.250000000000004,17.19981076896611,0.1781266127644921,64.37949423705486,0,0,1,0,0,0,0
5813,50520,81.5,62.5,72.5,8.25,19.0,8.45,1858,456,0.0,-2,53.45788043478261,64.0,7.5,0.0,29.25,41.798697,-87.736812,8,50620.20639834881,72.5,0.8920708634330925,7.5,81.5,62.5,-2.0,8.250000000000004,17.20012039903681,0.17809597523219686,64.37942896456828,0,0,0,1,0,0,0
5814,50520,81.5,62.5,72.5,8.25,19.0,8.45,1858,456,0.0,-2,53.45788043478261,64.0,7.5,0.0,29.25,41.798697,-87.736812,8,50620.18916595013,72.5,0.8919174548581256,7.5,81.5,62.5,-2.0,8.250000000000004,17.200429922613928,0.178065348237316,64.37936371453138,0,0,0,0,0,0,1
5815,50520,81.5,62.5,72.5,8.25,19.0,8.45,1858,456,0.0,-2,53.45788043478261,64.0,7.5,0.0,29.25,41.673408,-87.599862,8,50620.1719394773,72.5,0.8917640990371389,7.5,81.5,62.5,-2.0,8.250000000000004,17.200739339752406,0.17803473177441412,64.3792984869326,0,1,0,0,0,0,0
5816,50520,81.5,62.5,72.5,8.25,19.0,8.45,1858,456,0.0,-2,53.45788043478261,64.0,7.5,0.0,29.25,41.673408,-87.599862,8,50620.15471892728,72.5,0.8916107959429259,7.5,81.5,62.5,-2.0,8.250000000000004,17.201048650507133,0.17800412583805958,64.37923328176036,0,0,1,0,0,0,0
5817,50520,81.5,62.5,72.5,8.25,19.0,8.45,1858,456,0.0,-2,53.45788043478261,64.0,7.5,0.0,29.25,41.673408,-87.599862,8,50620.13750429701,72.5,0.8914575455482984,7.5,81.5,62.5,-2.0,8.250000000000004,17.201357854932965,0.17797353042282446,64.37916809900311,0,0,0,1,0,0,0
5818,50520,81.5,62.5,72.5,8.25,19.0,8.45,1858,456,0.0,-2,53.45788043478261,64.0,7.5,0.0,29.25,41.704572,-87.56566600000002,8,50620.12029558343,72.5,0.8913043478260869,7.5,81.5,62.5,-2.0,8.250000000000004,17.20166695308472,0.17794294552328452,64.37910293864925,0,1,0,0,0,0,0
5819,50520,81.5,62.5,72.5,8.25,19.0,8.45,1858,456,0.0,-2,53.45788043478261,64.0,7.5,0.0,29.25,41.704572,-87.56566600000002,8,50620.103092783495,72.5,0.8911512027491411,7.5,81.5,62.5,-2.0,8.250000000000004,17.201975945017182,0.17791237113401934,64.37903780068729,0,0,1,0,0,0,0
5820,50520,81.5,62.5,72.5,8.25,19.0,8.45,1858,456,0.0,-2,53.45788043478261,64.0,7.5,0.0,29.25,41.704572,-87.56566600000002,8,50620.08589589418,72.5,0.8909981102903282,7.5,81.5,62.5,-2.0,8.250000000000004,17.20228483078509,0.1778818072496122,64.37897268510565,0,0,0,1,0,0,0
5821,50520,81.5,62.5,72.5,8.25,19.0,8.45,1858,456,0.0,-2,53.45788043478261,64.0,7.5,0.0,29.25,41.72646500000001,-87.585413,8,50620.0687049124,72.5,0.8908450704225352,7.5,81.5,62.5,-2.0,8.250000000000004,17.202593610443145,0.17785125386465006,64.37890759189283,0,0,1,0,0,0,0
5822,50520,81.5,62.5,72.5,8.25,19.0,8.45,1858,456,0.0,-2,53.45788043478261,64.0,7.5,0.0,29.25,41.72646500000001,-87.585413,8,50620.051519835135,72.5,0.8906920831186673,7.5,81.5,62.5,-2.0,8.250000000000004,17.202902284046026,0.1778207109737236,64.37884252103727,0,0,0,1,0,0,0
5823,50520,81.5,62.5,72.5,8.25,19.0,8.45,1858,456,0.0,-2,53.45788043478261,64.0,7.5,0.0,29.25,41.72646500000001,-87.585413,8,50620.03434065934,72.5,0.8905391483516484,7.5,81.5,62.5,-2.0,8.250000000000004,17.20321085164835,0.1777901785714273,64.37877747252746,0,0,0,0,0,0,1
5824,50520,81.5,62.5,72.5,8.25,19.0,8.45,1858,456,0.0,-2,53.45788043478261,64.0,7.5,0.0,29.25,41.878114,-87.629798,8,50620.01716738197,72.5,0.8903862660944206,7.5,81.5,62.5,-2.0,8.250000000000004,17.20351931330472,0.17775965665235924,64.37871244635193,0,0,1,0,0,0,0
5825,50520,81.5,62.5,72.5,8.25,19.0,8.45,1858,456,0.0,-2,53.45788043478261,64.0,7.5,0.0,29.25,41.932094,-87.700117,8,50620.0,72.5,0.8902334363199451,7.5,81.5,62.5,-2.0,8.250000000000004,17.20382766906969,0.17772914521112124,64.37864744249914,0,0,1,0,0,0,0
5826,50520,81.5,62.5,72.5,8.25,19.0,8.45,1858,456,0.0,-2,53.45788043478261,64.0,7.5,0.0,29.25,41.932094,-87.700117,8,50619.98283851038,72.5,0.8900806590012013,7.5,81.5,62.5,-2.0,8.250000000000004,17.204135918997768,0.17769864424231896,64.37858246095762,0,0,0,1,0,0,0
5827,50520,81.5,62.5,72.5,8.25,19.0,8.45,1858,456,0.0,-2,53.45788043478261,64.0,7.5,0.0,29.25,41.916265,-87.800515,8,50619.965682910086,72.5,0.8899279341111874,7.5,81.5,62.5,-2.0,8.250000000000004,17.204444063143445,0.17766815374056152,64.37851750171585,0,1,0,0,0,0,0
5828,50520,81.5,62.5,72.5,8.25,19.0,8.45,1858,456,0.0,-2,53.45788043478261,64.0,7.5,0.0,29.25,41.916265,-87.800515,8,50619.94853319608,72.5,0.8897752616229199,7.5,81.5,62.5,-2.0,8.250000000000004,17.20475210156116,0.17763767370046193,64.3784525647624,0,0,1,0,0,0,0
5829,50520,81.5,62.5,72.5,8.25,19.0,8.45,1858,456,0.0,-2,53.45788043478261,64.0,7.5,0.0,29.25,41.916265,-87.800515,8,50619.93138936535,72.5,0.8896226415094339,7.5,81.5,62.5,-2.0,8.250000000000004,17.20506003430532,0.1776072041166368,64.37838765008577,0,0,0,1,0,0,0
5830,50520,81.5,62.5,72.5,8.25,19.0,8.45,1858,456,0.0,-2,53.45788043478261,64.0,7.5,0.0,29.25,41.846075,-87.716277,8,50619.914251414855,72.5,0.8894700737437832,7.5,81.5,62.5,-2.0,8.250000000000004,17.205367861430286,0.17757674498370649,64.3783227576745,0,1,0,0,0,0,0
5831,50520,81.5,62.5,72.5,8.25,19.0,8.45,1858,456,0.0,-2,53.45788043478261,64.0,7.5,0.0,29.25,41.846075,-87.716277,8,50619.89711934157,72.5,0.8893175582990398,7.5,81.5,62.5,-2.0,8.250000000000004,17.205675582990402,0.177546296296295,64.37825788751715,0,0,0,1,0,0,0
5832,50520,81.5,62.5,72.5,8.25,19.0,8.45,1858,456,0.0,-2,53.45788043478261,64.0,7.5,0.0,29.25,41.732984,-87.649642,8,50619.87999314247,72.5,0.8891650951482942,7.5,81.5,62.5,-2.0,8.250000000000004,17.205983199039945,0.17751585804903008,64.37819303960227,0,0,0,1,0,0,0
5833,50520,81.5,62.5,72.5,8.25,19.0,8.45,1858,456,0.0,-2,53.45788043478261,64.0,7.5,0.0,29.25,41.903002,-87.68826700000002,8,50619.862872814534,72.5,0.8890126842646555,7.5,81.5,62.5,-2.0,8.250000000000004,17.206290709633187,0.17748543023654312,64.37812821391842,0,1,0,0,0,0,0
5834,50520,81.5,62.5,72.5,8.25,19.0,8.45,1858,456,0.0,-2,53.45788043478261,64.0,7.5,0.0,29.25,41.903002,-87.68826700000002,8,50619.845758354764,72.5,0.8888603256212511,7.5,81.5,62.5,-2.0,8.250000000000004,17.206598114824335,0.17745501285346915,64.37806341045416,0,0,1,0,0,0,0
5835,50520,81.5,62.5,72.5,8.25,19.0,8.45,1858,456,0.0,-2,53.45788043478261,64.0,7.5,0.0,29.25,41.903002,-87.68826700000002,8,50619.828649760115,72.5,0.8887080191912269,7.5,81.5,62.5,-2.0,8.250000000000004,17.20690541466758,0.17742460589444695,64.37799862919807,0,0,0,1,0,0,0
5836,50520,81.5,62.5,72.5,8.25,19.0,8.45,1858,456,0.0,-2,53.45788043478261,64.0,7.5,0.0,29.25,41.678618,-87.559308,8,50619.81154702758,72.5,0.8885557649477471,7.5,81.5,62.5,-2.0,8.250000000000004,17.207212609217063,0.17739420935411898,64.37793387013878,0,1,0,0,0,0,0
5837,50520,81.5,62.5,72.5,8.25,19.0,8.45,1858,456,0.0,-2,53.45788043478261,64.0,7.5,0.0,29.25,41.678618,-87.559308,8,50619.79445015416,72.5,0.8884035628639945,7.5,81.5,62.5,-2.0,8.250000000000004,17.20751969852689,0.1773638232271313,64.37786913326482,0,0,1,0,0,0,0
5838,50520,81.5,62.5,72.5,8.25,19.0,8.45,1858,456,0.0,-2,53.45788043478261,64.0,7.5,0.0,29.25,41.678618,-87.559308,8,50619.77735913684,72.5,0.8882514129131701,7.5,81.5,62.5,-2.0,8.250000000000004,17.207826682651135,0.17733344750813368,64.37780441856482,0,0,0,0,0,0,1
5839,50520,81.5,62.5,72.5,8.25,19.0,8.45,1858,456,0.0,-2,53.45788043478261,64.0,7.5,0.0,29.25,41.740641,-87.546587,8,50619.760273972606,72.5,0.8880993150684932,7.5,81.5,62.5,-2.0,8.250000000000004,17.208133561643837,0.17730308219177954,64.3777397260274,0,0,1,0,0,0,0
5840,50520,81.5,62.5,72.5,8.25,19.0,8.45,1858,456,0.0,-2,53.45788043478261,64.0,7.5,0.0,29.25,41.740641,-87.546587,8,50619.74319465845,72.5,0.8879472693032016,7.5,81.5,62.5,-2.0,8.250000000000004,17.20844033555898,0.177272727272726,64.37767505564115,0,0,0,1,0,0,0
5841,50520,81.5,62.5,72.5,8.25,19.0,8.45,1858,456,0.0,-2,53.45788043478261,64.0,7.5,0.0,29.25,41.680946,-87.535198,8,50619.726121191365,72.5,0.8877952755905512,7.5,81.5,62.5,-2.0,8.250000000000004,17.20874700445053,0.17724238274563378,64.37761040739473,0,0,0,0,0,0,1
5842,50520,81.5,62.5,72.5,8.25,19.0,8.45,1858,456,0.0,-2,53.45788043478261,64.0,7.5,0.0,29.25,41.659112,-87.53869300000002,8,50619.70905356838,72.5,0.8876433339038166,7.5,81.5,62.5,-2.0,8.250000000000004,17.209053568372408,0.1772120486051673,64.37754578127674,0,0,1,0,0,0,0
5843,50520,81.5,62.5,72.5,8.25,19.0,8.45,1858,456,0.0,-2,53.45788043478261,64.0,7.5,0.0,29.25,41.925198,-87.746381,8,50619.69199178644,72.5,0.8874914442162902,7.5,81.5,62.5,-2.0,8.250000000000004,17.20936002737851,0.17718172484599462,64.37748117727585,0,1,0,0,0,0,0
5844,50520,81.5,62.5,72.5,8.25,19.0,8.45,1858,456,0.0,-2,53.45788043478261,64.0,7.5,0.0,29.25,41.925198,-87.746381,8,50619.674935842595,72.5,0.8873396065012832,7.5,81.5,62.5,-2.0,8.250000000000004,17.20966638152267,0.17715141146278746,64.37741659538067,0,0,1,0,0,0,0
5845,50520,81.5,62.5,72.5,8.25,19.0,8.45,1858,456,0.0,-2,53.45788043478261,64.0,7.5,0.0,29.25,41.973845,-87.805059,8,50619.657885733825,72.5,0.8871878207321245,7.5,81.5,62.5,-2.0,8.250000000000004,17.209972630858708,0.1771211084502211,64.37735203557989,0,0,1,0,0,0,0
5846,50520,81.5,62.5,72.5,8.25,19.0,8.45,1858,456,0.0,-2,53.45788043478261,64.0,7.5,0.0,29.25,41.973845,-87.805059,8,50619.640841457156,72.5,0.8870360868821618,7.5,81.5,62.5,-2.0,8.250000000000004,17.210278775440393,0.17709081580297462,64.37728749786216,0,0,0,1,0,0,0
5847,50520,81.5,62.5,72.5,8.25,19.0,8.45,1858,456,0.0,-2,53.45788043478261,64.0,7.5,0.0,29.25,41.94722700000001,-87.67145699999998,8,50619.62380300958,72.5,0.8868844049247606,7.5,81.5,62.5,-2.0,8.250000000000004,17.210584815321482,0.1770605335157306,64.37722298221614,0,0,1,0,0,0,0
5848,50520,81.5,62.5,72.5,8.25,19.0,8.45,1858,456,0.0,-2,53.45788043478261,64.0,7.5,0.0,29.25,41.743402,-87.731435,8,50619.6067703881,72.5,0.8867327748333048,7.5,81.5,62.5,-2.0,8.250000000000004,17.210890750555652,0.17703026158317536,64.37715848863054,0,0,0,1,0,0,0
5849,50520,81.5,62.5,72.5,8.25,19.0,8.45,1858,456,0.0,-2,53.45788043478261,64.0,7.5,0.0,29.25,41.793818,-87.654234,8,50619.589743589735,72.5,0.8865811965811966,7.5,81.5,62.5,-2.0,8.250000000000004,17.21119658119658,0.17699999999999871,64.37709401709402,0,1,0,0,0,0,0
5850,50520,81.5,62.5,72.5,8.25,19.0,8.45,1858,456,0.0,-2,53.45788043478261,64.0,7.5,0.0,29.25,41.793818,-87.654234,8,50619.57272261153,72.5,0.8864296701418561,7.5,81.5,62.5,-2.0,8.250000000000004,17.2115023072979,0.1769697487608943,64.37702956759529,0,0,1,0,0,0,0
5851,50520,81.5,62.5,72.5,8.25,19.0,8.45,1858,456,0.0,-2,53.45788043478261,64.0,7.5,0.0,29.25,41.793818,-87.654234,8,50619.55570745045,72.5,0.8862781954887218,7.5,81.5,62.5,-2.0,8.250000000000004,17.211807928913192,0.17693950786055926,64.37696514012303,0,0,0,1,0,0,0
5852,50520,81.5,62.5,72.5,8.25,19.0,8.45,1858,456,0.0,-2,53.45788043478261,64.0,7.5,0.0,29.25,41.728495,-87.60096300000002,8,50619.53869810353,72.5,0.8861267725952503,7.5,81.5,62.5,-2.0,8.250000000000004,17.21211344609602,0.17690927729369427,64.37690073466598,0,0,1,0,0,0,0
5853,50520,81.5,62.5,72.5,8.25,19.0,8.45,1858,456,0.0,-2,53.45788043478261,64.0,7.5,0.0,29.25,41.728495,-87.60096300000002,8,50619.521694567826,72.5,0.8859754014349163,7.5,81.5,62.5,-2.0,8.250000000000004,17.212418858899902,0.17687905705500384,64.37683635121284,0,0,0,1,0,0,0
5854,50520,81.5,62.5,72.5,8.25,19.0,8.45,1858,456,0.0,-2,53.45788043478261,64.0,7.5,0.0,29.25,41.904194,-87.756155,8,50619.504696840304,72.5,0.8858240819812127,7.5,81.5,62.5,-2.0,8.250000000000004,17.212724167378312,0.17684884713919602,64.37677198975234,0,1,0,0,0,0,0
5855,50520,81.5,62.5,72.5,8.25,19.0,8.45,1858,456,0.0,-2,53.45788043478261,64.0,7.5,0.0,29.25,41.904194,-87.756155,8,50619.487704918036,72.5,0.8856728142076503,7.5,81.5,62.5,-2.0,8.250000000000004,17.2130293715847,0.17681864754098234,64.37670765027322,0,0,1,0,0,0,0
5856,50520,81.5,62.5,72.5,8.25,19.0,8.45,1858,456,0.0,-2,53.45788043478261,64.0,7.5,0.0,29.25,41.912563,-87.66805500000002,8,50619.47071879802,72.5,0.8855215980877582,7.5,81.5,62.5,-2.0,8.250000000000004,17.213334471572477,0.1767884582550781,64.37664333276422,0,0,1,0,0,0,0
5857,50520,81.5,62.5,72.5,8.25,19.0,8.45,1858,456,0.0,-2,53.45788043478261,64.0,7.5,0.0,29.25,41.912563,-87.66805500000002,8,50619.45373847731,72.5,0.8853704335950836,7.5,81.5,62.5,-2.0,8.250000000000004,17.213639467395016,0.17675827927620222,64.37657903721407,0,0,0,1,0,0,0
5858,50520,81.5,62.5,72.5,8.25,19.0,8.45,1858,456,0.0,-2,53.45788043478261,64.0,7.5,0.0,29.25,42.009876,-87.807277,8,50619.4367639529,72.5,0.8852193207031916,7.5,81.5,62.5,-2.0,8.250000000000004,17.21394435910565,0.17672811059907706,64.37651476361154,0,1,0,0,0,0,0
5859,50520,81.5,62.5,72.5,8.25,19.0,8.45,1858,456,0.0,-2,53.45788043478261,64.0,7.5,0.0,29.25,42.009876,-87.807277,8,50619.419795221846,72.5,0.8850682593856656,7.5,81.5,62.5,-2.0,8.250000000000004,17.21424914675768,0.17669795221842874,64.37645051194541,0,0,1,0,0,0,0
5860,50520,81.5,62.5,72.5,8.25,19.0,8.45,1858,456,0.0,-2,53.45788043478261,64.0,7.5,0.0,29.25,41.776428,-87.627096,8,50619.40283228118,72.5,0.8849172496161065,7.5,81.5,62.5,-2.0,8.250000000000004,17.214553830404366,0.17666780412898694,64.37638628220441,0,1,0,0,0,0,0
5861,50520,81.5,62.5,72.5,8.25,19.0,8.45,1858,456,0.0,-2,53.45788043478261,64.0,7.5,0.0,29.25,41.776428,-87.627096,8,50619.38587512794,72.5,0.8847662913681338,7.5,81.5,62.5,-2.0,8.250000000000004,17.214858410098937,0.17663766632548492,64.37632207437734,0,0,1,0,0,0,0
5862,50520,81.5,62.5,72.5,8.25,19.0,8.45,1858,456,0.0,-2,53.45788043478261,64.0,7.5,0.0,29.25,41.776428,-87.627096,8,50619.36892375917,72.5,0.8846153846153846,7.5,81.5,62.5,-2.0,8.250000000000004,17.215162885894593,0.17660753880265948,64.37625788845301,0,0,0,1,0,0,0
5863,50520,81.5,62.5,72.5,8.25,19.0,8.45,1858,456,0.0,-2,53.45788043478261,64.0,7.5,0.0,29.25,41.776428,-87.627096,8,50619.351978171886,72.5,0.8844645293315143,7.5,81.5,62.5,-2.0,8.250000000000004,17.215467257844473,0.1765774215552511,64.37619372442019,0,0,0,0,0,0,1
5864,50520,81.5,62.5,72.5,8.25,19.0,8.45,1858,456,0.0,-2,53.45788043478261,64.0,7.5,0.0,29.25,41.974689,-87.890615,8,50619.33503836316,72.5,0.8843137254901959,7.5,81.5,62.5,-2.0,8.250000000000004,17.215771526001706,0.17654731457800385,64.37612958226771,0,1,0,0,0,0,0
5865,50520,81.5,62.5,72.5,8.25,19.0,8.45,1858,456,0.0,-2,53.45788043478261,64.0,7.5,0.0,29.25,41.974689,-87.890615,8,50619.318104330036,72.5,0.884162973065121,7.5,81.5,62.5,-2.0,8.250000000000004,17.216075690419366,0.1765172178656653,64.37606546198431,0,0,1,0,0,0,0
5866,50520,81.5,62.5,72.5,8.25,19.0,8.45,1858,456,0.0,-2,53.45788043478261,64.0,7.5,0.0,29.25,41.974689,-87.890615,8,50619.30117606953,72.5,0.8840122720299983,7.5,81.5,62.5,-2.0,8.250000000000004,17.2163797511505,0.17648713141298664,64.37600136355888,0,0,0,1,0,0,0
5867,50520,81.5,62.5,72.5,8.25,19.0,8.45,1858,456,0.0,-2,53.45788043478261,64.0,7.5,0.0,29.25,41.974689,-87.890615,8,50619.28425357874,72.5,0.8838616223585549,7.5,81.5,62.5,-2.0,8.250000000000004,17.216683708248127,0.17645705521472266,64.37593728698023,0,0,0,0,1,0,0
5868,50520,81.5,62.5,72.5,8.25,19.0,8.45,1858,456,0.0,-2,53.45788043478261,64.0,7.5,0.0,29.25,41.957799,-87.930995,8,50619.26733685466,72.5,0.8837110240245357,7.5,81.5,62.5,-2.0,8.250000000000004,17.216987561765205,0.17642698926563172,64.37587323223718,0,1,0,0,0,0,0
5869,50520,81.5,62.5,72.5,8.25,19.0,8.45,1858,456,0.0,-2,53.45788043478261,64.0,7.5,0.0,29.25,41.957799,-87.930995,8,50619.25042589439,72.5,0.8835604770017036,7.5,81.5,62.5,-2.0,8.250000000000004,17.217291311754686,0.17639693356047573,64.37580919931857,0,0,1,0,0,0,0
5870,49500,86.5,65.5,76.5,4.0,13.5,5.5,1848,503,0.0,5,53.45788043478261,68.0,11.5,0.0,29.205,41.95469,-87.800991,8,50619.0597853858,72.5,0.8834099812638392,7.5,81.5,62.5,-2.0,8.250000000000004,17.216658150229947,0.17636688809402018,64.37642650315108,0,0,1,0,0,0,0
5871,49500,86.5,65.5,76.5,4.0,13.5,5.5,1848,503,0.0,5,53.45788043478261,68.0,11.5,0.0,29.205,41.964242,-87.757639,8,50618.869209809265,72.5,0.8832595367847411,7.5,81.5,62.5,-2.0,8.250000000000004,17.216025204359678,0.17633685286103415,64.37704359673025,0,0,1,0,0,0,0
5872,49500,86.5,65.5,76.5,4.0,13.5,5.5,1848,503,0.0,5,53.45788043478261,68.0,11.5,0.0,29.205,41.964242,-87.757639,8,50618.67869913162,72.5,0.8831091435382258,7.5,81.5,62.5,-2.0,8.250000000000004,17.215392474033713,0.17630682785629026,64.37766048016346,0,0,0,1,0,0,0
5873,49500,86.5,65.5,76.5,4.0,13.5,5.5,1848,503,0.0,5,53.45788043478261,68.0,11.5,0.0,29.205,41.944869,-87.832763,8,50618.488253319716,72.5,0.8829588014981273,7.5,81.5,62.5,-2.0,8.250000000000004,17.214759959141983,0.1762768130745646,64.37827715355806,0,0,0,1,0,0,0
5874,49500,86.5,65.5,76.5,4.0,13.5,5.5,1848,503,0.0,5,53.45788043478261,68.0,11.5,0.0,29.205,41.991429,-87.747113,8,50618.29787234042,72.5,0.8828085106382979,7.5,81.5,62.5,-2.0,8.250000000000004,17.21412765957447,0.17624680851063704,64.37889361702129,0,0,1,0,0,0,0
5875,49500,86.5,65.5,76.5,4.0,13.5,5.5,1848,503,0.0,5,53.45788043478261,68.0,11.5,0.0,29.205,41.923738,-87.785288,8,50618.107556160656,72.5,0.8826582709326072,7.5,81.5,62.5,-2.0,8.250000000000004,17.213495575221238,0.17621681415929075,64.37950987066031,0,0,1,0,0,0,0
5876,49500,86.5,65.5,76.5,4.0,13.5,5.5,1848,503,0.0,5,53.45788043478261,68.0,11.5,0.0,29.205,41.960616,-87.777189,8,50617.917304747316,72.5,0.882508082354943,7.5,81.5,62.5,-2.0,8.250000000000004,17.212863705972435,0.17618683001531266,64.38012591458227,0,0,1,0,0,0,0
5877,49500,86.5,65.5,76.5,4.0,13.5,5.5,1848,503,0.0,5,53.45788043478261,68.0,11.5,0.0,29.205,41.98480900000001,-87.728492,8,50617.72711806737,76.5,0.8823579448792106,11.5,86.5,62.5,5.0,8.250000000000004,17.212232051718267,0.17615685607349313,64.38074174889418,0,1,0,0,0,0,0
5878,49500,86.5,65.5,76.5,4.0,13.5,5.5,1848,503,0.0,5,53.45788043478261,68.0,11.5,0.0,29.205,41.98480900000001,-87.728492,8,50617.53699608777,76.5,0.8822078584793333,11.5,86.5,62.5,5.0,8.250000000000004,17.211600612349038,0.17612689232862605,64.38135737370301,0,0,1,0,0,0,0
5879,49500,86.5,65.5,76.5,4.0,13.5,5.5,1848,503,0.0,5,53.45788043478261,68.0,11.5,0.0,29.205,41.98480900000001,-87.728492,8,50617.34693877551,76.5,0.8820578231292517,11.5,86.5,62.5,5.0,8.250000000000004,17.210969387755107,0.17609693877550894,64.38197278911565,0,0,0,1,0,0,0
5880,49500,86.5,65.5,76.5,4.0,13.5,5.5,1848,503,0.0,5,53.45788043478261,68.0,11.5,0.0,29.205,41.98480900000001,-87.728492,8,50617.156946097595,76.5,0.8819078388029247,11.5,86.5,65.5,5.0,8.250000000000004,17.2103383778269,0.1760669954089428,64.38258799523891,0,0,0,0,0,0,1
5881,49500,86.5,65.5,76.5,4.0,13.5,5.5,1848,503,0.0,5,53.45788043478261,68.0,11.5,0.0,29.205,41.986921,-87.689778,8,50616.96701802108,76.5,0.8817579054743284,11.5,86.5,65.5,5.0,8.250000000000004,17.209707582454946,0.17603706222373214,64.38320299217953,0,0,1,0,0,0,0
5882,49500,86.5,65.5,76.5,4.0,13.5,5.5,1848,503,0.0,5,53.45788043478261,68.0,11.5,0.0,29.205,41.89923,-87.716788,8,50616.777154512994,76.5,0.8816080231174571,11.5,86.5,65.5,5.0,8.250000000000004,17.20907700152983,0.1760071392146851,64.3838177800442,0,0,1,0,0,0,0
5883,49500,86.5,65.5,76.5,4.0,13.5,5.5,1848,503,0.0,5,53.45788043478261,68.0,11.5,0.0,29.205,41.89923,-87.716788,8,50616.58735554045,76.5,0.8814581917063222,11.5,86.5,65.5,5.0,8.250000000000004,17.208446634942213,0.17597722637661328,64.38443235893949,0,0,0,1,0,0,0
5884,49500,86.5,65.5,76.5,4.0,13.5,5.5,1848,503,0.0,5,53.45788043478261,68.0,11.5,0.0,29.205,41.89923,-87.716788,8,50616.397621070515,76.5,0.8813084112149533,11.5,86.5,65.5,5.0,8.250000000000004,17.207816482582842,0.17594732370433178,64.38504672897196,0,0,0,0,0,0,1
5885,49500,86.5,65.5,76.5,4.0,13.5,5.5,1848,503,0.0,5,53.45788043478261,68.0,11.5,0.0,29.205,41.801498,-87.763416,8,50616.20795107033,76.5,0.8811586816173972,11.5,86.5,65.5,5.0,8.250000000000004,17.20718654434251,0.1759174311926593,64.38566089024805,0,1,0,0,0,0,0
5886,49500,86.5,65.5,76.5,4.0,13.5,5.5,1848,503,0.0,5,53.45788043478261,68.0,11.5,0.0,29.205,41.801498,-87.763416,8,50616.01834550705,76.5,0.8810090028877187,11.5,86.5,65.5,5.0,8.250000000000004,17.206556820112112,0.17588754883641794,64.38627484287413,0,0,1,0,0,0,0
5887,49500,86.5,65.5,76.5,4.0,13.5,5.5,1848,503,0.0,5,53.45788043478261,68.0,11.5,0.0,29.205,41.801498,-87.763416,8,50615.828804347824,76.5,0.880859375,11.5,86.5,65.5,5.0,8.250000000000004,17.20592730978261,0.17585767663043353,64.38688858695652,0,0,0,1,0,0,0
5888,49500,86.5,65.5,76.5,4.0,13.5,5.5,1848,503,0.0,5,53.45788043478261,68.0,11.5,0.0,29.205,41.906638,-87.701431,8,50615.63932755986,76.5,0.8807097979283409,11.5,86.5,65.5,5.0,8.250000000000004,17.205298013245034,0.17582781456953514,64.38750212260146,0,0,1,0,0,0,0
5889,49500,86.5,65.5,76.5,4.0,13.5,5.5,1848,503,0.0,5,53.45788043478261,68.0,11.5,0.0,29.205,41.836644,-87.677737,8,50615.44991511036,76.5,0.8805602716468591,11.5,86.5,65.5,5.0,8.250000000000004,17.20466893039049,0.1757979626485556,64.3881154499151,0,0,1,0,0,0,0
5890,49500,86.5,65.5,76.5,4.0,13.5,5.5,1848,503,0.0,5,53.45788043478261,68.0,11.5,0.0,29.205,41.763733,-87.742302,8,50615.260566966565,76.5,0.8804107961296893,11.5,86.5,65.5,5.0,8.250000000000004,17.204040061110167,0.1757681208623311,64.38872856900356,0,0,1,0,0,0,0
5891,49500,86.5,65.5,76.5,4.0,13.5,5.5,1848,503,0.0,5,53.45788043478261,68.0,11.5,0.0,29.205,41.836644,-87.677737,8,50615.07128309572,76.5,0.8802613713509844,11.5,86.5,65.5,5.0,8.250000000000004,17.203411405295316,0.1757382892057014,64.38934147997284,0,0,0,1,0,0,0
5892,49500,86.5,65.5,76.5,4.0,13.5,5.5,1848,503,0.0,5,53.45788043478261,68.0,11.5,0.0,29.205,41.763733,-87.742302,8,50614.88206346513,76.5,0.8801119972849143,11.5,86.5,65.5,5.0,8.250000000000004,17.202782962837265,0.17570846767350967,64.38995418292889,0,0,0,1,0,0,0
5893,49500,86.5,65.5,76.5,4.0,13.5,5.5,1848,503,0.0,5,53.45788043478261,68.0,11.5,0.0,29.205,41.836644,-87.677737,8,50614.69290804208,76.5,0.8799626739056667,11.5,86.5,65.5,5.0,8.250000000000004,17.202154733627413,0.17567865626060275,64.3905666779776,0,0,0,0,0,0,1
5894,49500,86.5,65.5,76.5,4.0,13.5,5.5,1848,503,0.0,5,53.45788043478261,68.0,11.5,0.0,29.205,41.763733,-87.742302,8,50614.503816793884,76.5,0.879813401187447,11.5,86.5,65.5,5.0,8.250000000000004,17.20152671755725,0.1756488549618308,64.39117896522477,0,0,0,0,0,0,1
5895,49500,86.5,65.5,76.5,4.0,13.5,5.5,1848,503,0.0,5,53.45788043478261,68.0,11.5,0.0,29.205,41.857402,-87.694991,8,50614.314789687916,76.5,0.8796641791044776,11.5,86.5,65.5,5.0,8.250000000000004,17.200898914518312,0.17561906377204758,64.3917910447761,0,1,0,0,0,0,0
5896,49500,86.5,65.5,76.5,4.0,13.5,5.5,1848,503,0.0,5,53.45788043478261,68.0,11.5,0.0,29.205,41.857402,-87.694991,8,50614.12582669153,76.5,0.8795150076309988,11.5,86.5,65.5,5.0,8.250000000000004,17.200271324402234,0.17558928268611032,64.39240291673732,0,0,1,0,0,0,0
5897,49500,86.5,65.5,76.5,4.0,13.5,5.5,1848,503,0.0,5,53.45788043478261,68.0,11.5,0.0,29.205,41.868142,-87.696269,8,50613.93692777213,76.5,0.8793658867412683,11.5,86.5,65.5,5.0,8.250000000000004,17.19964394710071,0.1755595116988797,64.39301458121398,0,0,1,0,0,0,0
5898,49500,86.5,65.5,76.5,4.0,13.5,5.5,1848,503,0.0,5,53.45788043478261,68.0,11.5,0.0,29.205,41.868142,-87.696269,8,50613.7480928971,76.5,0.8792168164095608,11.5,86.5,65.5,5.0,4.000000000000004,17.19901678250551,0.17552975080521996,64.39362603831158,0,0,0,1,0,0,0
5899,49500,86.5,65.5,76.5,4.0,13.5,5.5,1848,503,0.0,5,53.45788043478261,68.0,11.5,0.0,29.205,41.867108,-87.654224,8,50613.5593220339,76.5,0.8790677966101695,11.5,86.5,65.5,5.0,4.000000000000004,17.198389830508475,0.17549999999999874,64.3942372881356,0,1,0,0,0,0,0
5900,49500,86.5,65.5,76.5,4.0,13.5,5.5,1848,503,0.0,5,53.45788043478261,68.0,11.5,0.0,29.205,41.867108,-87.654224,8,50613.37061514997,76.5,0.8789188273174038,11.5,86.5,65.5,5.0,4.000000000000004,17.197763091001526,0.1754702592780872,64.39484833079139,0,0,0,1,0,0,0
5901,49500,86.5,65.5,76.5,4.0,13.5,5.5,1848,503,0.0,5,53.45788043478261,68.0,11.5,0.0,29.205,41.896282,-87.655232,8,50613.18197221281,76.5,0.8787699085055913,11.5,86.5,65.5,5.0,4.000000000000004,17.19713656387665,0.17544052863435994,64.39545916638427,0,0,1,0,0,0,0
5902,49500,86.5,65.5,76.5,4.0,13.5,5.5,1848,503,0.0,5,53.45788043478261,68.0,11.5,0.0,29.205,41.921965,-87.632085,8,50612.993393189914,76.5,0.8786210401490767,11.5,86.5,65.5,5.0,4.000000000000004,17.19651024902592,0.17541080806369516,64.3960697950195,0,0,1,0,0,0,0
5903,49500,86.5,65.5,76.5,4.0,13.5,5.5,1848,503,0.0,5,53.45788043478261,68.0,11.5,0.0,29.205,41.921965,-87.632085,8,50612.80487804878,76.5,0.8784722222222222,11.5,86.5,65.5,5.0,4.000000000000004,17.195884146341463,0.17538109756097436,64.39668021680217,0,0,0,1,0,0,0
5904,49500,86.5,65.5,76.5,4.0,13.5,5.5,1848,503,0.0,5,53.45788043478261,68.0,11.5,0.0,29.205,41.800737,-87.71188000000002,8,50612.61642675697,76.5,0.8783234546994073,11.5,86.5,65.5,5.0,4.000000000000004,17.195258255715494,0.17535139712108255,64.39729043183742,0,1,0,0,0,0,0
5905,49500,86.5,65.5,76.5,4.0,13.5,5.5,1848,503,0.0,5,53.45788043478261,68.0,11.5,0.0,29.205,41.800737,-87.71188000000002,8,50612.42803928209,76.5,0.8781747375550288,11.5,86.5,65.5,5.0,4.000000000000004,17.194632577040302,0.17532170673890832,64.39790044023027,0,0,1,0,0,0,0
5906,49500,86.5,65.5,76.5,4.0,13.5,5.5,1848,503,0.0,5,53.45788043478261,68.0,11.5,0.0,29.205,41.82561,-87.726549,8,50612.23971559167,76.5,0.8780260707635009,11.5,86.5,65.5,5.0,4.000000000000004,17.19400711020823,0.17529202640934358,64.39851024208566,0,0,1,0,0,0,0
5907,49500,86.5,65.5,76.5,4.0,13.5,5.5,1848,503,0.0,5,53.45788043478261,68.0,11.5,0.0,29.205,41.778297,-87.752411,8,50612.05145565335,76.5,0.8778774542992552,11.5,86.5,65.5,5.0,4.000000000000004,17.193381855111713,0.17526235612728375,64.39911983750847,0,0,1,0,0,0,0
5908,49500,86.5,65.5,76.5,4.0,13.5,5.5,1848,503,0.0,5,53.45788043478261,68.0,11.5,0.0,29.205,41.77166,-87.703047,8,50611.863259434765,76.5,0.8777288881367405,11.5,86.5,65.5,5.0,4.000000000000004,17.192756811643253,0.17523269588762774,64.39972922660348,0,1,0,0,0,0,0
5909,49500,86.5,65.5,76.5,4.0,13.5,5.5,1848,503,0.0,5,53.45788043478261,68.0,11.5,0.0,29.205,41.77166,-87.703047,8,50611.67512690355,76.5,0.877580372250423,11.5,86.5,65.5,5.0,4.000000000000004,17.192131979695432,0.17520304568527792,64.40033840947547,0,0,1,0,0,0,0
5910,49500,86.5,65.5,76.5,4.0,13.5,5.5,1848,503,0.0,5,53.45788043478261,68.0,11.5,0.0,29.205,41.768388,-87.678649,8,50611.487058027415,76.5,0.877431906614786,11.5,86.5,65.5,5.0,4.000000000000004,17.191507359160887,0.17517340551514,64.40094738622906,0,1,0,0,0,0,0
5911,49500,86.5,65.5,76.5,4.0,13.5,5.5,1848,503,0.0,5,53.45788043478261,68.0,11.5,0.0,29.205,41.768388,-87.678649,8,50611.299052774026,76.5,0.8772834912043301,11.5,86.5,65.5,5.0,4.000000000000004,17.190882949932337,0.17514377537212322,64.40155615696888,0,0,1,0,0,0,0
5912,49500,86.5,65.5,76.5,4.0,13.5,5.5,1848,503,0.0,5,53.45788043478261,68.0,11.5,0.0,29.205,41.773215,-87.60088,8,50611.11111111112,76.5,0.8771351259935735,11.5,86.5,65.5,5.0,4.000000000000004,17.190258751902586,0.1751141552511403,64.40216472179942,0,0,1,0,0,0,0
5913,49500,86.5,65.5,76.5,4.0,13.5,5.5,1848,503,0.0,5,53.45788043478261,68.0,11.5,0.0,29.205,41.773215,-87.60088,8,50610.923233006426,76.5,0.8769868109570511,11.5,86.5,65.5,5.0,4.000000000000004,17.18963476496449,0.1750845451471073,64.40277308082516,0,0,0,1,0,0,0
5914,49500,86.5,65.5,76.5,4.0,13.5,5.5,1848,503,0.0,5,53.45788043478261,68.0,11.5,0.0,29.205,41.822536,-87.66634300000004,8,50610.735418427736,76.5,0.8768385460693153,11.5,86.5,65.5,5.0,4.000000000000004,17.18901098901099,0.1750549450549438,64.40338123415046,0,0,1,0,0,0,0
5915,49500,86.5,65.5,76.5,4.0,13.5,5.5,1848,503,0.0,5,53.45788043478261,68.0,11.5,0.0,29.205,41.822536,-87.66634300000004,8,50610.547667342806,76.5,0.8766903313049358,11.5,86.5,65.5,5.0,4.000000000000004,17.18838742393509,0.17502535496957278,64.40398918187964,0,0,0,1,0,0,0
5916,49500,86.5,65.5,76.5,4.0,13.5,5.5,1848,503,0.0,5,53.45788043478261,68.0,11.5,0.0,29.205,41.778748,-87.586427,8,50610.359979719455,76.5,0.8765421666384993,11.5,86.5,65.5,5.0,4.000000000000004,17.187764069629882,0.17499577488592066,64.40459692411693,0,0,1,0,0,0,0
5917,49500,86.5,65.5,76.5,4.0,13.5,5.5,1848,503,0.0,5,53.45788043478261,68.0,11.5,0.0,29.205,41.778748,-87.586427,8,50610.172355525516,76.5,0.8763940520446096,11.5,86.5,65.5,5.0,4.000000000000004,17.18714092598851,0.17496620479891728,64.40520446096654,0,0,0,1,0,0,0
5918,49500,86.5,65.5,76.5,4.0,13.5,5.5,1848,503,0.0,5,53.45788043478261,68.0,11.5,0.0,29.205,41.766202,-87.562889,8,50609.984794728836,76.5,0.8762459874978882,11.5,86.5,65.5,5.0,4.000000000000004,17.186517992904207,0.17493664470349596,64.40581179253252,0,0,1,0,0,0,0
5919,49500,86.5,65.5,76.5,4.0,13.5,5.5,1848,503,0.0,5,53.45788043478261,68.0,11.5,0.0,29.205,41.754676,-87.612922,8,50609.79729729731,76.5,0.876097972972973,11.5,86.5,65.5,5.0,4.000000000000004,17.18589527027027,0.17490709459459333,64.40641891891893,0,0,1,0,0,0,0
5920,49500,86.5,65.5,76.5,4.0,13.5,5.5,1848,503,0.0,5,53.45788043478261,68.0,11.5,0.0,29.205,41.821582,-87.62779599999998,8,50609.60986319878,76.5,0.8759500084445195,11.5,86.5,65.5,5.0,4.000000000000004,17.18527275798007,0.17487755446714956,64.40702584022971,0,0,1,0,0,0,0
5921,49500,86.5,65.5,76.5,4.0,13.5,5.5,1848,503,0.0,5,53.45788043478261,68.0,11.5,0.0,29.205,41.754292,-87.590773,8,50609.42249240122,76.5,0.8758020938872003,11.5,86.5,65.5,5.0,4.000000000000004,17.184650455927052,0.17484802431610816,64.40763255656873,0,1,0,0,0,0,0
5922,49500,86.5,65.5,76.5,4.0,13.5,5.5,1848,503,0.0,5,53.45788043478261,68.0,11.5,0.0,29.205,41.723195,-87.64997,8,50609.23518487253,76.5,0.8756542292757049,11.5,86.5,65.5,5.0,4.000000000000004,17.184028364004725,0.1748185041364161,64.40823906803986,0,0,1,0,0,0,0
5923,49500,86.5,65.5,76.5,4.0,13.5,5.5,1848,503,0.0,5,53.45788043478261,68.0,11.5,0.0,29.205,41.733643,-87.55551,8,50609.047940580684,76.5,0.87550641458474,11.5,86.5,65.5,5.0,4.000000000000004,17.183406482106687,0.17478899392302372,64.40884537474679,0,0,1,0,0,0,0
5924,49500,86.5,65.5,76.5,4.0,13.5,5.5,1848,503,0.0,5,53.45788043478261,68.0,11.5,0.0,29.205,41.750498,-87.605294,8,50608.86075949367,76.5,0.8753586497890296,11.5,86.5,65.5,5.0,4.000000000000004,17.18278481012658,0.1747594936708848,64.40945147679325,0,0,1,0,0,0,0
5925,49500,86.5,65.5,76.5,4.0,13.5,5.5,1848,503,0.0,5,53.45788043478261,68.0,11.5,0.0,29.205,41.798697,-87.736812,8,50608.67364157948,76.5,0.8752109348633142,11.5,86.5,65.5,5.0,4.000000000000004,17.182163347958152,0.17473000337495656,64.41005737428281,0,0,1,0,0,0,0
5926,49500,86.5,65.5,76.5,4.0,13.5,5.5,1848,503,0.0,5,53.45788043478261,68.0,11.5,0.0,29.205,41.798697,-87.736812,8,50608.48658680613,76.5,0.8750632697823519,11.5,86.5,65.5,5.0,4.000000000000004,17.181542095495193,0.1747005230301995,64.41066306731905,0,0,0,1,0,0,0
5927,49500,86.5,65.5,76.5,4.0,13.5,5.5,1848,503,0.0,5,53.45788043478261,68.0,11.5,0.0,29.205,41.673408,-87.599862,8,50608.299595141696,76.5,0.8749156545209177,11.5,86.5,65.5,5.0,4.000000000000004,17.180921052631582,0.1746710526315777,64.4112685560054,0,1,0,0,0,0,0
5928,49500,86.5,65.5,76.5,4.0,13.5,5.5,1848,503,0.0,5,53.45788043478261,68.0,11.5,0.0,29.205,41.673408,-87.599862,8,50608.112666554225,76.5,0.8747680890538033,11.5,86.5,65.5,5.0,4.000000000000004,17.18030021926126,0.17464159217405845,64.41187384044527,0,0,1,0,0,0,0
5929,49500,86.5,65.5,76.5,4.0,13.5,5.5,1848,503,0.0,5,53.45788043478261,68.0,11.5,0.0,29.205,41.673408,-87.599862,8,50607.925801011814,76.5,0.8746205733558179,11.5,86.5,65.5,5.0,4.000000000000004,17.179679595278245,0.17461214165261255,64.412478920742,0,0,0,1,0,0,0
5930,49500,86.5,65.5,76.5,4.0,13.5,5.5,1848,503,0.0,5,53.45788043478261,68.0,11.5,0.0,29.205,41.704572,-87.56566600000002,8,50607.73899848255,76.5,0.8744731074017872,11.5,86.5,65.5,5.0,4.000000000000004,17.179059180576633,0.1745827010622142,64.41308379699882,0,1,0,0,0,0,0
5931,49500,86.5,65.5,76.5,4.0,13.5,5.5,1848,503,0.0,5,53.45788043478261,68.0,11.5,0.0,29.205,41.704572,-87.56566600000002,8,50607.55225893459,76.5,0.8743256911665542,11.5,86.5,65.5,5.0,4.000000000000004,17.17843897505057,0.17455327039784094,64.41368846931893,0,0,1,0,0,0,0
5932,49500,86.5,65.5,76.5,4.0,13.5,5.5,1848,503,0.0,5,53.45788043478261,68.0,11.5,0.0,29.205,41.704572,-87.56566600000002,8,50607.36558233608,76.5,0.8741783246249789,11.5,86.5,65.5,5.0,4.000000000000004,17.177818978594306,0.1745238496544737,64.4142929378055,0,0,0,1,0,0,0
5933,49500,86.5,65.5,76.5,4.0,13.5,5.5,1848,503,0.0,5,53.45788043478261,68.0,11.5,0.0,29.205,41.704572,-87.56566600000002,8,50607.178968655215,76.5,0.874031007751938,11.5,86.5,65.5,5.0,4.000000000000004,17.177199191102122,0.1744944388270968,64.4148972025615,0,0,0,0,0,0,1
5934,49500,86.5,65.5,76.5,4.0,13.5,5.5,1848,503,0.0,5,53.45788043478261,68.0,11.5,0.0,29.205,41.662014,-87.72460799999998,8,50606.99241786014,76.5,0.8738837405223252,11.5,86.5,65.5,5.0,4.000000000000004,17.17657961246841,0.17446503791069798,64.41550126368998,0,1,0,0,0,0,0
5935,49500,86.5,65.5,76.5,4.0,13.5,5.5,1848,503,0.0,5,53.45788043478261,68.0,11.5,0.0,29.205,41.662014,-87.72460799999998,8,50606.80592991914,76.5,0.8737365229110512,11.5,86.5,65.5,5.0,4.000000000000004,17.1759602425876,0.17443564690026828,64.4161051212938,0,0,1,0,0,0,0
5936,49500,86.5,65.5,76.5,4.0,13.5,5.5,1848,503,0.0,5,53.45788043478261,68.0,11.5,0.0,29.205,41.662014,-87.72460799999998,8,50606.6195048004,76.5,0.8735893548930437,11.5,86.5,65.5,5.0,4.000000000000004,17.17534108135422,0.17440626579080218,64.41670877547583,0,0,0,0,0,0,1
5937,49500,86.5,65.5,76.5,4.0,13.5,5.5,1848,503,0.0,5,53.45788043478261,68.0,11.5,0.0,29.205,41.72646500000001,-87.585413,8,50606.43314247222,76.5,0.8734422364432469,11.5,86.5,65.5,5.0,4.000000000000004,17.17472212866285,0.1743768945772975,64.41731222633885,0,0,1,0,0,0,0
5938,49500,86.5,65.5,76.5,4.0,13.5,5.5,1848,503,0.0,5,53.45788043478261,68.0,11.5,0.0,29.205,41.878114,-87.629798,8,50606.24684290285,76.5,0.8732951675366223,11.5,86.5,65.5,5.0,4.000000000000004,17.17410338440815,0.17434753325475544,64.41791547398552,0,0,1,0,0,0,0
5939,49500,86.5,65.5,76.5,4.0,13.5,5.5,1848,503,0.0,5,53.45788043478261,68.0,11.5,0.0,29.205,41.932094,-87.700117,8,50606.060606060615,76.5,0.8731481481481481,11.5,86.5,65.5,5.0,4.000000000000004,17.173484848484847,0.17431818181818054,64.41851851851852,0,1,0,0,0,0,0
5940,49500,86.5,65.5,76.5,4.0,13.5,5.5,1848,503,0.0,5,53.45788043478261,68.0,11.5,0.0,29.205,41.932094,-87.700117,8,50605.87443191382,76.5,0.8730011782528194,11.5,86.5,65.5,5.0,4.000000000000004,17.172866520787746,0.1742888402625808,64.41912136004039,0,0,1,0,0,0,0
5941,49500,86.5,65.5,76.5,4.0,13.5,5.5,1848,503,0.0,5,53.45788043478261,68.0,11.5,0.0,29.205,41.916265,-87.800515,8,50605.68832043083,76.5,0.8728542578256479,11.5,86.5,65.5,5.0,4.000000000000004,17.172248401211714,0.17425950858296746,64.41972399865365,0,0,1,0,0,0,0
5942,49500,86.5,65.5,76.5,4.0,13.5,5.5,1848,503,0.0,5,53.45788043478261,68.0,11.5,0.0,29.205,41.916265,-87.800515,8,50605.50227158001,76.5,0.8727073868416625,11.5,86.5,65.5,5.0,4.000000000000004,17.17163048965169,0.17423018677435512,64.4203264344607,0,0,0,1,0,0,0
5943,49500,86.5,65.5,76.5,4.0,13.5,5.5,1848,503,0.0,5,53.45788043478261,68.0,11.5,0.0,29.205,41.846075,-87.716277,8,50605.31628532975,76.5,0.8725605652759085,11.5,86.5,65.5,5.0,4.000000000000004,17.171012786002688,0.17420087483176186,64.42092866756393,0,0,1,0,0,0,0
5944,49500,86.5,65.5,76.5,4.0,13.5,5.5,1848,503,0.0,5,53.45788043478261,68.0,11.5,0.0,29.205,41.846075,-87.716277,8,50605.130361648444,76.5,0.8724137931034482,11.5,86.5,65.5,5.0,4.000000000000004,17.1703952901598,0.174171572750209,64.42153069806561,0,0,0,1,0,0,0
5945,49500,86.5,65.5,76.5,4.0,13.5,5.5,1848,503,0.0,5,53.45788043478261,68.0,11.5,0.0,29.205,41.776156,-87.778927,8,50604.94450050454,76.5,0.8722670702993609,11.5,86.5,65.5,5.0,4.000000000000004,17.169778002018163,0.17414228052472125,64.42213252606794,0,0,1,0,0,0,0
5946,49500,86.5,65.5,76.5,4.0,13.5,5.5,1848,503,0.0,5,53.45788043478261,68.0,11.5,0.0,29.205,41.776156,-87.778927,8,50604.758701866485,76.5,0.8721203968387422,11.5,86.5,65.5,5.0,4.000000000000004,17.169160921473008,0.17411299815032666,64.42273415167311,0,0,0,0,0,0,1
5947,49500,86.5,65.5,76.5,4.0,13.5,5.5,1848,503,0.0,5,53.45788043478261,68.0,11.5,0.0,29.205,41.732984,-87.649642,8,50604.57296570276,76.5,0.8719737726967047,11.5,86.5,65.5,5.0,4.000000000000004,17.168544048419637,0.17408372562205654,64.42333557498317,0,0,1,0,0,0,0
5948,49500,86.5,65.5,76.5,4.0,13.5,5.5,1848,503,0.0,5,53.45788043478261,68.0,11.5,0.0,29.205,41.903002,-87.68826700000002,8,50604.387291981846,76.5,0.8718271978483779,11.5,86.5,65.5,5.0,4.000000000000004,17.167927382753405,0.1740544629349458,64.42393679610018,0,0,1,0,0,0,0
5949,49500,86.5,65.5,76.5,4.0,13.5,5.5,1848,503,0.0,5,53.45788043478261,68.0,11.5,0.0,29.205,41.903002,-87.68826700000002,8,50604.20168067227,76.5,0.8716806722689076,11.5,86.5,65.5,5.0,4.000000000000004,17.167310924369747,0.17402521008403235,64.42453781512604,0,0,0,1,0,0,0
5950,49500,86.5,65.5,76.5,4.0,13.5,5.5,1848,503,0.0,5,53.45788043478261,68.0,11.5,0.0,29.205,41.678618,-87.559308,8,50604.016131742566,76.5,0.8715341959334566,11.5,86.5,65.5,5.0,4.000000000000004,17.166694673164173,0.1739959670643577,64.42513863216266,0,0,1,0,0,0,0
5951,49500,86.5,65.5,76.5,4.0,13.5,5.5,1848,503,0.0,5,53.45788043478261,68.0,11.5,0.0,29.205,41.948167,-87.730698,8,50603.83064516129,76.5,0.8713877688172043,11.5,86.5,65.5,5.0,4.000000000000004,17.16607862903226,0.17396673387096648,64.42573924731182,0,0,1,0,0,0,0
5952,49500,86.5,65.5,76.5,4.0,13.5,5.5,1848,503,0.0,5,53.45788043478261,68.0,11.5,0.0,29.205,41.948167,-87.730698,8,50603.64522089703,76.5,0.8712413908953469,11.5,86.5,65.5,5.0,4.000000000000004,17.165462791869647,0.17393751049890685,64.4263396606753,0,0,0,1,0,0,0
5953,49500,86.5,65.5,76.5,4.0,13.5,5.5,1848,503,0.0,5,53.45788043478261,68.0,11.5,0.0,29.205,41.963976,-87.69181,8,50603.459858918366,76.5,0.8710950621430971,11.5,86.5,65.5,5.0,4.000000000000004,17.16484716157205,0.17390829694323018,64.42693987235472,0,1,0,0,0,0,0
5954,49500,86.5,65.5,76.5,4.0,13.5,5.5,1848,503,0.0,5,53.45788043478261,68.0,11.5,0.0,29.205,41.963976,-87.69181,8,50603.274559193946,76.5,0.8709487825356843,11.5,86.5,65.5,5.0,4.000000000000004,17.164231738035266,0.1738790931989912,64.42753988245173,0,0,1,0,0,0,0
5955,49500,86.5,65.5,76.5,4.0,13.5,5.5,1848,503,0.0,5,53.45788043478261,68.0,11.5,0.0,29.205,41.963976,-87.69181,8,50603.08932169241,76.5,0.8708025520483546,11.5,86.5,65.5,5.0,4.000000000000004,17.163616521155134,0.17384989926124791,64.42813969106783,0,0,0,1,0,0,0
5956,49500,86.5,65.5,76.5,4.0,13.5,5.5,1848,503,0.0,5,53.45788043478261,68.0,11.5,0.0,29.205,41.659112,-87.53869300000002,8,50602.90414638241,76.5,0.8706563706563707,11.5,86.5,65.5,5.0,4.000000000000004,17.1630015108276,0.1738207151250617,64.42873929830452,0,0,0,1,0,0,0
5957,49500,86.5,65.5,76.5,4.0,13.5,5.5,1848,503,0.0,5,53.45788043478261,68.0,11.5,0.0,29.205,41.925198,-87.746381,8,50602.71903323263,76.5,0.8705102383350117,11.5,86.5,65.5,5.0,4.000000000000004,17.16238670694864,0.17379154078549724,64.42933870426317,0,0,1,0,0,0,0
5958,49500,86.5,65.5,76.5,4.0,13.5,5.5,1848,503,0.0,5,53.45788043478261,68.0,11.5,0.0,29.205,41.925198,-87.746381,8,50602.533982211775,76.5,0.8703641550595738,11.5,86.5,65.5,5.0,4.000000000000004,17.161772109414333,0.1737623762376225,64.42993790904514,0,0,0,1,0,0,0
5959,49500,86.5,65.5,76.5,4.0,13.5,5.5,1848,503,0.0,5,53.45788043478261,68.0,11.5,0.0,29.205,41.94722700000001,-87.67145699999998,8,50602.348993288586,76.5,0.8702181208053691,11.5,86.5,65.5,5.0,4.000000000000004,17.161157718120805,0.17373322147650885,64.43053691275169,0,0,1,0,0,0,0
5960,49500,86.5,65.5,76.5,4.0,13.5,5.5,1848,503,0.0,5,53.45788043478261,68.0,11.5,0.0,29.205,41.743402,-87.731435,8,50602.164066431804,76.5,0.8700721355477269,11.5,86.5,65.5,5.0,4.000000000000004,17.16054353296427,0.17370407649723074,64.43113571548398,0,1,0,0,0,0,0
5961,49500,86.5,65.5,76.5,4.0,13.5,5.5,1848,503,0.0,5,53.45788043478261,68.0,11.5,0.0,29.205,41.743402,-87.731435,8,50601.97920161019,76.5,0.8699261992619927,11.5,86.5,65.5,5.0,4.000000000000004,17.159929553840993,0.17367494129486624,64.43173431734317,0,0,1,0,0,0,0
5962,49500,86.5,65.5,76.5,4.0,13.5,5.5,1848,503,0.0,5,53.45788043478261,68.0,11.5,0.0,29.205,41.743402,-87.731435,8,50601.79439879256,76.5,0.8697803119235284,11.5,86.5,65.5,5.0,4.000000000000004,17.159315780647322,0.17364581586449648,64.43233271843032,0,0,0,1,0,0,0
5963,49500,86.5,65.5,76.5,4.0,13.5,5.5,1848,503,0.0,5,53.45788043478261,68.0,11.5,0.0,29.205,41.793818,-87.654234,8,50601.60965794769,76.5,0.8696344735077131,11.5,86.5,65.5,5.0,4.000000000000004,17.15870221327968,0.17361670020120598,64.43293091884641,0,1,0,0,0,0,0
5964,49500,86.5,65.5,76.5,4.0,13.5,5.5,1848,503,0.0,5,53.45788043478261,68.0,11.5,0.0,29.205,41.793818,-87.654234,8,50601.424979044416,76.5,0.8694886839899413,11.5,86.5,65.5,5.0,4.000000000000004,17.158088851634535,0.17358759430008258,64.43352891869237,0,0,1,0,0,0,0
5965,49500,86.5,65.5,76.5,4.0,13.5,5.5,1848,503,0.0,5,53.45788043478261,68.0,11.5,0.0,29.205,41.793818,-87.654234,8,50601.240362051634,76.5,0.8693429433456252,11.5,86.5,65.5,5.0,4.000000000000004,17.157475695608447,0.17355849815621732,64.43412671806905,0,0,0,1,0,0,0
5966,49500,86.5,65.5,76.5,4.0,13.5,5.5,1848,503,0.0,5,53.45788043478261,68.0,11.5,0.0,29.205,41.904194,-87.756155,8,50601.055806938166,76.5,0.8691972515501927,11.5,86.5,65.5,5.0,4.000000000000004,17.15686274509804,0.17352941176470466,64.43472431707724,0,1,0,0,0,0,0
5967,49500,86.5,65.5,76.5,4.0,13.5,5.5,1848,503,0.0,5,53.45788043478261,68.0,11.5,0.0,29.205,41.904194,-87.756155,8,50600.87131367292,76.5,0.8690516085790885,11.5,86.5,65.5,5.0,4.000000000000004,17.15625,0.17350033512064214,64.4353217158177,0,0,1,0,0,0,0
5968,49500,86.5,65.5,76.5,4.0,13.5,5.5,1848,503,0.0,5,53.45788043478261,68.0,11.5,0.0,29.205,41.912563,-87.66805500000002,8,50600.686882224836,76.5,0.8689060144077735,11.5,86.5,65.5,5.0,4.000000000000004,17.15563746021109,0.17347126821913092,64.43591891439102,0,1,0,0,0,0,0
5969,49500,86.5,65.5,76.5,4.0,13.5,5.5,1848,503,0.0,5,53.45788043478261,68.0,11.5,0.0,29.205,41.912563,-87.66805500000002,8,50600.50251256281,76.5,0.8687604690117253,11.5,86.5,65.5,5.0,4.000000000000004,17.15502512562814,0.17344221105527513,64.43651591289782,0,0,0,1,0,0,0
5970,49500,86.5,65.5,76.5,4.0,13.5,5.5,1848,503,0.0,5,53.45788043478261,68.0,11.5,0.0,29.205,42.009876,-87.807277,8,50600.31820465584,76.5,0.8686149723664378,11.5,86.5,65.5,5.0,4.000000000000004,17.15441299614805,0.1734131636241823,64.43711271143862,0,0,1,0,0,0,0
5971,49500,86.5,65.5,76.5,4.0,13.5,5.5,1848,503,0.0,5,53.45788043478261,68.0,11.5,0.0,29.205,41.776428,-87.627096,8,50600.13395847287,76.5,0.8684695244474213,11.5,86.5,65.5,5.0,4.000000000000004,17.153801071667782,0.17338412592096325,64.43770931011386,0,1,0,0,0,0,0
5972,49500,86.5,65.5,76.5,4.0,13.5,5.5,1848,503,0.0,5,53.45788043478261,68.0,11.5,0.0,29.205,41.776428,-87.627096,8,50599.94977398293,76.5,0.8683241252302025,11.5,86.5,65.5,5.0,4.000000000000004,17.153189352084382,0.17335509794073206,64.43830570902394,0,0,1,0,0,0,0
5973,49500,86.5,65.5,76.5,4.0,13.5,5.5,1848,503,0.0,5,53.45788043478261,68.0,11.5,0.0,29.205,41.994679,-87.770899,8,50599.76565115501,76.5,0.8681787746903248,11.5,86.5,65.5,5.0,4.000000000000004,17.152577837294945,0.17332607967860605,64.43890190826917,0,0,1,0,0,0,0
5974,49500,86.5,65.5,76.5,4.0,13.5,5.5,1848,503,0.0,5,53.45788043478261,68.0,11.5,0.0,29.205,41.994679,-87.770899,8,50599.581589958165,76.5,0.8680334728033473,11.5,86.5,65.5,5.0,4.000000000000004,17.151966527196652,0.17329707112970585,64.43949790794979,0,0,0,1,0,0,0
5975,49500,86.5,65.5,76.5,4.0,13.5,5.5,1848,503,0.0,5,53.45788043478261,68.0,11.5,0.0,29.205,41.974689,-87.890615,8,50599.39759036145,76.5,0.8678882195448461,11.5,86.5,65.5,5.0,4.000000000000004,17.15135542168675,0.1732680722891554,64.440093708166,0,1,0,0,0,0,0
5976,49500,86.5,65.5,76.5,4.0,13.5,5.5,1848,503,0.0,5,53.45788043478261,68.0,11.5,0.0,29.205,41.974689,-87.890615,8,50599.213652333936,76.5,0.8677430148904133,11.5,86.5,65.5,5.0,4.000000000000004,17.15074452066254,0.17323908315208172,64.4406893090179,0,0,1,0,0,0,0
5977,49500,86.5,65.5,76.5,4.0,13.5,5.5,1848,503,0.0,5,53.45788043478261,68.0,11.5,0.0,29.205,41.974689,-87.890615,8,50599.02977584476,76.5,0.8675978588156574,11.5,86.5,65.5,5.0,4.000000000000004,17.15013382402141,0.17321010371361534,64.44128471060556,0,0,0,1,0,0,0
5978,49500,86.5,65.5,76.5,4.0,13.5,5.5,1848,503,0.0,5,53.45788043478261,68.0,11.5,0.0,29.205,41.957799,-87.930995,8,50598.845960863015,76.5,0.8674527512962034,11.5,86.5,65.5,5.0,4.000000000000004,17.149523331660813,0.17318113396888987,64.44187991302894,0,1,0,0,0,0,0
5979,49500,86.5,65.5,76.5,4.0,13.5,5.5,1848,503,0.0,5,53.45788043478261,68.0,11.5,0.0,29.205,41.957799,-87.930995,8,50598.66220735786,76.5,0.8673076923076923,11.5,86.5,65.5,5.0,4.000000000000004,17.14891304347826,0.17315217391304222,64.44247491638797,0,0,1,0,0,0,0
5980,48360,83.0,60.0,71.5,1.5499999999999998,23.0,3.35,1837,511,0.0,1,53.45788043478261,63.5,6.5,0.0,29.29,41.95469,-87.800991,8,50598.28791172045,76.5,0.8671626818257816,11.5,86.5,65.5,5.0,4.000000000000004,17.149891322521313,0.1731232235412126,64.44231733823776,0,0,1,0,0,0,0
5981,48360,83.0,60.0,71.5,1.5499999999999998,23.0,3.35,1837,511,0.0,1,53.45788043478261,63.5,6.5,0.0,29.29,41.95469,-87.800991,8,50597.91374122368,76.5,0.8670177198261451,11.5,86.5,65.5,5.0,4.000000000000004,17.150869274490134,0.1730942828485444,64.44215981277165,0,0,0,1,0,0,0
5982,48360,83.0,60.0,71.5,1.5499999999999998,23.0,3.35,1837,511,0.0,1,53.45788043478261,63.5,6.5,0.0,29.29,41.964242,-87.757639,8,50597.539695804786,76.5,0.8668728062844727,11.5,86.5,65.5,5.0,4.000000000000004,17.151846899548723,0.1730653518301843,64.44200233996321,0,0,1,0,0,0,0
5983,48360,83.0,60.0,71.5,1.5499999999999998,23.0,3.35,1837,511,0.0,1,53.45788043478261,63.5,6.5,0.0,29.29,42.008314,-87.77792099999998,8,50597.16577540107,76.5,0.8667279411764706,11.5,86.5,65.5,5.0,4.000000000000004,17.152824197860962,0.17303643048128214,64.44184491978609,0,0,1,0,0,0,0
5984,48360,83.0,60.0,71.5,1.5499999999999998,23.0,3.35,1837,511,0.0,1,53.45788043478261,63.5,6.5,0.0,29.29,41.944869,-87.832763,8,50596.791979949885,76.5,0.8665831244778613,11.5,86.5,65.5,5.0,4.000000000000004,17.153801169590643,0.17300751879699122,64.44168755221386,0,0,1,0,0,0,0
5985,48360,83.0,60.0,71.5,1.5499999999999998,23.0,3.35,1837,511,0.0,1,53.45788043478261,63.5,6.5,0.0,29.29,41.991429,-87.747113,8,50596.418309388566,76.5,0.8664383561643836,11.5,86.5,65.5,5.0,4.000000000000004,17.154777814901436,0.17297861677246784,64.44153023722018,0,0,1,0,0,0,0
5986,48360,83.0,60.0,71.5,1.5499999999999998,23.0,3.35,1837,511,0.0,1,53.45788043478261,63.5,6.5,0.0,29.29,41.923738,-87.785288,8,50596.04476365459,76.5,0.8662936362117922,11.5,86.5,65.5,5.0,4.000000000000004,17.155754133956908,0.17294972440287165,64.44137297477869,0,0,1,0,0,0,0
5987,48360,83.0,60.0,71.5,1.5499999999999998,23.0,3.35,1837,511,0.0,1,53.45788043478261,63.5,6.5,0.0,29.29,41.960616,-87.777189,8,50595.67134268537,71.5,0.8661489645958583,6.5,83.0,65.5,1.0,4.000000000000004,17.156730126920507,0.1729208416833655,64.44121576486306,0,0,1,0,0,0,0
5988,48360,83.0,60.0,71.5,1.5499999999999998,23.0,3.35,1837,511,0.0,1,53.45788043478261,63.5,6.5,0.0,29.29,42.010412,-87.66214000000002,8,50595.29804641844,71.5,0.8660043412923694,6.5,83.0,65.5,1.0,4.000000000000004,17.157705793955586,0.17289196860911546,64.44105860744699,0,0,1,0,0,0,0
5989,48360,83.0,60.0,71.5,1.5499999999999998,23.0,3.35,1837,511,0.0,1,53.45788043478261,63.5,6.5,0.0,29.29,42.010412,-87.66214000000002,8,50594.924874791315,71.5,0.8658597662771286,6.5,83.0,65.5,1.0,4.000000000000004,17.158681135225375,0.1728631051752909,64.44090150250418,0,0,0,1,0,0,0
5990,48360,83.0,60.0,71.5,1.5499999999999998,23.0,3.35,1837,511,0.0,1,53.45788043478261,63.5,6.5,0.0,29.29,41.98480900000001,-87.728492,8,50594.55182774161,71.5,0.8657152395259556,6.5,83.0,60.0,1.0,4.000000000000004,17.15965615089301,0.17283425137706435,64.44074445000835,0,0,1,0,0,0,0
5991,48360,83.0,60.0,71.5,1.5499999999999998,23.0,3.35,1837,511,0.0,1,53.45788043478261,63.5,6.5,0.0,29.29,41.98480900000001,-87.728492,8,50594.178905206936,71.5,0.8655707610146862,6.5,83.0,60.0,1.0,4.000000000000004,17.160630841121495,0.17280540720961154,64.44058744993325,0,0,0,1,0,0,0
5992,48360,83.0,60.0,71.5,1.5499999999999998,23.0,3.35,1837,511,0.0,1,53.45788043478261,63.5,6.5,0.0,29.29,41.98480900000001,-87.728492,8,50593.80610712498,71.5,0.8654263307191724,6.5,83.0,60.0,1.0,4.000000000000004,17.161605206073748,0.17277657266811156,64.44043050225261,0,0,0,0,0,0,1
5993,48360,83.0,60.0,71.5,1.5499999999999998,23.0,3.35,1837,511,0.0,1,53.45788043478261,63.5,6.5,0.0,29.29,41.986921,-87.689778,8,50593.433433433434,71.5,0.8652819486152821,6.5,83.0,60.0,1.0,4.000000000000004,17.162579245912582,0.1727477477477465,64.44027360694028,0,0,1,0,0,0,0
5994,48360,83.0,60.0,71.5,1.5499999999999998,23.0,3.35,1837,511,0.0,1,53.45788043478261,63.5,6.5,0.0,29.29,41.89923,-87.716788,8,50593.06088407006,71.5,0.865137614678899,6.5,83.0,60.0,1.0,4.000000000000004,17.16355296080067,0.17271893244370184,64.44011676396997,0,0,1,0,0,0,0
5995,48360,83.0,60.0,71.5,1.5499999999999998,23.0,3.35,1837,511,0.0,1,53.45788043478261,63.5,6.5,0.0,29.29,41.801498,-87.763416,8,50592.68845897265,71.5,0.8649933288859241,6.5,83.0,60.0,1.0,4.000000000000004,17.1645263509006,0.1726901267511662,64.43995997331554,0,1,0,0,0,0,0
5996,48360,83.0,60.0,71.5,1.5499999999999998,23.0,3.35,1837,511,0.0,1,53.45788043478261,63.5,6.5,0.0,29.29,41.801498,-87.763416,8,50592.31615807903,71.5,0.8648490912122728,6.5,83.0,60.0,1.0,4.000000000000004,17.165499416374853,0.17266133066533146,64.43980323495082,0,0,1,0,0,0,0
5997,48360,83.0,60.0,71.5,1.5499999999999998,23.0,3.35,1837,511,0.0,1,53.45788043478261,63.5,6.5,0.0,29.29,41.906638,-87.701431,8,50591.94398132711,71.5,0.8647049016338779,6.5,83.0,60.0,1.0,4.000000000000004,17.166472157385794,0.17263254418139254,64.43964654884962,0,0,1,0,0,0,0
5998,48360,83.0,60.0,71.5,1.5499999999999998,23.0,3.35,1837,511,0.0,1,53.45788043478261,63.5,6.5,0.0,29.29,41.911824,-87.726737,8,50591.571928654776,71.5,0.8645607601266878,6.5,83.0,60.0,1.0,4.000000000000004,17.167444574095686,0.17260376729454785,64.43948991498583,0,0,1,0,0,0,0
5999,48360,83.0,60.0,71.5,1.5499999999999998,23.0,3.35,1837,511,0.0,1,53.45788043478261,63.5,6.5,0.0,29.29,41.911824,-87.726737,8,50591.2,71.5,0.8644166666666667,6.5,83.0,60.0,1.0,4.000000000000004,17.168416666666666,0.17257499999999876,64.43933333333334,0,0,0,0,0,0,1
6000,48360,83.0,60.0,71.5,1.5499999999999998,23.0,3.35,1837,511,0.0,1,53.45788043478261,63.5,6.5,0.0,29.29,41.891118,-87.65449100000002,8,50590.82819530078,71.5,0.8642726212297951,6.5,83.0,60.0,1.0,4.000000000000004,17.16938843526079,0.17254624229294993,64.43917680386602,0,0,1,0,0,0,0
6001,48360,83.0,60.0,71.5,1.5499999999999998,23.0,3.35,1837,511,0.0,1,53.45788043478261,63.5,6.5,0.0,29.29,41.868142,-87.696269,8,50590.45651449516,71.5,0.8641286237920693,6.5,83.0,60.0,1.0,4.000000000000004,17.170359880039985,0.17251749416860926,64.43902032655781,0,0,1,0,0,0,0
6002,48360,83.0,60.0,71.5,1.5499999999999998,23.0,3.35,1837,511,0.0,1,53.45788043478261,63.5,6.5,0.0,29.29,41.867108,-87.654224,8,50590.08495752124,71.5,0.8639846743295019,6.5,83.0,60.0,1.0,4.000000000000004,17.171331001166084,0.17248875562218766,64.43886390138265,0,0,1,0,0,0,0
6003,48360,83.0,60.0,71.5,1.5499999999999998,23.0,3.35,1837,511,0.0,1,53.45788043478261,63.5,6.5,0.0,29.29,41.867108,-87.654224,8,50589.71352431712,71.5,0.8638407728181212,6.5,83.0,60.0,1.0,4.000000000000004,17.1723017988008,0.17246002664889948,64.43870752831445,0,0,0,1,0,0,0
6004,48360,83.0,60.0,71.5,1.5499999999999998,23.0,3.35,1837,511,0.0,1,53.45788043478261,63.5,6.5,0.0,29.29,41.896282,-87.655232,8,50589.34221482098,71.5,0.8636969192339717,6.5,83.0,60.0,1.0,4.000000000000004,17.173272273105745,0.17243130724396213,64.43855120732722,0,0,1,0,0,0,0
6005,48360,83.0,60.0,71.5,1.5499999999999998,23.0,3.35,1837,511,0.0,1,53.45788043478261,63.5,6.5,0.0,29.29,41.921965,-87.632085,8,50588.971028971035,71.5,0.8635531135531136,6.5,83.0,60.0,1.0,4.000000000000004,17.174242424242426,0.17240259740259614,64.43839493839494,0,0,0,0,0,0,1
6006,48360,83.0,60.0,71.5,1.5499999999999998,23.0,3.35,1837,511,0.0,1,53.45788043478261,63.5,6.5,0.0,29.29,41.801179,-87.679447,8,50588.59996670551,71.5,0.8634093557516231,6.5,83.0,60.0,1.0,4.000000000000004,17.17521225237223,0.1723738971200254,64.4382387214916,0,1,0,0,0,0,0
6007,48360,83.0,60.0,71.5,1.5499999999999998,23.0,3.35,1837,511,0.0,1,53.45788043478261,63.5,6.5,0.0,29.29,41.801179,-87.679447,8,50588.22902796271,71.5,0.8632656458055925,6.5,83.0,60.0,1.0,4.000000000000004,17.176181757656458,0.1723452063914768,64.43808255659121,0,0,1,0,0,0,0
6008,48360,83.0,60.0,71.5,1.5499999999999998,23.0,3.35,1837,511,0.0,1,53.45788043478261,63.5,6.5,0.0,29.29,41.800737,-87.71188000000002,8,50587.85821268098,71.5,0.86312198369113,6.5,83.0,60.0,1.0,1.5500000000000034,17.177150940256286,0.1723165252121805,64.43792644366783,0,0,1,0,0,0,0
6009,48360,83.0,60.0,71.5,1.5499999999999998,23.0,3.35,1837,511,0.0,1,53.45788043478261,63.5,6.5,0.0,29.29,41.82561,-87.726549,8,50587.48752079867,71.5,0.8629783693843595,6.5,83.0,60.0,1.0,1.5500000000000034,17.17811980033278,0.1722878535773698,64.4377703826955,0,0,1,0,0,0,0
6010,48360,83.0,60.0,71.5,1.5499999999999998,23.0,3.35,1837,511,0.0,1,53.45788043478261,63.5,6.5,0.0,29.29,41.778297,-87.752411,8,50587.11695225421,71.5,0.8628348028614208,6.5,83.0,60.0,1.0,1.5500000000000034,17.179088338046913,0.17225919148228125,64.43761437364832,0,0,1,0,0,0,0
6011,48360,83.0,60.0,71.5,1.5499999999999998,23.0,3.35,1837,511,0.0,1,53.45788043478261,63.5,6.5,0.0,29.29,41.77166,-87.703047,8,50586.746506986026,71.5,0.8626912840984697,6.5,83.0,60.0,1.0,1.5500000000000034,17.180056553559552,0.17223053892215445,64.43745841650033,0,0,1,0,0,0,0
6012,48360,83.0,60.0,71.5,1.5499999999999998,23.0,3.35,1837,511,0.0,1,53.45788043478261,63.5,6.5,0.0,29.29,41.768388,-87.678649,8,50586.37618493265,71.5,0.8625478130716779,6.5,83.0,60.0,1.0,1.5500000000000034,17.18102444703143,0.17220189589223225,64.43730251122568,0,0,1,0,0,0,0
6013,48360,83.0,60.0,71.5,1.5499999999999998,23.0,3.35,1837,511,0.0,1,53.45788043478261,63.5,6.5,0.0,29.29,41.773215,-87.60088,8,50586.005986032585,71.5,0.8624043897572331,6.5,83.0,60.0,1.0,1.5500000000000034,17.181992018623212,0.17217326238776065,64.43714665779846,0,0,1,0,0,0,0
6014,48360,83.0,60.0,71.5,1.5499999999999998,23.0,3.35,1837,511,0.0,1,53.45788043478261,63.5,6.5,0.0,29.29,41.773215,-87.60088,8,50585.63591022443,71.5,0.8622610141313383,6.5,83.0,60.0,1.0,1.5500000000000034,17.182959268495427,0.17214463840398878,64.43699085619285,0,0,0,1,0,0,0
6015,48360,83.0,60.0,71.5,1.5499999999999998,23.0,3.35,1837,511,0.0,1,53.45788043478261,63.5,6.5,0.0,29.29,41.822536,-87.66634300000004,8,50585.265957446805,71.5,0.8621176861702128,6.5,83.0,60.0,1.0,1.5500000000000034,17.18392619680851,0.17211602393616898,64.43683510638297,0,0,0,1,0,0,0
6016,48360,83.0,60.0,71.5,1.5499999999999998,23.0,3.35,1837,511,0.0,1,53.45788043478261,63.5,6.5,0.0,29.29,41.766202,-87.562889,8,50584.896127638356,71.5,0.8619744058500914,6.5,83.0,60.0,1.0,1.5500000000000034,17.184892803722786,0.17208741897955668,64.43667940834302,0,0,1,0,0,0,0
6017,48360,83.0,60.0,71.5,1.5499999999999998,23.0,3.35,1837,511,0.0,1,53.45788043478261,63.5,6.5,0.0,29.29,41.754676,-87.612922,8,50584.52642073778,71.5,0.8618311731472249,6.5,83.0,60.0,1.0,1.5500000000000034,17.18585908939847,0.17205882352941052,64.43652376204719,0,0,1,0,0,0,0
6018,48360,83.0,60.0,71.5,1.5499999999999998,23.0,3.35,1837,511,0.0,1,53.45788043478261,63.5,6.5,0.0,29.29,41.821582,-87.62779599999998,8,50584.156836683826,71.5,0.86168798803788,6.5,83.0,60.0,1.0,1.5500000000000034,17.18682505399568,0.17203023758099228,64.43636816746968,0,1,0,0,0,0,0
6019,48360,83.0,60.0,71.5,1.5499999999999998,23.0,3.35,1837,511,0.0,1,53.45788043478261,63.5,6.5,0.0,29.29,41.803423,-87.642984,8,50583.78737541528,71.5,0.8615448504983388,6.5,83.0,60.0,1.0,1.5500000000000034,17.18779069767442,0.17200166112956686,64.43621262458471,0,0,1,0,0,0,0
6020,48360,83.0,60.0,71.5,1.5499999999999998,23.0,3.35,1837,511,0.0,1,53.45788043478261,63.5,6.5,0.0,29.29,41.754292,-87.590773,8,50583.41803687095,71.5,0.8614017605048995,6.5,83.0,60.0,1.0,1.5500000000000034,17.188756020594585,0.17197309417040235,64.43605713336655,0,0,1,0,0,0,0
6021,48360,83.0,60.0,71.5,1.5499999999999998,23.0,3.35,1837,511,0.0,1,53.45788043478261,63.5,6.5,0.0,29.29,41.754292,-87.590773,8,50583.048820989694,71.5,0.8612587180338758,6.5,83.0,60.0,1.0,1.5500000000000034,17.189721022915975,0.17194453669876994,64.43590169378943,0,0,0,0,0,0,1
6022,48360,83.0,60.0,71.5,1.5499999999999998,23.0,3.35,1837,511,0.0,1,53.45788043478261,63.5,6.5,0.0,29.29,41.723195,-87.64997,8,50582.67972771044,71.5,0.8611157230615972,6.5,83.0,60.0,1.0,1.5500000000000034,17.190685704798273,0.17191598870994398,64.43574630582765,0,0,1,0,0,0,0
6023,48360,83.0,60.0,71.5,1.5499999999999998,23.0,3.35,1837,511,0.0,1,53.45788043478261,63.5,6.5,0.0,29.29,41.868077,-87.666901,8,50582.31075697211,71.5,0.8609727755644091,6.5,83.0,60.0,1.0,1.5500000000000034,17.191650066401063,0.17188745019920196,64.43559096945552,0,1,0,0,0,0,0
6024,48360,83.0,60.0,71.5,1.5499999999999998,23.0,3.35,1837,511,0.0,1,53.45788043478261,63.5,6.5,0.0,29.29,41.868077,-87.666901,8,50581.94190871369,71.5,0.8608298755186722,6.5,83.0,60.0,1.0,1.5500000000000034,17.192614107883813,0.1718589211618245,64.43543568464729,0,0,1,0,0,0,0
6025,48360,83.0,60.0,71.5,1.5499999999999998,23.0,3.35,1837,511,0.0,1,53.45788043478261,63.5,6.5,0.0,29.29,41.868077,-87.666901,8,50581.57318287421,71.5,0.8606870229007634,6.5,83.0,60.0,1.0,1.5500000000000034,17.193577829405907,0.17183040159309534,64.43528045137737,0,0,0,1,0,0,0
6026,48360,83.0,60.0,71.5,1.5499999999999998,23.0,3.35,1837,511,0.0,1,53.45788043478261,63.5,6.5,0.0,29.29,41.868077,-87.666901,8,50581.20457939273,71.5,0.8605442176870748,6.5,83.0,60.0,1.0,1.5500000000000034,17.194541231126596,0.1718018914883014,64.43512526962003,0,0,0,0,0,0,1
6027,48360,83.0,60.0,71.5,1.5499999999999998,23.0,3.35,1837,511,0.0,1,53.45788043478261,63.5,6.5,0.0,29.29,41.720848,-87.666014,8,50580.83609820836,71.5,0.8604014598540146,6.5,83.0,60.0,1.0,1.5500000000000034,17.195504313205042,0.17177339084273266,64.4349701393497,0,0,1,0,0,0,0
6028,48360,83.0,60.0,71.5,1.5499999999999998,23.0,3.35,1837,511,0.0,1,53.45788043478261,63.5,6.5,0.0,29.29,41.720848,-87.666014,8,50580.46773926023,71.5,0.8602587493780063,6.5,83.0,60.0,1.0,1.5500000000000034,17.1964670758003,0.1717448996516823,64.43481506054071,0,0,0,1,0,0,0
6029,48360,83.0,60.0,71.5,1.5499999999999998,23.0,3.35,1837,511,0.0,1,53.45788043478261,63.5,6.5,0.0,29.29,41.720848,-87.666014,8,50580.09950248756,71.5,0.8601160862354892,6.5,83.0,60.0,1.0,1.5500000000000034,17.19742951907131,0.17171641791044653,64.43466003316749,0,0,0,0,0,0,1
6030,48360,83.0,60.0,71.5,1.5499999999999998,23.0,3.35,1837,511,0.0,1,53.45788043478261,63.5,6.5,0.0,29.29,41.704336,-87.70373599999998,8,50579.73138782954,71.5,0.8599734704029183,6.5,83.0,60.0,1.0,1.5500000000000034,17.19839164317692,0.17168794561432474,64.43450505720446,0,0,1,0,0,0,0
6031,48360,83.0,60.0,71.5,1.5499999999999998,23.0,3.35,1837,511,0.0,1,53.45788043478261,63.5,6.5,0.0,29.29,41.733643,-87.55551,8,50579.36339522547,71.5,0.8598309018567639,6.5,83.0,60.0,1.0,1.5500000000000034,17.199353448275858,0.17165948275861945,64.434350132626,0,0,1,0,0,0,0
6032,48360,83.0,60.0,71.5,1.5499999999999998,23.0,3.35,1837,511,0.0,1,53.45788043478261,63.5,6.5,0.0,29.29,41.798697,-87.736812,8,50578.99552461462,71.5,0.8596883805735124,6.5,83.0,60.0,1.0,1.5500000000000034,17.20031493452677,0.17163102933863625,64.43419525940661,0,0,1,0,0,0,0
6033,48360,83.0,60.0,71.5,1.5499999999999998,23.0,3.35,1837,511,0.0,1,53.45788043478261,63.5,6.5,0.0,29.29,41.798697,-87.736812,8,50578.627775936366,71.5,0.8595459065296652,6.5,83.0,60.0,1.0,1.5500000000000034,17.201276102088162,0.1716025853496839,64.43404043752072,0,0,0,1,0,0,0
6034,48360,83.0,60.0,71.5,1.5499999999999998,23.0,3.35,1837,511,0.0,1,53.45788043478261,63.5,6.5,0.0,29.29,41.673408,-87.599862,8,50578.26014913008,71.5,0.8594034797017398,6.5,83.0,60.0,1.0,1.5500000000000034,17.202236951118476,0.17157415078707414,64.43388566694283,0,0,1,0,0,0,0
6035,48360,83.0,60.0,71.5,1.5499999999999998,23.0,3.35,1837,511,0.0,1,53.45788043478261,63.5,6.5,0.0,29.29,41.704572,-87.56566600000002,8,50577.89264413519,71.5,0.8592611000662691,6.5,83.0,60.0,1.0,1.5500000000000034,17.203197481776012,0.17154572564612205,64.43373094764746,0,1,0,0,0,0,0
6036,48360,83.0,60.0,71.5,1.5499999999999998,23.0,3.35,1837,511,0.0,1,53.45788043478261,63.5,6.5,0.0,29.29,41.704572,-87.56566600000002,8,50577.52526089117,71.5,0.8591187675998012,6.5,83.0,60.0,1.0,1.5500000000000034,17.20415769421898,0.17151730992214553,64.43357627960907,0,0,0,1,0,0,0
6037,48360,83.0,60.0,71.5,1.5499999999999998,23.0,3.35,1837,511,0.0,1,53.45788043478261,63.5,6.5,0.0,29.29,41.662014,-87.72460799999998,8,50577.15799933753,71.5,0.8589764822789003,6.5,83.0,60.0,1.0,1.5500000000000034,17.2051175886055,0.1714889036104658,64.43342166280225,0,1,0,0,0,0,0
6038,48360,83.0,60.0,71.5,1.5499999999999998,23.0,3.35,1837,511,0.0,1,53.45788043478261,63.5,6.5,0.0,29.29,41.662014,-87.72460799999998,8,50576.790859413806,71.5,0.8588342440801457,6.5,83.0,60.0,1.0,1.5500000000000034,17.206077165093557,0.1714605067064071,64.43326709720152,0,0,0,1,0,0,0
6039,48360,83.0,60.0,71.5,1.5499999999999998,23.0,3.35,1837,511,0.0,1,53.45788043478261,63.5,6.5,0.0,29.29,41.72646500000001,-87.585413,8,50576.4238410596,71.5,0.8586920529801324,6.5,83.0,60.0,1.0,1.5500000000000034,17.20703642384106,0.17143211920529675,64.43311258278146,0,0,1,0,0,0,0
6040,48360,83.0,60.0,71.5,1.5499999999999998,23.0,3.35,1837,511,0.0,1,53.45788043478261,63.5,6.5,0.0,29.29,41.72646500000001,-87.585413,8,50576.05694421453,71.5,0.8585499089554709,6.5,83.0,60.0,1.0,1.5500000000000034,17.207995365005793,0.17140374110246526,64.43295811951664,0,0,0,1,0,0,0
6041,48360,83.0,60.0,71.5,1.5499999999999998,23.0,3.35,1837,511,0.0,1,53.45788043478261,63.5,6.5,0.0,29.29,41.878114,-87.629798,8,50575.69016881827,71.5,0.8584078119827872,6.5,83.0,60.0,1.0,1.5500000000000034,17.20895398874545,0.17137537239324604,64.43280370738167,0,0,1,0,0,0,0
6042,48360,83.0,60.0,71.5,1.5499999999999998,23.0,3.35,1837,511,0.0,1,53.45788043478261,63.5,6.5,0.0,29.29,41.878114,-87.629798,8,50575.323514810516,71.5,0.8582657620387225,6.5,83.0,60.0,1.0,1.5500000000000034,17.209912295217606,0.17134701307297576,64.43264934635116,0,0,0,1,0,0,0
6043,48360,83.0,60.0,71.5,1.5499999999999998,23.0,3.35,1837,511,0.0,1,53.45788043478261,63.5,6.5,0.0,29.29,41.932094,-87.700117,8,50574.956982131036,71.5,0.8581237590999338,6.5,83.0,60.0,1.0,1.5500000000000034,17.210870284579748,0.17131866313699412,64.43249503639973,0,1,0,0,0,0,0
6044,48360,83.0,60.0,71.5,1.5499999999999998,23.0,3.35,1837,511,0.0,1,53.45788043478261,63.5,6.5,0.0,29.29,41.932094,-87.700117,8,50574.5905707196,71.5,0.8579818031430935,6.5,83.0,60.0,1.0,1.5500000000000034,17.211827956989247,0.17129032258064392,64.43234077750206,0,0,1,0,0,0,0
6045,48360,83.0,60.0,71.5,1.5499999999999998,23.0,3.35,1837,511,0.0,1,53.45788043478261,63.5,6.5,0.0,29.29,41.916265,-87.800515,8,50574.224280516035,71.5,0.8578398941448891,6.5,83.0,60.0,1.0,1.5500000000000034,17.212785312603373,0.171261991399271,64.43218656963282,0,0,1,0,0,0,0
6046,48360,83.0,60.0,71.5,1.5499999999999998,23.0,3.35,1837,511,0.0,1,53.45788043478261,63.5,6.5,0.0,29.29,41.916265,-87.800515,8,50573.858111460235,71.5,0.8576980320820241,6.5,83.0,60.0,1.0,1.5500000000000034,17.213742351579295,0.17123366958822436,64.43203241276666,0,0,0,1,0,0,0
6047,48360,83.0,60.0,71.5,1.5499999999999998,23.0,3.35,1837,511,0.0,1,53.45788043478261,63.5,6.5,0.0,29.29,41.846075,-87.716277,8,50573.49206349206,71.5,0.857556216931217,6.5,83.0,60.0,1.0,1.5500000000000034,17.214699074074073,0.1712053571428559,64.4318783068783,0,1,0,0,0,0,0
6048,48360,83.0,60.0,71.5,1.5499999999999998,23.0,3.35,1837,511,0.0,1,53.45788043478261,63.5,6.5,0.0,29.29,41.776156,-87.778927,8,50573.126136551495,71.5,0.8574144486692015,6.5,83.0,60.0,1.0,1.5500000000000034,17.215655480244667,0.17117705405852085,64.43172425194247,0,0,1,0,0,0,0
6049,48360,83.0,60.0,71.5,1.5499999999999998,23.0,3.35,1837,511,0.0,1,53.45788043478261,63.5,6.5,0.0,29.29,41.682587,-87.707973,8,50572.760330578516,71.5,0.8572727272727273,6.5,83.0,60.0,1.0,1.5500000000000034,17.216611570247935,0.17114876033057727,64.43157024793389,0,0,1,0,0,0,0
6050,48360,83.0,60.0,71.5,1.5499999999999998,23.0,3.35,1837,511,0.0,1,53.45788043478261,63.5,6.5,0.0,29.29,41.732984,-87.649642,8,50572.39464551314,71.5,0.8571310527185589,6.5,83.0,60.0,1.0,1.5500000000000034,17.21756734424062,0.17112047595438648,64.4314162948273,0,0,1,0,0,0,0
6051,48360,83.0,60.0,71.5,1.5499999999999998,23.0,3.35,1837,511,0.0,1,53.45788043478261,63.5,6.5,0.0,29.29,41.732984,-87.649642,8,50572.02908129544,71.5,0.8569894249834765,6.5,83.0,60.0,1.0,1.5500000000000034,17.218522802379383,0.17109220092531272,64.43126239259749,0,0,0,1,0,0,0
6052,48360,83.0,60.0,71.5,1.5499999999999998,23.0,3.35,1837,511,0.0,1,53.45788043478261,63.5,6.5,0.0,29.29,41.903002,-87.68826700000002,8,50571.66363786552,71.5,0.8568478440442756,6.5,83.0,60.0,1.0,1.5500000000000034,17.21947794482075,0.17106393523872335,64.43110854121923,0,1,0,0,0,0,0
6053,48360,83.0,60.0,71.5,1.5499999999999998,23.0,3.35,1837,511,0.0,1,53.45788043478261,63.5,6.5,0.0,29.29,41.903002,-87.68826700000002,8,50571.298315163534,71.5,0.8567063098777667,6.5,83.0,60.0,1.0,1.5500000000000034,17.220432771721175,0.17103567888998886,64.43095474066732,0,0,1,0,0,0,0
6054,48360,83.0,60.0,71.5,1.5499999999999998,23.0,3.35,1837,511,0.0,1,53.45788043478261,63.5,6.5,0.0,29.29,41.678618,-87.559308,8,50570.93311312964,71.5,0.8565648224607763,6.5,83.0,60.0,1.0,1.5500000000000034,17.221387283236993,0.17100743187448267,64.43080099091661,0,0,1,0,0,0,0
6055,48360,83.0,60.0,71.5,1.5499999999999998,23.0,3.35,1837,511,0.0,1,53.45788043478261,63.5,6.5,0.0,29.29,41.740641,-87.546587,8,50570.568031704104,71.5,0.8564233817701453,6.5,83.0,60.0,1.0,1.5500000000000034,17.222341479524438,0.17097919418758134,64.43064729194188,0,1,0,0,0,0,0
6056,48360,83.0,60.0,71.5,1.5499999999999998,23.0,3.35,1837,511,0.0,1,53.45788043478261,63.5,6.5,0.0,29.29,41.680946,-87.535198,8,50570.20307082714,71.5,0.8562819877827307,6.5,83.0,60.0,1.0,1.5500000000000034,17.22329536073964,0.17095096582466446,64.43049364371801,0,0,1,0,0,0,0
6057,48360,83.0,60.0,71.5,1.5499999999999998,23.0,3.35,1837,511,0.0,1,53.45788043478261,63.5,6.5,0.0,29.29,41.680946,-87.535198,8,50569.83823043909,71.5,0.8561406404754044,6.5,83.0,60.0,1.0,1.5500000000000034,17.224248927038627,0.17092274678111466,64.43034004621987,0,0,0,0,0,0,1
6058,48360,83.0,60.0,71.5,1.5499999999999998,23.0,3.35,1837,511,0.0,1,53.45788043478261,63.5,6.5,0.0,29.29,41.948167,-87.730698,8,50569.47351048028,71.5,0.8559993398250536,6.5,83.0,60.0,1.0,1.5500000000000034,17.225202178577327,0.17089453705231766,64.43018649942235,0,0,1,0,0,0,0
6059,48360,83.0,60.0,71.5,1.5499999999999998,23.0,3.35,1837,511,0.0,1,53.45788043478261,63.5,6.5,0.0,29.29,41.963976,-87.69181,8,50569.10891089108,71.5,0.8558580858085808,6.5,83.0,60.0,1.0,1.5500000000000034,17.226155115511553,0.17086633663366213,64.43003300330032,0,0,1,0,0,0,0
6060,48360,83.0,60.0,71.5,1.5499999999999998,23.0,3.35,1837,511,0.0,1,53.45788043478261,63.5,6.5,0.0,29.29,41.659112,-87.53869300000002,8,50568.744431611936,71.5,0.8557168784029038,6.5,83.0,60.0,1.0,1.5500000000000034,17.227107737997027,0.17083814552053994,64.42987955782874,0,0,1,0,0,0,0
6061,48360,83.0,60.0,71.5,1.5499999999999998,23.0,3.35,1837,511,0.0,1,53.45788043478261,63.5,6.5,0.0,29.29,41.659112,-87.53869300000002,8,50568.3800725833,71.5,0.8555757175849554,6.5,83.0,60.0,1.0,1.5500000000000034,17.228060046189373,0.17080996370834586,64.42972616298252,0,0,0,0,0,0,1
6062,48360,83.0,60.0,71.5,1.5499999999999998,23.0,3.35,1837,511,0.0,1,53.45788043478261,63.5,6.5,0.0,29.29,41.925198,-87.746381,8,50568.01583374567,71.5,0.855434603331684,6.5,83.0,60.0,1.0,1.5500000000000034,17.229012040244104,0.17078179119247774,64.4295728187366,0,0,1,0,0,0,0
6063,48360,83.0,60.0,71.5,1.5499999999999998,23.0,3.35,1837,511,0.0,1,53.45788043478261,63.5,6.5,0.0,29.29,41.973845,-87.805059,8,50567.65171503958,71.5,0.8552935356200527,6.5,83.0,60.0,1.0,1.5500000000000034,17.229963720316622,0.1707536279683365,64.42941952506597,0,0,1,0,0,0,0
6064,48360,83.0,60.0,71.5,1.5499999999999998,23.0,3.35,1837,511,0.0,1,53.45788043478261,63.5,6.5,0.0,29.29,41.743402,-87.731435,8,50567.2877164056,71.5,0.8551525144270404,6.5,83.0,60.0,1.0,1.5500000000000034,17.23091508656224,0.17072547403132607,64.42926628194559,0,0,1,0,0,0,0
6065,48360,83.0,60.0,71.5,1.5499999999999998,23.0,3.35,1837,511,0.0,1,53.45788043478261,63.5,6.5,0.0,29.29,41.793818,-87.654234,8,50566.923837784365,71.5,0.8550115397296406,6.5,83.0,60.0,1.0,1.5500000000000034,17.23186613913617,0.17069732937685336,64.42911308935048,0,1,0,0,0,0,0
6066,48360,83.0,60.0,71.5,1.5499999999999998,23.0,3.35,1837,511,0.0,1,53.45788043478261,63.5,6.5,0.0,29.29,41.793818,-87.654234,8,50566.56007911653,71.5,0.8548706115048623,6.5,83.0,60.0,1.0,1.5500000000000034,17.232816878193507,0.17066919400032846,64.42895994725565,0,0,1,0,0,0,0
6067,48360,83.0,60.0,71.5,1.5499999999999998,23.0,3.35,1837,511,0.0,1,53.45788043478261,63.5,6.5,0.0,29.29,41.728495,-87.60096300000002,8,50566.19644034279,71.5,0.8547297297297297,6.5,83.0,60.0,1.0,1.5500000000000034,17.233767303889255,0.17064106789716424,64.42880685563613,0,0,1,0,0,0,0
6068,48360,83.0,60.0,71.5,1.5499999999999998,23.0,3.35,1837,511,0.0,1,53.45788043478261,63.5,6.5,0.0,29.29,41.951866,-87.72505699999998,8,50565.832921403846,71.5,0.8545888943812819,6.5,83.0,60.0,1.0,1.5500000000000034,17.234717416378313,0.17061295106277682,64.42865381446697,0,0,1,0,0,0,0
6069,48360,83.0,60.0,71.5,1.5499999999999998,23.0,3.35,1837,511,0.0,1,53.45788043478261,63.5,6.5,0.0,29.29,41.951866,-87.72505699999998,8,50565.46952224053,71.5,0.8544481054365733,6.5,83.0,60.0,1.0,1.5500000000000034,17.235667215815486,0.17058484349258524,64.42850082372323,0,0,0,0,0,0,1
6070,48360,83.0,60.0,71.5,1.5499999999999998,23.0,3.35,1837,511,0.0,1,53.45788043478261,63.5,6.5,0.0,29.29,41.904194,-87.756155,8,50565.10624279361,71.5,0.8543073628726734,6.5,83.0,60.0,1.0,1.5500000000000034,17.236616702355462,0.1705567451820116,64.42834788338,0,0,1,0,0,0,0
6071,48360,83.0,60.0,71.5,1.5499999999999998,23.0,3.35,1837,511,0.0,1,53.45788043478261,63.5,6.5,0.0,29.29,41.98728,-87.666066,8,50564.743083003945,71.5,0.8541666666666666,6.5,83.0,60.0,1.0,1.5500000000000034,17.237565876152832,0.170528656126481,64.42819499341239,0,0,1,0,0,0,0
6072,48360,83.0,60.0,71.5,1.5499999999999998,23.0,3.35,1837,511,0.0,1,53.45788043478261,63.5,6.5,0.0,29.29,41.912563,-87.66805500000002,8,50564.38004281245,71.5,0.8540260167956529,6.5,83.0,60.0,1.0,1.5500000000000034,17.238514737362095,0.17050057632142146,64.42804215379549,0,0,1,0,0,0,0
6073,48360,83.0,60.0,71.5,1.5499999999999998,23.0,3.35,1837,511,0.0,1,53.45788043478261,63.5,6.5,0.0,29.29,41.912563,-87.66805500000002,8,50564.01712216002,71.5,0.8538854132367468,6.5,83.0,60.0,1.0,1.5500000000000034,17.239463286137635,0.17047250576226414,64.42788936450445,0,0,0,1,0,0,0
6074,48360,83.0,60.0,71.5,1.5499999999999998,23.0,3.35,1837,511,0.0,1,53.45788043478261,63.5,6.5,0.0,29.29,42.009876,-87.807277,8,50563.654320987655,71.5,0.8537448559670782,6.5,83.0,60.0,1.0,1.5500000000000034,17.240411522633742,0.1704444444444432,64.4277366255144,0,0,1,0,0,0,0
6075,48360,83.0,60.0,71.5,1.5499999999999998,23.0,3.35,1837,511,0.0,1,53.45788043478261,63.5,6.5,0.0,29.29,41.776428,-87.627096,8,50563.29163923634,71.5,0.853604344963792,6.5,83.0,60.0,1.0,1.5500000000000034,17.24135944700461,0.17041639236339576,64.42758393680053,0,1,0,0,0,0,0
6076,48360,83.0,60.0,71.5,1.5499999999999998,23.0,3.35,1837,511,0.0,1,53.45788043478261,63.5,6.5,0.0,29.29,41.776428,-87.627096,8,50562.929076847126,71.5,0.8534638802040481,6.5,83.0,60.0,1.0,1.5500000000000034,17.24230705940431,0.1703883495145619,64.42743129833799,0,0,1,0,0,0,0
6077,48360,83.0,60.0,71.5,1.5499999999999998,23.0,3.35,1837,511,0.0,1,53.45788043478261,63.5,6.5,0.0,29.29,41.776428,-87.627096,8,50562.566633761104,71.5,0.8533234616650214,6.5,83.0,60.0,1.0,1.5500000000000034,17.24325435998684,0.17036031589338474,64.427278710102,0,0,0,1,0,0,0
6078,48360,83.0,60.0,71.5,1.5499999999999998,23.0,3.35,1837,511,0.0,1,53.45788043478261,63.5,6.5,0.0,29.29,41.994679,-87.770899,8,50562.204309919405,71.5,0.853183089323902,6.5,83.0,60.0,1.0,1.5500000000000034,17.24420134890607,0.1703322914953105,64.42712617206777,0,0,1,0,0,0,0
6079,48360,83.0,60.0,71.5,1.5499999999999998,23.0,3.35,1837,511,0.0,1,53.45788043478261,63.5,6.5,0.0,29.29,41.974689,-87.890615,8,50561.84210526317,71.5,0.8530427631578947,6.5,83.0,60.0,1.0,1.5500000000000034,17.24514802631579,0.17030427631578826,64.42697368421052,0,0,1,0,0,0,0
6080,48360,83.0,60.0,71.5,1.5499999999999998,23.0,3.35,1837,511,0.0,1,53.45788043478261,63.5,6.5,0.0,29.29,41.974689,-87.890615,8,50561.480019733586,71.5,0.8529024831442197,6.5,83.0,60.0,1.0,1.5500000000000034,17.246094392369674,0.1702762703502701,64.42682124650551,0,0,0,1,0,0,0
6081,48360,83.0,60.0,71.5,1.5499999999999998,23.0,3.35,1837,511,0.0,1,53.45788043478261,63.5,6.5,0.0,29.29,41.957799,-87.930995,8,50561.11805327195,71.5,0.8527622492601118,6.5,83.0,60.0,1.0,1.5500000000000034,17.24704044722131,0.1702482735942112,64.42666885892797,0,0,1,0,0,0,0
6082,48360,83.0,60.0,71.5,1.5499999999999998,23.0,3.35,1837,511,0.0,1,53.45788043478261,63.5,6.5,0.0,29.29,41.957799,-87.930995,8,50560.75620581949,71.5,0.8526220614828209,6.5,83.0,60.0,1.0,1.5500000000000034,17.247986191024165,0.17022028604306966,64.42651652145324,0,0,0,1,0,0,0
6083,47400,93.5,72.5,83.0,5.5,21.0,6.1,1827,517,0.0,14,53.45788043478261,75.0,18.0,0.0,29.23,41.95469,-87.800991,9,50560.236686390526,71.5,0.8524819197896121,6.5,83.0,60.0,1.0,1.5500000000000034,17.248602892833663,0.17019230769230648,64.42825443786981,0,1,0,0,0,0,0
6084,47400,93.5,72.5,83.0,5.5,21.0,6.1,1827,517,0.0,14,53.45788043478261,75.0,18.0,0.0,29.23,41.95469,-87.800991,9,50559.717337715694,71.5,0.852341824157765,6.5,83.0,60.0,1.0,1.5500000000000034,17.249219391947413,0.1701643385373858,64.42999178307313,0,0,1,0,0,0,0
6085,47400,93.5,72.5,83.0,5.5,21.0,6.1,1827,517,0.0,14,53.45788043478261,75.0,18.0,0.0,29.23,41.964242,-87.757639,9,50559.19815971081,71.5,0.8522017745645745,6.5,83.0,60.0,1.0,1.5500000000000034,17.249835688465332,0.17013637857377464,64.43172855734473,0,1,0,0,0,0,0
6086,47400,93.5,72.5,83.0,5.5,21.0,6.1,1827,517,0.0,14,53.45788043478261,75.0,18.0,0.0,29.23,41.964242,-87.757639,9,50558.67915229177,71.5,0.8520617709873501,6.5,83.0,60.0,1.0,1.5500000000000034,17.250451782487268,0.17010842779694307,64.43346476096599,0,0,1,0,0,0,0
6087,47400,93.5,72.5,83.0,5.5,21.0,6.1,1827,517,0.0,14,53.45788043478261,75.0,18.0,0.0,29.23,41.964242,-87.757639,9,50558.16031537451,71.5,0.8519218134034166,6.5,83.0,60.0,1.0,1.5500000000000034,17.25106767411301,0.17008048620236407,64.43520039421813,0,0,0,1,0,0,0
6088,47400,93.5,72.5,83.0,5.5,21.0,6.1,1827,517,0.0,14,53.45788043478261,75.0,18.0,0.0,29.23,42.008314,-87.77792099999998,9,50557.64164887502,71.5,0.8517819017901134,6.5,83.0,60.0,1.0,1.5500000000000034,17.251683363442268,0.17005255378551365,64.43693545738215,0,0,1,0,0,0,0
6089,47400,93.5,72.5,83.0,5.5,21.0,6.1,1827,517,0.0,14,53.45788043478261,75.0,18.0,0.0,29.23,42.008314,-87.77792099999998,9,50557.12315270936,71.5,0.8516420361247947,6.5,83.0,60.0,1.0,1.5500000000000034,17.252298850574714,0.1700246305418707,64.43866995073891,0,0,0,1,0,0,0
6090,47400,93.5,72.5,83.0,5.5,21.0,6.1,1827,517,0.0,14,53.45788043478261,75.0,18.0,0.0,29.23,41.944869,-87.832763,9,50556.604826793635,83.0,0.85150221638483,18.0,93.5,60.0,14.0,1.5500000000000034,17.252914135609913,0.1699967164669172,64.44040387456903,0,0,1,0,0,0,0
6091,47400,93.5,72.5,83.0,5.5,21.0,6.1,1827,517,0.0,14,53.45788043478261,75.0,18.0,0.0,29.23,41.944869,-87.832763,9,50556.086671044,83.0,0.8513624425476034,18.0,93.5,60.0,14.0,1.5500000000000034,17.253529218647408,0.16996881155613794,64.44213722915299,0,0,0,1,0,0,0
6092,47400,93.5,72.5,83.0,5.5,21.0,6.1,1827,517,0.0,14,53.45788043478261,75.0,18.0,0.0,29.23,41.991429,-87.747113,9,50555.56868537666,83.0,0.8512227145905137,18.0,93.5,60.0,14.0,1.5500000000000034,17.254144099786643,0.16994091580502094,64.44387001477105,0,1,0,0,0,0,0
6093,47400,93.5,72.5,83.0,5.5,21.0,6.1,1827,517,0.0,14,53.45788043478261,75.0,18.0,0.0,29.23,41.991429,-87.747113,9,50555.05086970791,83.0,0.8510830324909747,18.0,93.5,72.5,14.0,1.5500000000000034,17.25475877912701,0.16991302920905688,64.44560223170332,0,0,1,0,0,0,0
6094,47400,93.5,72.5,83.0,5.5,21.0,6.1,1827,517,0.0,14,53.45788043478261,75.0,18.0,0.0,29.23,41.923738,-87.785288,9,50554.533223954066,83.0,0.8509433962264151,18.0,93.5,72.5,14.0,1.5500000000000034,17.255373256767847,0.16988515176373956,64.44733388022968,0,0,1,0,0,0,0
6095,47400,93.5,72.5,83.0,5.5,21.0,6.1,1827,517,0.0,14,53.45788043478261,75.0,18.0,0.0,29.23,41.923738,-87.785288,9,50554.015748031496,83.0,0.8508038057742782,18.0,93.5,72.5,14.0,1.5500000000000034,17.255987532808398,0.16985728346456572,64.44906496062993,0,0,0,1,0,0,0
6096,47400,93.5,72.5,83.0,5.5,21.0,6.1,1827,517,0.0,14,53.45788043478261,75.0,18.0,0.0,29.23,41.98480900000001,-87.728492,9,50553.49844185665,83.0,0.8506642611120223,18.0,93.5,72.5,14.0,1.5500000000000034,17.256601607347875,0.16982942430703502,64.45079547318353,0,0,1,0,0,0,0
6097,47400,93.5,72.5,83.0,5.5,21.0,6.1,1827,517,0.0,14,53.45788043478261,75.0,18.0,0.0,29.23,41.98480900000001,-87.728492,9,50552.98130534602,83.0,0.8505247622171204,18.0,93.5,72.5,14.0,1.5500000000000034,17.257215480485407,0.16980157428665013,64.4525254181699,0,0,0,1,0,0,0
6098,47400,93.5,72.5,83.0,5.5,21.0,6.1,1827,517,0.0,14,53.45788043478261,75.0,18.0,0.0,29.23,41.98480900000001,-87.728492,9,50552.46433841613,83.0,0.8503853090670602,18.0,93.5,72.5,14.0,1.5500000000000034,17.257829152320053,0.16977373339891666,64.45425479586818,0,0,0,0,0,0,1
6099,47400,93.5,72.5,83.0,5.5,21.0,6.1,1827,517,0.0,14,53.45788043478261,75.0,18.0,0.0,29.23,41.89923,-87.716788,9,50551.947540983616,83.0,0.8502459016393442,18.0,93.5,72.5,14.0,1.5500000000000034,17.25844262295082,0.16974590163934306,64.45598360655738,0,0,1,0,0,0,0
6100,47400,93.5,72.5,83.0,5.5,21.0,6.1,1827,517,0.0,14,53.45788043478261,75.0,18.0,0.0,29.23,41.89923,-87.716788,9,50551.43091296509,83.0,0.8501065399114899,18.0,93.5,72.5,14.0,1.5500000000000034,17.259055892476642,0.16971807900344082,64.4577118505163,0,0,0,1,0,0,0
6101,47400,93.5,72.5,83.0,5.5,21.0,6.1,1827,517,0.0,14,53.45788043478261,75.0,18.0,0.0,29.23,41.801498,-87.763416,9,50550.914454277285,83.0,0.8499672238610292,18.0,93.5,72.5,14.0,1.5500000000000034,17.259668960996393,0.16969026548672445,64.45943952802361,0,0,1,0,0,0,0
6102,47400,93.5,72.5,83.0,5.5,21.0,6.1,1827,517,0.0,14,53.45788043478261,75.0,18.0,0.0,29.23,41.801498,-87.763416,9,50550.39816483697,83.0,0.8498279534655088,18.0,93.5,72.5,14.0,1.5500000000000034,17.260281828608882,0.16966246108471122,64.4611666393577,0,0,0,1,0,0,0
6103,47400,93.5,72.5,83.0,5.5,21.0,6.1,1827,517,0.0,14,53.45788043478261,75.0,18.0,0.0,29.23,41.911824,-87.726737,9,50549.882044560945,83.0,0.8496887287024901,18.0,93.5,72.5,14.0,1.5500000000000034,17.260894495412845,0.16963466579292144,64.46289318479685,0,0,1,0,0,0,0
6104,47400,93.5,72.5,83.0,5.5,21.0,6.1,1827,517,0.0,14,53.45788043478261,75.0,18.0,0.0,29.23,41.911824,-87.726737,9,50549.366093366094,83.0,0.8495495495495495,18.0,93.5,72.5,14.0,1.5500000000000034,17.26150696150696,0.1696068796068784,64.46461916461917,0,0,0,1,0,0,0
6105,47400,93.5,72.5,83.0,5.5,21.0,6.1,1827,517,0.0,14,53.45788043478261,75.0,18.0,0.0,29.23,41.891118,-87.65449100000002,9,50548.850311169335,83.0,0.8494104159842778,18.0,93.5,72.5,14.0,1.5500000000000034,17.262119226989846,0.16957910252210814,64.46634457910254,0,1,0,0,0,0,0
6106,47400,93.5,72.5,83.0,5.5,21.0,6.1,1827,517,0.0,14,53.45788043478261,75.0,18.0,0.0,29.23,41.868142,-87.696269,9,50548.334697887665,83.0,0.8492713279842803,18.0,93.5,72.5,14.0,1.5500000000000034,17.262731291960044,0.16955133453413992,64.46806942852464,0,0,0,1,0,0,0
6107,47400,93.5,72.5,83.0,5.5,21.0,6.1,1827,517,0.0,14,53.45788043478261,75.0,18.0,0.0,29.23,41.867108,-87.654224,9,50547.819253438116,83.0,0.8491322855271775,18.0,93.5,72.5,14.0,1.5500000000000034,17.263343156516044,0.16952357563850565,64.46979371316307,0,0,0,1,0,0,0
6108,47400,93.5,72.5,83.0,5.5,21.0,6.1,1827,517,0.0,14,53.45788043478261,75.0,18.0,0.0,29.23,41.896282,-87.655232,9,50547.30397773776,83.0,0.8489932885906041,18.0,93.5,72.5,14.0,1.5500000000000034,17.263954820756258,0.1694958258307403,64.47151743329513,0,1,0,0,0,0,0
6109,47400,93.5,72.5,83.0,5.5,21.0,6.1,1827,517,0.0,14,53.45788043478261,75.0,18.0,0.0,29.23,41.896282,-87.655232,9,50546.78887070376,83.0,0.8488543371522095,18.0,93.5,72.5,14.0,1.5500000000000034,17.26456628477905,0.16946808510638176,64.47324058919804,0,0,1,0,0,0,0
6110,47400,93.5,72.5,83.0,5.5,21.0,6.1,1827,517,0.0,14,53.45788043478261,75.0,18.0,0.0,29.23,41.800737,-87.71188000000002,9,50546.27393225332,83.0,0.8487154311896579,18.0,93.5,72.5,14.0,1.5500000000000034,17.265177548682704,0.1694403534609708,64.47496318114875,0,0,1,0,0,0,0
6111,47400,93.5,72.5,83.0,5.5,21.0,6.1,1827,517,0.0,14,53.45788043478261,75.0,18.0,0.0,29.23,41.77166,-87.703047,9,50545.759162303664,83.0,0.8485765706806283,18.0,93.5,72.5,14.0,5.500000000000004,17.265788612565444,0.16941263089005112,64.47668520942409,0,1,0,0,0,0,0
6112,47400,93.5,72.5,83.0,5.5,21.0,6.1,1827,517,0.0,14,53.45788043478261,75.0,18.0,0.0,29.23,41.77166,-87.703047,9,50545.24456077213,83.0,0.8484377556028136,18.0,93.5,72.5,14.0,5.500000000000004,17.266399476525436,0.1693849173891694,64.47840667430067,0,0,1,0,0,0,0
6113,47400,93.5,72.5,83.0,5.5,21.0,6.1,1827,517,0.0,14,53.45788043478261,75.0,18.0,0.0,29.23,41.768388,-87.678649,9,50544.730127576055,83.0,0.8482989859339222,18.0,93.5,72.5,14.0,5.500000000000004,17.26701014066078,0.16935721295387512,64.48012757605495,0,0,1,0,0,0,0
6114,47400,93.5,72.5,83.0,5.5,21.0,6.1,1827,517,0.0,14,53.45788043478261,75.0,18.0,0.0,29.23,41.773215,-87.60088,9,50544.215862632875,83.0,0.8481602616516762,18.0,93.5,72.5,14.0,5.500000000000004,17.267620605069506,0.16932951757972078,64.48184791496321,0,1,0,0,0,0,0
6115,47400,93.5,72.5,83.0,5.5,21.0,6.1,1827,517,0.0,14,53.45788043478261,75.0,18.0,0.0,29.23,41.822536,-87.66634300000004,9,50543.70176586004,83.0,0.8480215827338129,18.0,93.5,72.5,14.0,5.500000000000004,17.268230869849575,0.1693018312622617,64.4835676913015,0,0,1,0,0,0,0
6116,47400,93.5,72.5,83.0,5.5,21.0,6.1,1827,517,0.0,14,53.45788043478261,75.0,18.0,0.0,29.23,41.754676,-87.612922,9,50543.187837175086,83.0,0.847882949158084,18.0,93.5,72.5,14.0,5.500000000000004,17.268840935098904,0.16927415399705614,64.48528690534576,0,0,1,0,0,0,0
6117,47400,93.5,72.5,83.0,5.5,21.0,6.1,1827,517,0.0,14,53.45788043478261,75.0,18.0,0.0,29.23,41.803423,-87.642984,9,50542.67407649558,83.0,0.8477443609022557,18.0,93.5,72.5,14.0,5.500000000000004,17.269450800915333,0.16924648577966533,64.48700555737169,0,0,1,0,0,0,0
6118,47400,93.5,72.5,83.0,5.5,21.0,6.1,1827,517,0.0,14,53.45788043478261,75.0,18.0,0.0,29.23,41.754292,-87.590773,9,50542.16048373917,83.0,0.8476058179441085,18.0,93.5,72.5,14.0,5.500000000000004,17.270060467396632,0.1692188266056533,64.48872364765485,0,0,1,0,0,0,0
6119,47400,93.5,72.5,83.0,5.5,21.0,6.1,1827,517,0.0,14,53.45788043478261,75.0,18.0,0.0,29.23,41.754292,-87.590773,9,50541.64705882353,83.0,0.8474673202614379,18.0,93.5,72.5,14.0,5.500000000000004,17.270669934640523,0.16919117647058698,64.49044117647057,0,0,0,1,0,0,0
6120,47400,93.5,72.5,83.0,5.5,21.0,6.1,1827,517,0.0,14,53.45788043478261,75.0,18.0,0.0,29.23,41.878114,-87.629798,9,50541.133801666394,83.0,0.8473288678320536,18.0,93.5,72.5,14.0,5.500000000000004,17.27127920274465,0.16916353537003634,64.4921581440941,0,0,1,0,0,0,0
6121,47400,93.5,72.5,83.0,5.5,21.0,6.1,1827,517,0.0,14,53.45788043478261,75.0,18.0,0.0,29.23,41.878114,-87.629798,9,50540.62071218557,83.0,0.8471904606337798,18.0,93.5,72.5,14.0,5.500000000000004,17.2718882718066,0.1691359032995741,64.4938745508004,0,0,0,1,0,0,0
6122,47400,93.5,72.5,83.0,5.5,21.0,6.1,1827,517,0.0,14,53.45788043478261,75.0,18.0,0.0,29.23,41.932094,-87.700117,9,50540.107790298876,83.0,0.8470520986444553,18.0,93.5,72.5,14.0,5.500000000000004,17.272497141923893,0.16910828025477584,64.49559039686429,0,0,1,0,0,0,0
6123,47400,93.5,72.5,83.0,5.5,21.0,6.1,1827,517,0.0,14,53.45788043478261,75.0,18.0,0.0,29.23,41.932094,-87.700117,9,50539.59503592424,83.0,0.8469137818419333,18.0,93.5,72.5,14.0,5.500000000000004,17.27310581319399,0.1690806662312202,64.49730568256042,0,0,0,1,0,0,0
6124,47400,93.5,72.5,83.0,5.5,21.0,6.1,1827,517,0.0,14,53.45788043478261,75.0,18.0,0.0,29.23,41.916265,-87.800515,9,50539.08244897959,83.0,0.8467755102040816,18.0,93.5,72.5,14.0,5.500000000000004,17.273714285714284,0.16905306122448854,64.49902040816326,0,1,0,0,0,0,0
6125,47400,93.5,72.5,83.0,5.5,21.0,6.1,1827,517,0.0,14,53.45788043478261,75.0,18.0,0.0,29.23,41.916265,-87.800515,9,50538.57002938296,83.0,0.8466372837087822,18.0,93.5,72.5,14.0,5.500000000000004,17.27432255958211,0.1690254652301653,64.5007345739471,0,0,1,0,0,0,0
6126,47400,93.5,72.5,83.0,5.5,21.0,6.1,1827,517,0.0,14,53.45788043478261,75.0,18.0,0.0,29.23,41.916265,-87.800515,9,50538.05777705238,83.0,0.8464991023339318,18.0,93.5,72.5,14.0,5.500000000000004,17.27493063489473,0.16899787824383752,64.50244818018606,0,0,0,1,0,0,0
6127,47400,93.5,72.5,83.0,5.5,21.0,6.1,1827,517,0.0,14,53.45788043478261,75.0,18.0,0.0,29.23,41.776156,-87.778927,9,50537.545691905994,83.0,0.8463609660574413,18.0,93.5,72.5,14.0,5.500000000000004,17.275538511749346,0.1689703002610954,64.50416122715403,0,0,1,0,0,0,0
6128,47400,93.5,72.5,83.0,5.5,21.0,6.1,1827,517,0.0,14,53.45788043478261,75.0,18.0,0.0,29.23,41.776156,-87.778927,9,50537.03377386197,83.0,0.8462228748572361,18.0,93.5,72.5,14.0,5.500000000000004,17.276146190243107,0.16894273127753182,64.50587371512482,0,0,0,1,0,0,0
6129,47400,93.5,72.5,83.0,5.5,21.0,6.1,1827,517,0.0,14,53.45788043478261,75.0,18.0,0.0,29.23,41.963976,-87.69181,9,50536.52202283849,83.0,0.8460848287112561,18.0,93.5,72.5,14.0,5.500000000000004,17.276753670473088,0.16891517128874267,64.50758564437194,0,0,1,0,0,0,0
6130,47400,93.5,72.5,83.0,5.5,21.0,6.1,1827,517,0.0,14,53.45788043478261,75.0,18.0,0.0,29.23,41.925198,-87.746381,9,50536.01043875387,83.0,0.8459468275974555,18.0,93.5,72.5,14.0,5.500000000000004,17.27736095253629,0.1688876202903266,64.50929701516881,0,1,0,0,0,0,0
6131,47400,93.5,72.5,83.0,5.5,21.0,6.1,1827,517,0.0,14,53.45788043478261,75.0,18.0,0.0,29.23,41.925198,-87.746381,9,50535.49902152642,83.0,0.845808871493803,18.0,93.5,72.5,14.0,5.500000000000004,17.277968036529682,0.16886007827788527,64.51100782778865,0,0,1,0,0,0,0
6132,47400,93.5,72.5,83.0,5.5,21.0,6.1,1827,517,0.0,14,53.45788043478261,75.0,18.0,0.0,29.23,41.925198,-87.746381,9,50534.98777107451,83.0,0.8456709603782814,18.0,93.5,72.5,14.0,5.500000000000004,17.278574922550142,0.16883254524702307,64.51271808250448,0,0,0,1,0,0,0
6133,47400,93.5,72.5,83.0,5.5,21.0,6.1,1827,517,0.0,14,53.45788043478261,75.0,18.0,0.0,29.23,41.973845,-87.805059,9,50534.47668731659,83.0,0.8455330942288881,18.0,93.5,72.5,14.0,5.500000000000004,17.27918161069449,0.16880502119334734,64.51442777958917,0,1,0,0,0,0,0
6134,47400,93.5,72.5,83.0,5.5,21.0,6.1,1827,517,0.0,14,53.45788043478261,75.0,18.0,0.0,29.23,41.973845,-87.805059,9,50533.965770171155,83.0,0.8453952730236349,18.0,93.5,72.5,14.0,5.500000000000004,17.279788101059495,0.16877750611246822,64.5161369193154,0,0,1,0,0,0,0
6135,47400,93.5,72.5,83.0,5.5,21.0,6.1,1827,517,0.0,14,53.45788043478261,75.0,18.0,0.0,29.23,41.973845,-87.805059,9,50533.455019556706,83.0,0.8452574967405476,18.0,93.5,72.5,14.0,5.500000000000004,17.280394393741847,0.1687499999999988,64.51784550195568,0,0,0,1,0,0,0
6136,47400,93.5,72.5,83.0,5.5,21.0,6.1,1827,517,0.0,14,53.45788043478261,75.0,18.0,0.0,29.23,41.743402,-87.731435,9,50532.94443539189,83.0,0.8451197653576666,18.0,93.5,72.5,14.0,5.500000000000004,17.281000488838195,0.1687225028515549,64.51955352778229,0,0,1,0,0,0,0
6137,47400,93.5,72.5,83.0,5.5,21.0,6.1,1827,517,0.0,14,53.45788043478261,75.0,18.0,0.0,29.23,41.743402,-87.731435,9,50532.43401759531,83.0,0.8449820788530465,18.0,93.5,72.5,14.0,5.500000000000004,17.281606386445095,0.16869501466275538,64.52126099706744,0,0,0,1,0,0,0
6138,47400,93.5,72.5,83.0,5.5,21.0,6.1,1827,517,0.0,14,53.45788043478261,75.0,18.0,0.0,29.23,41.793818,-87.654234,9,50531.92376608568,83.0,0.8448444372047564,18.0,93.5,72.5,14.0,5.500000000000004,17.282212086659065,0.16866753542922178,64.52296791008307,0,1,0,0,0,0,0
6139,47400,93.5,72.5,83.0,5.5,21.0,6.1,1827,517,0.0,14,53.45788043478261,75.0,18.0,0.0,29.23,41.904194,-87.756155,9,50531.413680781756,83.0,0.8447068403908795,18.0,93.5,72.5,14.0,5.500000000000004,17.282817589576545,0.1686400651465786,64.52467426710098,0,0,1,0,0,0,0
6140,47400,93.5,72.5,83.0,5.5,21.0,6.1,1827,517,0.0,14,53.45788043478261,75.0,18.0,0.0,29.23,42.009876,-87.807277,9,50530.903761602334,83.0,0.8445692883895131,18.0,93.5,72.5,14.0,5.500000000000004,17.283422895293928,0.16861260381045312,64.52638006839277,0,1,0,0,0,0,0
6141,47400,93.5,72.5,83.0,5.5,21.0,6.1,1827,517,0.0,14,53.45788043478261,75.0,18.0,0.0,29.23,42.009876,-87.807277,9,50530.3940084663,83.0,0.8444317811787692,18.0,93.5,72.5,14.0,5.500000000000004,17.284028003907522,0.1685851514164755,64.5280853142299,0,0,1,0,0,0,0
6142,47400,93.5,72.5,83.0,5.5,21.0,6.1,1827,517,0.0,14,53.45788043478261,75.0,18.0,0.0,29.23,41.776428,-87.627096,9,50529.88442129253,83.0,0.8442943187367735,18.0,93.5,72.5,14.0,5.500000000000004,17.284632915513598,0.16855770796027875,64.52979000488361,0,1,0,0,0,0,0
6143,47400,93.5,72.5,83.0,5.5,21.0,6.1,1827,517,0.0,14,53.45788043478261,75.0,18.0,0.0,29.23,41.776428,-87.627096,9,50529.375,83.0,0.8441569010416666,18.0,93.5,72.5,14.0,5.500000000000004,17.285237630208332,0.1685302734374988,64.531494140625,0,0,1,0,0,0,0
6144,47400,93.5,72.5,83.0,5.5,21.0,6.1,1827,517,0.0,14,53.45788043478261,75.0,18.0,0.0,29.23,41.738903,-87.69544300000004,9,50528.86574450773,83.0,0.8440195280716031,18.0,93.5,72.5,14.0,5.500000000000004,17.285842148087877,0.1685028478437742,64.53319772172497,0,0,1,0,0,0,0
6145,47280,93.0,77.5,85.5,4.45,21.0,7.0,1826,518,0.0,16,53.45788043478261,74.0,20.5,0.0,29.21,41.868077,-87.666901,9,50528.33712984055,83.0,0.8438821998047511,18.0,93.5,72.5,14.0,5.500000000000004,17.286446469248293,0.1684754311747466,64.53473804100227,0,0,1,0,0,0,0
6146,47280,93.0,77.5,85.5,4.45,21.0,7.0,1826,518,0.0,16,53.45788043478261,74.0,20.5,0.0,29.21,41.720848,-87.666014,9,50527.80868716447,83.0,0.8437449162192939,18.0,93.5,72.5,14.0,5.500000000000004,17.28705059378559,0.16844802342606027,64.53627785911827,0,0,1,0,0,0,0
6147,47280,93.0,77.5,85.5,4.45,21.0,7.0,1826,518,0.0,16,53.45788043478261,74.0,20.5,0.0,29.21,41.720848,-87.666014,9,50527.280416395566,83.0,0.8436076772934288,18.0,93.5,72.5,14.0,5.500000000000004,17.287654521795705,0.1684206245933625,64.5378171763175,0,0,0,1,0,0,0
6148,47280,93.0,77.5,85.5,4.45,21.0,7.0,1826,518,0.0,16,53.45788043478261,74.0,20.5,0.0,29.21,41.704336,-87.70373599999998,9,50526.75231745,83.0,0.8434704830053668,18.0,93.5,72.5,14.0,5.500000000000004,17.288258253374533,0.16839323467230322,64.53935599284436,0,0,1,0,0,0,0
6149,47280,93.0,77.5,85.5,4.45,21.0,7.0,1826,518,0.0,16,53.45788043478261,74.0,20.5,0.0,29.21,41.750498,-87.605294,9,50526.22439024389,83.0,0.8433333333333334,18.0,93.5,72.5,14.0,5.500000000000004,17.288861788617886,0.16836585365853535,64.5408943089431,0,1,0,0,0,0,0
6150,47280,93.0,77.5,85.5,4.45,21.0,7.0,1826,518,0.0,16,53.45788043478261,74.0,20.5,0.0,29.21,41.750498,-87.605294,9,50525.69663469354,83.0,0.8431962282555682,18.0,93.5,72.5,14.0,5.500000000000004,17.289465127621526,0.1683384815477146,64.54243212485774,0,0,1,0,0,0,0
6151,47280,93.0,77.5,85.5,4.45,21.0,7.0,1826,518,0.0,16,53.45788043478261,74.0,20.5,0.0,29.21,41.673408,-87.599862,9,50525.169050715216,83.0,0.8430591677503251,18.0,93.5,72.5,14.0,5.500000000000004,17.290068270481147,0.16831111833549944,64.54396944083226,0,1,0,0,0,0,0
6152,47280,93.0,77.5,85.5,4.45,21.0,7.0,1826,518,0.0,16,53.45788043478261,74.0,20.5,0.0,29.21,41.673408,-87.599862,9,50524.641638225265,85.5,0.8429221517958719,20.5,93.0,72.5,16.0,5.500000000000004,17.290671217292378,0.1682837640175512,64.54550625711035,0,0,1,0,0,0,0
6153,47280,93.0,77.5,85.5,4.45,21.0,7.0,1826,518,0.0,16,53.45788043478261,74.0,20.5,0.0,29.21,41.673408,-87.599862,9,50524.11439714008,85.5,0.8427851803704908,20.5,93.0,72.5,16.0,5.500000000000004,17.291273968150794,0.16825641858953405,64.54704257393566,0,0,0,1,0,0,0
6154,47280,93.0,77.5,85.5,4.45,21.0,7.0,1826,518,0.0,16,53.45788043478261,74.0,20.5,0.0,29.21,41.704572,-87.56566600000002,9,50523.587327376124,85.5,0.8426482534524776,20.5,93.0,72.5,16.0,5.500000000000004,17.29187652315191,0.16822908204711495,64.54857839155159,0,1,0,0,0,0,0
6155,47280,93.0,77.5,85.5,4.45,21.0,7.0,1826,518,0.0,16,53.45788043478261,74.0,20.5,0.0,29.21,41.704572,-87.56566600000002,9,50523.0604288499,85.5,0.8425113710201428,20.5,93.0,77.5,16.0,5.500000000000004,17.292478882391162,0.16820175438596371,64.55011371020143,0,0,1,0,0,0,0
6156,47280,93.0,77.5,85.5,4.45,21.0,7.0,1826,518,0.0,16,53.45788043478261,74.0,20.5,0.0,29.21,41.704572,-87.56566600000002,9,50522.533701478,85.5,0.8423745330518109,20.5,93.0,77.5,16.0,5.500000000000004,17.293081045963945,0.16817443560175288,64.5516485301283,0,0,0,1,0,0,0
6157,47280,93.0,77.5,85.5,4.45,21.0,7.0,1826,518,0.0,16,53.45788043478261,74.0,20.5,0.0,29.21,41.662014,-87.72460799999998,9,50522.00714517701,85.5,0.84223773952582,20.5,93.0,77.5,16.0,5.500000000000004,17.293683013965573,0.16814712569015794,64.55318285157519,0,0,1,0,0,0,0
6158,47280,93.0,77.5,85.5,4.45,21.0,7.0,1826,518,0.0,16,53.45788043478261,74.0,20.5,0.0,29.21,41.662014,-87.72460799999998,9,50521.48075986361,85.5,0.8421009904205228,20.5,93.0,77.5,16.0,5.500000000000004,17.294284786491314,0.16811982464685704,64.55471667478487,0,0,0,1,0,0,0
6159,47280,93.0,77.5,85.5,4.45,21.0,7.0,1826,518,0.0,16,53.45788043478261,74.0,20.5,0.0,29.21,41.72646500000001,-87.585413,9,50520.954545454544,85.5,0.8419642857142857,20.5,93.0,77.5,16.0,5.500000000000004,17.294886363636362,0.16809253246753125,64.55625,0,1,0,0,0,0,0
6160,47280,93.0,77.5,85.5,4.45,21.0,7.0,1826,518,0.0,16,53.45788043478261,74.0,20.5,0.0,29.21,41.72646500000001,-87.585413,9,50520.42850186658,85.5,0.8418276253854894,20.5,93.0,77.5,16.0,5.500000000000004,17.295487745495862,0.1680652491478644,64.55778282746307,0,0,0,1,0,0,0
6161,47280,93.0,77.5,85.5,4.45,21.0,7.0,1826,518,0.0,16,53.45788043478261,74.0,20.5,0.0,29.21,41.682587,-87.707973,9,50519.902629016564,85.5,0.8416910094125284,20.5,93.0,77.5,16.0,5.500000000000004,17.29608893216488,0.1680379746835431,64.55931515741642,0,0,1,0,0,0,0
6162,47280,93.0,77.5,85.5,4.45,21.0,7.0,1826,518,0.0,16,53.45788043478261,74.0,20.5,0.0,29.21,41.732984,-87.649642,9,50519.37692682135,85.5,0.8415544377738114,20.5,93.0,77.5,16.0,5.500000000000004,17.296689923738437,0.16801070907025678,64.56084699010222,0,1,0,0,0,0,0
6163,47280,93.0,77.5,85.5,4.45,21.0,7.0,1826,518,0.0,16,53.45788043478261,74.0,20.5,0.0,29.21,41.732984,-87.649642,9,50518.85139519793,85.5,0.8414179104477612,20.5,93.0,77.5,16.0,5.500000000000004,17.29729072031149,0.16798345230369768,64.5623783257625,0,0,1,0,0,0,0
6164,47280,93.0,77.5,85.5,4.45,21.0,7.0,1826,518,0.0,16,53.45788043478261,74.0,20.5,0.0,29.21,41.732984,-87.649642,9,50518.32603406326,85.5,0.8412814274128143,20.5,93.0,77.5,16.0,5.500000000000004,17.297891321978913,0.16795620437956085,64.56390916463909,0,0,0,1,0,0,0
6165,47280,93.0,77.5,85.5,4.45,21.0,7.0,1826,518,0.0,16,53.45788043478261,74.0,20.5,0.0,29.21,41.903002,-87.68826700000002,9,50517.800843334415,85.5,0.8411449886474214,20.5,93.0,77.5,16.0,5.500000000000004,17.29849172883555,0.16792896529354406,64.56543950697372,0,0,1,0,0,0,0
6166,47280,93.0,77.5,85.5,4.45,21.0,7.0,1826,518,0.0,16,53.45788043478261,74.0,20.5,0.0,29.21,41.903002,-87.68826700000002,9,50517.27582292849,85.5,0.8410085941300469,20.5,93.0,77.5,16.0,5.500000000000004,17.299091940976165,0.1679017350413479,64.56696935300795,0,0,0,1,0,0,0
6167,47280,93.0,77.5,85.5,4.45,21.0,7.0,1826,518,0.0,16,53.45788043478261,74.0,20.5,0.0,29.21,41.740641,-87.546587,9,50516.750972762646,85.5,0.8408722438391699,20.5,93.0,77.5,16.0,5.500000000000004,17.299691958495462,0.16787451361867586,64.56849870298313,0,1,0,0,0,0,0
6168,47280,93.0,77.5,85.5,4.45,21.0,7.0,1826,518,0.0,16,53.45788043478261,74.0,20.5,0.0,29.21,41.740641,-87.546587,9,50516.226292754094,85.5,0.8407359377532826,20.5,93.0,77.5,16.0,5.500000000000004,17.300291781488085,0.16784730102123402,64.57002755714055,0,0,1,0,0,0,0
6169,47280,93.0,77.5,85.5,4.45,21.0,7.0,1826,518,0.0,16,53.45788043478261,74.0,20.5,0.0,29.21,41.793818,-87.654234,9,50515.7017828201,85.5,0.8405996758508915,20.5,93.0,77.5,16.0,5.500000000000004,17.300891410048617,0.16782009724473138,64.57155591572122,0,0,1,0,0,0,0
6170,47280,93.0,77.5,85.5,4.45,21.0,7.0,1826,518,0.0,16,53.45788043478261,74.0,20.5,0.0,29.21,41.793818,-87.654234,9,50515.177442877975,85.5,0.8404634581105169,20.5,93.0,77.5,16.0,5.500000000000004,17.301490844271594,0.1677929022848797,64.57308377896614,0,0,0,1,0,0,0
6171,47280,93.0,77.5,85.5,4.45,21.0,7.0,1826,518,0.0,16,53.45788043478261,74.0,20.5,0.0,29.21,41.728495,-87.60096300000002,9,50514.653272845106,85.5,0.8403272845106935,20.5,93.0,77.5,16.0,5.500000000000004,17.302090084251457,0.16776571613739347,64.574611147116,0,0,1,0,0,0,0
6172,47280,93.0,77.5,85.5,4.45,21.0,7.0,1826,518,0.0,16,53.45788043478261,74.0,20.5,0.0,29.21,41.974689,-87.890615,9,50514.129272638915,85.5,0.8401911550299692,20.5,93.0,77.5,16.0,5.500000000000004,17.30268913008262,0.16773853879799006,64.57613802041146,0,1,0,0,0,0,0
6173,47280,93.0,77.5,85.5,4.45,21.0,7.0,1826,518,0.0,16,53.45788043478261,74.0,20.5,0.0,29.21,41.974689,-87.890615,9,50513.605442176864,85.5,0.8400550696469063,20.5,93.0,77.5,16.0,4.450000000000003,17.30328798185941,0.16771137026238947,64.57766439909297,0,0,1,0,0,0,0
6174,47280,93.0,77.5,85.5,4.45,21.0,7.0,1826,518,0.0,16,53.45788043478261,74.0,20.5,0.0,29.21,41.974689,-87.890615,9,50513.081781376524,85.5,0.8399190283400809,20.5,93.0,77.5,16.0,4.450000000000002,17.303886639676115,0.16768421052631458,64.57919028340079,0,0,0,1,0,0,0
6175,47280,93.0,77.5,85.5,4.45,21.0,7.0,1826,518,0.0,16,53.45788043478261,74.0,20.5,0.0,29.21,41.957799,-87.930995,9,50512.55829015544,85.5,0.8397830310880829,20.5,93.0,77.5,16.0,4.450000000000002,17.30448510362694,0.167657059585491,64.58071567357513,0,1,0,0,0,0,0
6176,47280,93.0,77.5,85.5,4.45,21.0,7.0,1826,518,0.0,16,53.45788043478261,74.0,20.5,0.0,29.21,41.957799,-87.930995,9,50512.03496843128,85.5,0.839647077869516,20.5,93.0,77.5,16.0,4.450000000000002,17.305083373806056,0.16762991743564715,64.58224056985591,0,0,1,0,0,0,0
6177,47280,93.0,77.5,85.5,4.45,21.0,7.0,1826,518,0.0,16,53.45788043478261,74.0,20.5,0.0,29.21,41.957799,-87.930995,9,50511.511816121725,85.5,0.8395111686629977,20.5,93.0,77.5,16.0,4.450000000000002,17.305681450307542,0.16760278407251414,64.58376497248301,0,0,0,1,0,0,0
6178,45660,86.0,64.0,75.0,9.85,23.0,10.1,1809,528,0.0,10,53.45788043478261,65.0,10.0,0.0,29.21,41.95469,-87.800991,9,50510.72665479851,85.5,0.8393753034471597,20.5,93.0,77.5,16.0,4.450000000000002,17.306603010195825,0.16757565949182596,64.58383233532935,0,1,0,0,0,0,0
6179,45660,86.0,64.0,75.0,9.85,23.0,10.1,1809,528,0.0,10,53.45788043478261,65.0,10.0,0.0,29.21,41.95469,-87.800991,9,50509.94174757282,85.5,0.8392394822006473,20.5,93.0,77.5,16.0,4.450000000000002,17.30752427184466,0.16754854368931918,64.58389967637541,0,0,1,0,0,0,0
6180,45660,86.0,64.0,75.0,9.85,23.0,10.1,1809,528,0.0,10,53.45788043478261,65.0,10.0,0.0,29.21,41.95469,-87.800991,9,50509.15709432131,85.5,0.8391037049021194,20.5,93.0,77.5,16.0,4.450000000000002,17.308445235398803,0.1675214366607333,64.58396699563177,0,0,0,1,0,0,0
6181,45660,86.0,64.0,75.0,9.85,23.0,10.1,1809,528,0.0,10,53.45788043478261,65.0,10.0,0.0,29.21,41.964242,-87.757639,9,50508.37269492074,85.5,0.8389679715302492,20.5,93.0,77.5,16.0,4.450000000000002,17.309365901002913,0.1674943384018105,64.58403429310904,0,1,0,0,0,0,0
6182,45660,86.0,64.0,75.0,9.85,23.0,10.1,1809,528,0.0,10,53.45788043478261,65.0,10.0,0.0,29.21,41.964242,-87.757639,9,50507.58854924794,85.5,0.8388322820637231,20.5,93.0,77.5,16.0,4.450000000000002,17.31028626880155,0.16746724890829573,64.58410156881773,0,0,1,0,0,0,0
6183,45660,86.0,64.0,75.0,9.85,23.0,10.1,1809,528,0.0,10,53.45788043478261,65.0,10.0,0.0,29.21,41.964242,-87.757639,9,50506.80465717981,85.5,0.8386966364812419,20.5,93.0,77.5,16.0,4.450000000000002,17.311206338939193,0.1674401681759367,64.58416882276843,0,0,0,1,0,0,0
6184,45660,86.0,64.0,75.0,9.85,23.0,10.1,1809,528,0.0,10,53.45788043478261,65.0,10.0,0.0,29.21,42.008314,-87.77792099999998,9,50506.02101859337,85.5,0.8385610347615198,20.5,93.0,77.5,16.0,4.450000000000002,17.312126111560225,0.16741309620048386,64.58423605497171,0,0,1,0,0,0,0
6185,45660,86.0,64.0,75.0,9.85,23.0,10.1,1809,528,0.0,10,53.45788043478261,65.0,10.0,0.0,29.21,41.944869,-87.832763,9,50505.23763336567,75.0,0.8384254768832848,10.0,86.0,77.5,10.0,4.450000000000002,17.313045586808922,0.16738603297769036,64.58430326543808,0,0,1,0,0,0,0
6186,45660,86.0,64.0,75.0,9.85,23.0,10.1,1809,528,0.0,10,53.45788043478261,65.0,10.0,0.0,29.21,41.991429,-87.747113,9,50504.454501373846,75.0,0.8382899628252788,10.0,86.0,77.5,10.0,4.450000000000002,17.313964764829482,0.1673589785033122,64.58437045417811,0,0,1,0,0,0,0
6187,45660,86.0,64.0,75.0,9.85,23.0,10.1,1809,528,0.0,10,53.45788043478261,65.0,10.0,0.0,29.21,41.923738,-87.785288,9,50503.671622495145,75.0,0.8381544925662573,10.0,86.0,77.5,10.0,4.450000000000002,17.314883645766002,0.16733193277310804,64.58443762120233,0,0,1,0,0,0,0
6188,45660,86.0,64.0,75.0,9.85,23.0,10.1,1809,528,0.0,10,53.45788043478261,65.0,10.0,0.0,29.21,42.010412,-87.66214000000002,9,50502.88899660688,75.0,0.8380190660849896,10.0,86.0,64.0,10.0,4.450000000000002,17.315802229762486,0.16730489578283933,64.58450476652125,0,0,1,0,0,0,0
6189,45660,86.0,64.0,75.0,9.85,23.0,10.1,1809,528,0.0,10,53.45788043478261,65.0,10.0,0.0,29.21,42.010412,-87.66214000000002,9,50502.106623586435,75.0,0.8378836833602585,10.0,86.0,64.0,10.0,4.450000000000002,17.316720516962842,0.1672778675282702,64.5845718901454,0,0,0,1,0,0,0
6190,45660,86.0,64.0,75.0,9.85,23.0,10.1,1809,528,0.0,10,53.45788043478261,65.0,10.0,0.0,29.21,41.98480900000001,-87.728492,9,50501.32450331126,75.0,0.8377483443708609,10.0,86.0,64.0,10.0,4.450000000000002,17.317638507510907,0.1672508480051676,64.58463899208529,0,0,1,0,0,0,0
6191,45660,86.0,64.0,75.0,9.85,23.0,10.1,1809,528,0.0,10,53.45788043478261,65.0,10.0,0.0,29.21,41.98480900000001,-87.728492,9,50500.542635658916,75.0,0.8376130490956072,10.0,86.0,64.0,10.0,4.450000000000002,17.318556201550386,0.16722383720930112,64.58470607235142,0,0,0,1,0,0,0
6192,45660,86.0,64.0,75.0,9.85,23.0,10.1,1809,528,0.0,10,53.45788043478261,65.0,10.0,0.0,29.21,41.986921,-87.689778,9,50499.76102050702,75.0,0.8374777975133215,10.0,86.0,64.0,10.0,4.450000000000002,17.31947359922493,0.16719683513644318,64.58477313095429,0,0,1,0,0,0,0
6193,45660,86.0,64.0,75.0,9.85,23.0,10.1,1809,528,0.0,10,53.45788043478261,65.0,10.0,0.0,29.21,41.89923,-87.716788,9,50498.97965773329,75.0,0.8373425896028415,10.0,86.0,64.0,10.0,4.450000000000002,17.320390700678075,0.16716984178236882,64.58484016790443,0,1,0,0,0,0,0
6194,45660,86.0,64.0,75.0,9.85,23.0,10.1,1809,528,0.0,10,53.45788043478261,65.0,10.0,0.0,29.21,41.89923,-87.716788,9,50498.1985472155,75.0,0.8372074253430186,10.0,86.0,64.0,10.0,4.450000000000002,17.32130750605327,0.16714285714285593,64.58490718321227,0,0,1,0,0,0,0
6195,45660,86.0,64.0,75.0,9.85,23.0,10.1,1809,528,0.0,10,53.45788043478261,65.0,10.0,0.0,29.21,41.89923,-87.716788,9,50497.41768883151,75.0,0.8370723047127179,10.0,86.0,64.0,10.0,4.450000000000002,17.322224015493866,0.16711588121368506,64.58497417688831,0,0,0,1,0,0,0
6196,45660,86.0,64.0,75.0,9.85,23.0,10.1,1809,528,0.0,10,53.45788043478261,65.0,10.0,0.0,29.21,41.801498,-87.763416,9,50496.637082459245,75.0,0.8369372276908181,10.0,86.0,64.0,10.0,4.450000000000002,17.323140229143135,0.16708891399063944,64.58504114894303,0,0,1,0,0,0,0
6197,45660,86.0,64.0,75.0,9.85,23.0,10.1,1809,528,0.0,10,53.45788043478261,65.0,10.0,0.0,29.21,41.801498,-87.763416,9,50495.85672797677,75.0,0.8368021942562117,10.0,86.0,64.0,10.0,4.450000000000002,17.32405614714424,0.16706195546950509,64.5851080993869,0,0,0,1,0,0,0
6198,45660,86.0,64.0,75.0,9.85,23.0,10.1,1809,528,0.0,10,53.45788043478261,65.0,10.0,0.0,29.21,41.906638,-87.701431,9,50495.07662526214,75.0,0.8366672043878045,10.0,86.0,64.0,10.0,4.450000000000002,17.324971769640264,0.16703500564607074,64.58517502823035,0,0,1,0,0,0,0
6199,45660,86.0,64.0,75.0,9.85,23.0,10.1,1809,528,0.0,10,53.45788043478261,65.0,10.0,0.0,29.21,41.906638,-87.701431,9,50494.29677419356,75.0,0.8365322580645161,10.0,86.0,64.0,10.0,4.450000000000002,17.325887096774196,0.16700806451612782,64.58524193548385,0,0,0,1,0,0,0
6200,45660,86.0,64.0,75.0,9.85,23.0,10.1,1809,528,0.0,10,53.45788043478261,65.0,10.0,0.0,29.21,41.836644,-87.677737,9,50493.51717464925,75.0,0.8363973552652798,10.0,86.0,64.0,10.0,4.450000000000002,17.326802128688918,0.1669811320754705,64.58530882115788,0,0,1,0,0,0,0
6201,45660,86.0,64.0,75.0,9.85,23.0,10.1,1809,528,0.0,10,53.45788043478261,65.0,10.0,0.0,29.21,41.763733,-87.742302,9,50492.737826507575,75.0,0.8362624959690422,10.0,86.0,64.0,10.0,4.450000000000002,17.32771686552725,0.1669542083198956,64.58537568526282,0,0,1,0,0,0,0
6202,45660,86.0,64.0,75.0,9.85,23.0,10.1,1809,528,0.0,10,53.45788043478261,65.0,10.0,0.0,29.21,41.836644,-87.677737,9,50491.958729646954,75.0,0.8361276801547638,10.0,86.0,64.0,10.0,4.450000000000002,17.328631307431888,0.16692729324520272,64.58544252780912,0,0,0,1,0,0,0
6203,45660,86.0,64.0,75.0,9.85,23.0,10.1,1809,528,0.0,10,53.45788043478261,65.0,10.0,0.0,29.21,41.763733,-87.742302,9,50491.17988394584,75.0,0.8359929078014184,10.0,86.0,64.0,10.0,4.450000000000002,17.329545454545453,0.16690038684719416,64.58550934880722,0,0,0,1,0,0,0
6204,45660,86.0,64.0,75.0,9.85,23.0,10.1,1809,528,0.0,10,53.45788043478261,65.0,10.0,0.0,29.21,41.911824,-87.726737,9,50490.40128928284,75.0,0.8358581788879935,10.0,86.0,64.0,10.0,4.450000000000002,17.330459307010475,0.16687348912167488,64.58557614826752,0,1,0,0,0,0,0
6205,45660,86.0,64.0,75.0,9.85,23.0,10.1,1809,528,0.0,10,53.45788043478261,65.0,10.0,0.0,29.21,41.911824,-87.726737,9,50489.622945536576,75.0,0.8357234933934902,10.0,86.0,64.0,10.0,4.450000000000002,17.331372864969385,0.16684660006445254,64.58564292620045,0,0,1,0,0,0,0
6206,45660,86.0,64.0,75.0,9.85,23.0,10.1,1809,528,0.0,10,53.45788043478261,65.0,10.0,0.0,29.21,41.857402,-87.694991,9,50488.84485258579,75.0,0.8355888512969228,10.0,86.0,64.0,10.0,9.85,17.332286128564522,0.1668197196713376,64.5857096826164,0,0,1,0,0,0,0
6207,45660,86.0,64.0,75.0,9.85,23.0,10.1,1809,528,0.0,10,53.45788043478261,65.0,10.0,0.0,29.21,41.891118,-87.65449100000002,9,50488.06701030928,75.0,0.8354542525773195,10.0,86.0,64.0,10.0,9.850000000000003,17.333199097938145,0.16679284793814314,64.58577641752578,0,1,0,0,0,0,0
6208,45660,86.0,64.0,75.0,9.85,23.0,10.1,1809,528,0.0,10,53.45788043478261,65.0,10.0,0.0,29.21,41.891118,-87.65449100000002,9,50487.289418585926,75.0,0.835319697213722,10.0,86.0,64.0,10.0,9.850000000000003,17.334111773232404,0.1667659848606849,64.58584313093895,0,0,1,0,0,0,0
6209,45660,86.0,64.0,75.0,9.85,23.0,10.1,1809,528,0.0,10,53.45788043478261,65.0,10.0,0.0,29.21,41.891118,-87.65449100000002,9,50486.512077294676,75.0,0.8351851851851851,10.0,86.0,64.0,10.0,9.850000000000003,17.335024154589373,0.16673913043478142,64.58590982286634,0,0,0,1,0,0,0
6210,45660,86.0,64.0,75.0,9.85,23.0,10.1,1809,528,0.0,10,53.45788043478261,65.0,10.0,0.0,29.21,41.868142,-87.696269,9,50485.7349863146,75.0,0.8350507164707777,10.0,86.0,64.0,10.0,9.850000000000003,17.33593624215102,0.16671228465625382,64.58597649331831,0,1,0,0,0,0,0
6211,45660,86.0,64.0,75.0,9.85,23.0,10.1,1809,528,0.0,10,53.45788043478261,65.0,10.0,0.0,29.21,41.868142,-87.696269,9,50484.95814552478,75.0,0.8349162910495814,10.0,86.0,64.0,10.0,9.850000000000003,17.33684803605924,0.16668544752092604,64.58604314230521,0,0,1,0,0,0,0
6212,45660,86.0,64.0,75.0,9.85,23.0,10.1,1809,528,0.0,10,53.45788043478261,65.0,10.0,0.0,29.21,41.867108,-87.654224,9,50484.18155480443,75.0,0.8347819089006921,10.0,86.0,64.0,10.0,9.850000000000003,17.337759536455813,0.1666586190246246,64.58610976983744,0,1,0,0,0,0,0
6213,45660,86.0,64.0,75.0,9.85,23.0,10.1,1809,528,0.0,10,53.45788043478261,65.0,10.0,0.0,29.21,41.867108,-87.654224,9,50483.405214032835,75.0,0.8346475700032185,10.0,86.0,64.0,10.0,9.850000000000003,17.33867074348246,0.16663179916317872,64.58617637592533,0,0,1,0,0,0,0
6214,45660,86.0,64.0,75.0,9.85,23.0,10.1,1809,528,0.0,10,53.45788043478261,65.0,10.0,0.0,29.21,41.867108,-87.654224,9,50482.6291230893,75.0,0.8345132743362832,10.0,86.0,64.0,10.0,9.850000000000003,17.33958165728077,0.16660498793242035,64.58624296057924,0,0,0,1,0,0,0
6215,45660,86.0,64.0,75.0,9.85,23.0,10.1,1809,528,0.0,10,53.45788043478261,65.0,10.0,0.0,29.21,41.921965,-87.632085,9,50481.853281853284,75.0,0.8343790218790219,10.0,86.0,64.0,10.0,9.850000000000003,17.34049227799228,0.16657818532818414,64.58630952380952,0,0,1,0,0,0,0
6216,45660,86.0,64.0,75.0,9.85,23.0,10.1,1809,528,0.0,10,53.45788043478261,65.0,10.0,0.0,29.21,41.921965,-87.632085,9,50481.07769020428,75.0,0.8342448126105839,10.0,86.0,64.0,10.0,9.850000000000003,17.341402605758404,0.1665513913463073,64.58637606562651,0,0,0,1,0,0,0
6217,45660,86.0,64.0,75.0,9.85,23.0,10.1,1809,528,0.0,10,53.45788043478261,65.0,10.0,0.0,29.21,41.801179,-87.679447,9,50480.30234802186,75.0,0.8341106465101319,10.0,86.0,64.0,10.0,9.850000000000003,17.34231264072049,0.16652460598262986,64.58644258604053,0,0,1,0,0,0,0
6218,45660,86.0,64.0,75.0,9.85,23.0,10.1,1809,528,0.0,10,53.45788043478261,65.0,10.0,0.0,29.21,41.801179,-87.679447,9,50479.52725518572,75.0,0.8339765235568419,10.0,86.0,64.0,10.0,9.850000000000003,17.34322238301978,0.16649782923299447,64.5865090850619,0,0,0,1,0,0,0
6219,45660,86.0,64.0,75.0,9.85,23.0,10.1,1809,528,0.0,10,53.45788043478261,65.0,10.0,0.0,29.21,41.800737,-87.71188000000002,9,50478.752411575566,75.0,0.8338424437299036,10.0,86.0,64.0,10.0,9.850000000000003,17.344131832797427,0.1664710610932464,64.58657556270096,0,0,1,0,0,0,0
6220,45660,86.0,64.0,75.0,9.85,23.0,10.1,1809,528,0.0,10,53.45788043478261,65.0,10.0,0.0,29.21,41.82561,-87.726549,9,50477.97781707121,75.0,0.8337084070085196,10.0,86.0,64.0,10.0,9.850000000000003,17.345040990194498,0.16644430155923365,64.586642018968,0,0,1,0,0,0,0
6221,45660,86.0,64.0,75.0,9.85,23.0,10.1,1809,528,0.0,10,53.45788043478261,65.0,10.0,0.0,29.21,41.82561,-87.726549,9,50477.20347155256,75.0,0.8335744133719062,10.0,86.0,64.0,10.0,9.850000000000003,17.345949855351975,0.1664175506268069,64.58670845387336,0,0,0,1,0,0,0
6222,45660,86.0,64.0,75.0,9.85,23.0,10.1,1809,528,0.0,10,53.45788043478261,65.0,10.0,0.0,29.21,41.82561,-87.726549,9,50476.42937489957,75.0,0.833440462799293,10.0,86.0,64.0,10.0,9.850000000000003,17.346858428410734,0.16639080829181946,64.58677486742728,0,0,0,0,0,0,1
6223,45660,86.0,64.0,75.0,9.85,23.0,10.1,1809,528,0.0,10,53.45788043478261,65.0,10.0,0.0,29.21,41.778297,-87.752411,9,50475.65552699228,75.0,0.8333065552699229,10.0,86.0,64.0,10.0,9.850000000000003,17.347766709511568,0.16636407455012733,64.5868412596401,0,1,0,0,0,0,0
6224,45660,86.0,64.0,75.0,9.85,23.0,10.1,1809,528,0.0,10,53.45788043478261,65.0,10.0,0.0,29.21,41.778297,-87.752411,9,50474.88192771084,75.0,0.8331726907630522,10.0,86.0,64.0,10.0,9.850000000000003,17.34867469879518,0.16633734939758915,64.58690763052209,0,0,1,0,0,0,0
6225,45660,86.0,64.0,75.0,9.85,23.0,10.1,1809,528,0.0,10,53.45788043478261,65.0,10.0,0.0,29.21,41.778297,-87.752411,9,50474.10857693543,75.0,0.8330388692579506,10.0,86.0,64.0,10.0,9.850000000000003,17.349582396402184,0.16631063283006625,64.58697398008353,0,0,0,1,0,0,0
6226,45660,86.0,64.0,75.0,9.85,23.0,10.1,1809,528,0.0,10,53.45788043478261,65.0,10.0,0.0,29.21,41.77166,-87.703047,9,50473.33547454633,75.0,0.8329050907339007,10.0,86.0,64.0,10.0,9.850000000000003,17.350489802473106,0.1662839248434226,64.58704030833468,0,1,0,0,0,0,0
6227,45660,86.0,64.0,75.0,9.85,23.0,10.1,1809,528,0.0,10,53.45788043478261,65.0,10.0,0.0,29.21,41.77166,-87.703047,9,50472.56262042389,75.0,0.8327713551701991,10.0,86.0,64.0,10.0,9.850000000000003,17.351396917148367,0.1662572254335248,64.58710661528579,0,0,1,0,0,0,0
6228,45660,86.0,64.0,75.0,9.85,23.0,10.1,1809,528,0.0,10,53.45788043478261,65.0,10.0,0.0,29.21,41.773215,-87.60088,9,50471.790014448554,75.0,0.8326376625461551,10.0,86.0,64.0,10.0,9.850000000000003,17.35230374056831,0.16623053459624218,64.58717290094718,0,0,1,0,0,0,0
6229,45660,86.0,64.0,75.0,9.85,23.0,10.1,1809,528,0.0,10,53.45788043478261,65.0,10.0,0.0,29.21,41.822536,-87.66634300000004,9,50471.0176565008,75.0,0.8325040128410915,10.0,86.0,64.0,10.0,9.850000000000003,17.353210272873195,0.16620385232744664,64.58723916532905,0,0,1,0,0,0,0
6230,45660,86.0,64.0,75.0,9.85,23.0,10.1,1809,528,0.0,10,53.45788043478261,65.0,10.0,0.0,29.21,41.766202,-87.562889,9,50470.24554646124,75.0,0.8323704060343444,10.0,86.0,64.0,10.0,9.850000000000003,17.354116514203177,0.16617717862301276,64.58730540844167,0,0,1,0,0,0,0
6231,45660,86.0,64.0,75.0,9.85,23.0,10.1,1809,528,0.0,10,53.45788043478261,65.0,10.0,0.0,29.21,41.754676,-87.612922,9,50469.47368421053,75.0,0.8322368421052632,10.0,86.0,64.0,10.0,9.850000000000003,17.35502246469833,0.1661505134788178,64.58737163029525,0,0,0,1,0,0,0
6232,45660,86.0,64.0,75.0,9.85,23.0,10.1,1809,528,0.0,10,53.45788043478261,65.0,10.0,0.0,29.21,41.821582,-87.62779599999998,9,50468.702069629384,75.0,0.8321033210332104,10.0,86.0,64.0,10.0,9.850000000000003,17.355928124498636,0.16612385689074166,64.58743783090004,0,0,0,1,0,0,0
6233,45660,86.0,64.0,75.0,9.85,23.0,10.1,1809,528,0.0,10,53.45788043478261,65.0,10.0,0.0,29.21,41.803423,-87.642984,9,50467.93070259865,75.0,0.8319698427975618,10.0,86.0,64.0,10.0,9.850000000000003,17.356833493743984,0.16609720885466675,64.58750401026629,0,0,1,0,0,0,0
6234,45660,86.0,64.0,75.0,9.85,23.0,10.1,1809,528,0.0,10,53.45788043478261,65.0,10.0,0.0,29.21,41.803423,-87.642984,9,50467.1595829992,75.0,0.8318364073777065,10.0,86.0,64.0,10.0,9.850000000000003,17.357738572574178,0.16607056936647835,64.58757016840417,0,0,0,1,0,0,0
6235,45660,86.0,64.0,75.0,9.85,23.0,10.1,1809,528,0.0,10,53.45788043478261,65.0,10.0,0.0,29.21,41.754292,-87.590773,9,50466.388710712,75.0,0.8317030147530469,10.0,86.0,64.0,10.0,9.850000000000003,17.35864336112893,0.16604393842206422,64.58763630532393,0,0,1,0,0,0,0
6236,45660,86.0,64.0,75.0,9.85,23.0,10.1,1809,528,0.0,10,53.45788043478261,65.0,10.0,0.0,29.21,41.754292,-87.590773,9,50465.61808561809,75.0,0.8315696649029982,10.0,86.0,64.0,10.0,9.850000000000003,17.35954785954786,0.1660173160173148,64.58770242103576,0,0,0,1,0,0,0
6237,45660,86.0,64.0,75.0,9.85,23.0,10.1,1809,528,0.0,10,53.45788043478261,65.0,10.0,0.0,29.21,41.723195,-87.64997,9,50464.84770759859,75.0,0.8314363578069894,10.0,86.0,64.0,10.0,9.850000000000003,17.360452067970506,0.1659907021481232,64.58776851554985,0,0,0,1,0,0,0
6238,45660,86.0,64.0,75.0,9.85,23.0,10.1,1809,528,0.0,10,53.45788043478261,65.0,10.0,0.0,29.21,41.868077,-87.666901,9,50464.0775765347,75.0,0.8313030934444623,10.0,86.0,64.0,10.0,9.850000000000003,17.361355986536307,0.1659640968103851,64.58783458887642,0,1,0,0,0,0,0
6239,45660,86.0,64.0,75.0,9.85,23.0,10.1,1809,528,0.0,10,53.45788043478261,65.0,10.0,0.0,29.21,41.868077,-87.666901,9,50463.307692307695,75.0,0.8311698717948718,10.0,86.0,64.0,10.0,9.850000000000003,17.362259615384616,0.1659374999999988,64.58790064102564,0,0,0,1,0,0,0
6240,45660,86.0,64.0,75.0,9.85,23.0,10.1,1809,528,0.0,10,53.45788043478261,65.0,10.0,0.0,29.21,41.720848,-87.666014,9,50462.53805479892,75.0,0.8310366928376862,10.0,86.0,64.0,10.0,9.850000000000003,17.363162954654698,0.16591091171286534,64.58796667200771,0,0,1,0,0,0,0
6241,45660,86.0,64.0,75.0,9.85,23.0,10.1,1809,528,0.0,10,53.45788043478261,65.0,10.0,0.0,29.21,41.720848,-87.666014,9,50461.76866388979,75.0,0.830903556552387,10.0,86.0,64.0,10.0,9.850000000000003,17.364066004485743,0.16588433194488827,64.58803268183274,0,0,0,0,0,0,1
6242,45660,86.0,64.0,75.0,9.85,23.0,10.1,1809,528,0.0,10,53.45788043478261,65.0,10.0,0.0,29.21,41.704336,-87.70373599999998,9,50460.999519461795,75.0,0.8307704629184687,10.0,86.0,64.0,10.0,9.850000000000003,17.36496876501682,0.1658577606919738,64.58809867051097,0,1,0,0,0,0,0
6243,45660,86.0,64.0,75.0,9.85,23.0,10.1,1809,528,0.0,10,53.45788043478261,65.0,10.0,0.0,29.21,41.704336,-87.70373599999998,9,50460.230621396535,75.0,0.8306374119154388,10.0,86.0,64.0,10.0,9.850000000000003,17.36587123638693,0.16583119795003085,64.58816463805253,0,0,1,0,0,0,0
6244,45660,86.0,64.0,75.0,9.85,23.0,10.1,1809,528,0.0,10,53.45788043478261,65.0,10.0,0.0,29.21,41.704336,-87.70373599999998,9,50459.46196957566,75.0,0.8305044035228183,10.0,86.0,64.0,10.0,9.850000000000003,17.366773418734983,0.16580464371497078,64.58823058446757,0,0,0,1,0,0,0
6245,45660,86.0,64.0,75.0,9.85,23.0,10.1,1809,528,0.0,10,53.45788043478261,65.0,10.0,0.0,29.21,41.750498,-87.605294,9,50458.693563880886,75.0,0.8303714377201409,10.0,86.0,64.0,10.0,9.850000000000003,17.367675312199808,0.16577809798270773,64.58829650976625,0,0,0,1,0,0,0
6246,45660,86.0,64.0,75.0,9.85,23.0,10.1,1809,528,0.0,10,53.45788043478261,65.0,10.0,0.0,29.21,41.798697,-87.736812,9,50457.925404194015,75.0,0.8302385144869537,10.0,86.0,64.0,10.0,9.850000000000003,17.368576916920127,0.1657515607491584,64.5883624139587,0,1,0,0,0,0,0
6247,45660,86.0,64.0,75.0,9.85,23.0,10.1,1809,528,0.0,10,53.45788043478261,65.0,10.0,0.0,29.21,41.798697,-87.736812,9,50457.15749039693,75.0,0.8301056338028169,10.0,86.0,64.0,10.0,9.850000000000003,17.36947823303457,0.16572503201024208,64.58842829705506,0,0,1,0,0,0,0
6248,45660,86.0,64.0,75.0,9.85,23.0,10.1,1809,528,0.0,10,53.45788043478261,65.0,10.0,0.0,29.21,41.798697,-87.736812,9,50456.38982237158,75.0,0.8299727956473035,10.0,86.0,64.0,10.0,9.850000000000003,17.37037926068171,0.16569851176188072,64.58849415906546,0,0,0,1,0,0,0
6249,45660,86.0,64.0,75.0,9.85,23.0,10.1,1809,528,0.0,10,53.45788043478261,65.0,10.0,0.0,29.21,41.704572,-87.56566600000002,9,50455.6224,75.0,0.8298399999999999,10.0,86.0,64.0,10.0,9.850000000000003,17.37128,0.16567199999999882,64.58856,0,0,1,0,0,0,0
6250,45660,86.0,64.0,75.0,9.85,23.0,10.1,1809,528,0.0,10,53.45788043478261,65.0,10.0,0.0,29.21,41.662014,-87.72460799999998,9,50454.8552231643,75.0,0.8297072468405056,10.0,86.0,64.0,10.0,9.850000000000003,17.372180451127818,0.16564549672052353,64.58862581986882,0,0,1,0,0,0,0
6251,45660,86.0,64.0,75.0,9.85,23.0,10.1,1809,528,0.0,10,53.45788043478261,65.0,10.0,0.0,29.21,41.662014,-87.72460799999998,9,50454.088291746644,75.0,0.8295745361484325,10.0,86.0,64.0,10.0,9.850000000000003,17.373080614203456,0.1656190019193846,64.58869161868202,0,0,0,1,0,0,0
6252,45660,86.0,64.0,75.0,9.85,23.0,10.1,1809,528,0.0,10,53.45788043478261,65.0,10.0,0.0,29.21,41.662014,-87.72460799999998,9,50453.321605629295,75.0,0.8294418679034063,10.0,86.0,64.0,10.0,9.850000000000003,17.373980489365106,0.1655925155925144,64.58875739644971,0,0,0,0,0,0,1
6253,45660,86.0,64.0,75.0,9.85,23.0,10.1,1809,528,0.0,10,53.45788043478261,65.0,10.0,0.0,29.21,41.72646500000001,-87.585413,9,50452.5551646946,75.0,0.8293092420850655,10.0,86.0,64.0,10.0,9.850000000000003,17.37488007675088,0.16556603773584785,64.58882315318196,0,1,0,0,0,0,0
6254,45660,86.0,64.0,75.0,9.85,23.0,10.1,1809,528,0.0,10,53.45788043478261,65.0,10.0,0.0,29.21,41.72646500000001,-87.585413,9,50451.78896882494,75.0,0.8291766586730616,10.0,86.0,64.0,10.0,9.850000000000003,17.3757793764988,0.16553956834532255,64.58888888888889,0,0,1,0,0,0,0
6255,45660,86.0,64.0,75.0,9.85,23.0,10.1,1809,528,0.0,10,53.45788043478261,65.0,10.0,0.0,29.21,41.72646500000001,-87.585413,9,50451.023017902815,75.0,0.8290441176470589,10.0,86.0,64.0,10.0,9.850000000000003,17.376678388746804,0.1655131074168786,64.58895460358056,0,0,0,1,0,0,0
6256,45660,86.0,64.0,75.0,9.85,23.0,10.1,1809,528,0.0,10,53.45788043478261,65.0,10.0,0.0,29.21,41.72646500000001,-87.585413,9,50450.25731181077,75.0,0.8289116189867348,10.0,86.0,64.0,10.0,9.850000000000003,17.377577113632732,0.16548665494645878,64.58902029726707,0,0,0,0,0,0,1
6257,45660,86.0,64.0,75.0,9.85,23.0,10.1,1809,528,0.0,10,53.45788043478261,65.0,10.0,0.0,29.21,41.878114,-87.629798,9,50449.49185043145,75.0,0.8287791626717801,10.0,86.0,64.0,10.0,9.850000000000003,17.378475551294347,0.1654602109300084,64.58908596995845,0,0,1,0,0,0,0
6258,45660,86.0,64.0,75.0,9.85,23.0,10.1,1809,528,0.0,10,53.45788043478261,65.0,10.0,0.0,29.21,41.878114,-87.629798,9,50448.72663364754,75.0,0.8286467486818979,10.0,86.0,64.0,10.0,9.850000000000003,17.379373701869312,0.1654337753634754,64.5891516216648,0,0,0,0,0,0,1
6259,45660,86.0,64.0,75.0,9.85,23.0,10.1,1809,528,0.0,10,53.45788043478261,65.0,10.0,0.0,29.21,41.932094,-87.700117,9,50447.961661341855,75.0,0.8285143769968051,10.0,86.0,64.0,10.0,9.850000000000003,17.380271565495207,0.1654073482428103,64.58921725239617,0,0,1,0,0,0,0
6260,45660,86.0,64.0,75.0,9.85,23.0,10.1,1809,528,0.0,10,53.45788043478261,65.0,10.0,0.0,29.21,41.932094,-87.700117,9,50447.196933397216,75.0,0.8283820475962307,10.0,86.0,64.0,10.0,9.850000000000003,17.381169142309535,0.16538092956396622,64.58928286216259,0,0,0,1,0,0,0
6261,45660,86.0,64.0,75.0,9.85,23.0,10.1,1809,528,0.0,10,53.45788043478261,65.0,10.0,0.0,29.21,41.916265,-87.800515,9,50446.432449696586,75.0,0.8282497604599169,10.0,86.0,64.0,10.0,9.850000000000003,17.382066432449697,0.16535451932289885,64.58934845097413,0,1,0,0,0,0,0
6262,45660,86.0,64.0,75.0,9.85,23.0,10.1,1809,528,0.0,10,53.45788043478261,65.0,10.0,0.0,29.21,41.916265,-87.800515,9,50445.66821012295,75.0,0.8281175155676194,10.0,86.0,64.0,10.0,9.850000000000003,17.38296343605301,0.16532811751556642,64.58941401884081,0,0,1,0,0,0,0
6263,45660,86.0,64.0,75.0,9.85,23.0,10.1,1809,528,0.0,10,53.45788043478261,65.0,10.0,0.0,29.21,41.916265,-87.800515,9,50444.904214559385,75.0,0.827985312899106,10.0,86.0,64.0,10.0,9.850000000000003,17.383860153256705,0.16530172413792985,64.58947956577266,0,0,0,1,0,0,0
6264,45660,86.0,64.0,75.0,9.85,23.0,10.1,1809,528,0.0,10,53.45788043478261,65.0,10.0,0.0,29.21,41.846075,-87.716277,9,50444.140462889074,75.0,0.827853152434158,10.0,86.0,64.0,10.0,9.850000000000003,17.384756584197927,0.16527533918595252,64.58954509177973,0,0,1,0,0,0,0
6265,45660,86.0,64.0,75.0,9.85,23.0,10.1,1809,528,0.0,10,53.45788043478261,65.0,10.0,0.0,29.21,41.776156,-87.778927,9,50443.37695499521,75.0,0.8277210341525694,10.0,86.0,64.0,10.0,9.850000000000003,17.385652729013724,0.16524896265560046,64.58961059687199,0,0,1,0,0,0,0
6266,45660,86.0,64.0,75.0,9.85,23.0,10.1,1809,528,0.0,10,53.45788043478261,65.0,10.0,0.0,29.21,41.682587,-87.707973,9,50442.613690761136,75.0,0.8275889580341471,10.0,86.0,64.0,10.0,9.850000000000003,17.386548587841073,0.16522259454284227,64.58967608105952,0,0,0,1,0,0,0
6267,45660,86.0,64.0,75.0,9.85,23.0,10.1,1809,528,0.0,10,53.45788043478261,65.0,10.0,0.0,29.21,41.732984,-87.649642,9,50441.8506700702,75.0,0.827456924058711,10.0,86.0,64.0,10.0,9.850000000000003,17.387444160816848,0.1651962348436491,64.58974154435225,0,0,1,0,0,0,0
6268,45660,86.0,64.0,75.0,9.85,23.0,10.1,1809,528,0.0,10,53.45788043478261,65.0,10.0,0.0,29.21,41.903002,-87.68826700000002,9,50441.08789280587,75.0,0.8273249322060935,10.0,86.0,64.0,10.0,9.850000000000003,17.388339448077847,0.16516988355399467,64.58980698676025,0,0,1,0,0,0,0
6269,45660,86.0,64.0,75.0,9.85,23.0,10.1,1809,528,0.0,10,53.45788043478261,65.0,10.0,0.0,29.21,41.903002,-87.68826700000002,9,50440.32535885168,75.0,0.8271929824561404,10.0,86.0,64.0,10.0,9.850000000000003,17.389234449760767,0.16514354066985526,64.58987240829346,0,0,0,1,0,0,0
6270,45660,86.0,64.0,75.0,9.85,23.0,10.1,1809,528,0.0,10,53.45788043478261,65.0,10.0,0.0,29.21,41.678618,-87.559308,9,50439.56306809122,75.0,0.8270610747887099,10.0,86.0,64.0,10.0,9.850000000000003,17.390129166002232,0.1651172061872098,64.58993780896189,0,1,0,0,0,0,0
6271,45660,86.0,64.0,75.0,9.85,23.0,10.1,1809,528,0.0,10,53.45788043478261,65.0,10.0,0.0,29.21,41.678618,-87.559308,9,50438.801020408166,75.0,0.8269292091836735,10.0,86.0,64.0,10.0,9.850000000000003,17.391023596938776,0.16509088010203962,64.59000318877551,0,0,1,0,0,0,0
6272,45660,86.0,64.0,75.0,9.85,23.0,10.1,1809,528,0.0,10,53.45788043478261,65.0,10.0,0.0,29.21,41.678618,-87.559308,9,50438.03921568627,75.0,0.826797385620915,10.0,86.0,64.0,10.0,9.850000000000003,17.391917742706838,0.1650645624103288,64.5900685477443,0,0,0,1,0,0,0
6273,45660,86.0,64.0,75.0,9.85,23.0,10.1,1809,528,0.0,10,53.45788043478261,65.0,10.0,0.0,29.21,41.740641,-87.546587,9,50437.277653809375,75.0,0.8266656040803315,10.0,86.0,64.0,10.0,9.850000000000003,17.39281160344278,0.16503825310806386,64.59013388587823,0,0,1,0,0,0,0
6274,45660,86.0,64.0,75.0,9.85,23.0,10.1,1809,528,0.0,10,53.45788043478261,65.0,10.0,0.0,29.21,41.740641,-87.546587,9,50436.516334661355,75.0,0.8265338645418326,10.0,86.0,64.0,10.0,9.850000000000003,17.393705179282872,0.16501195219123388,64.59019920318724,0,0,0,1,0,0,0
6275,45660,86.0,64.0,75.0,9.85,23.0,10.1,1809,528,0.0,10,53.45788043478261,65.0,10.0,0.0,29.21,41.680946,-87.535198,9,50435.75525812619,75.0,0.826402166985341,10.0,86.0,64.0,10.0,9.850000000000003,17.394598470363288,0.16498565965583056,64.59026449968133,0,0,1,0,0,0,0
6276,45660,86.0,64.0,75.0,9.85,23.0,10.1,1809,528,0.0,10,53.45788043478261,65.0,10.0,0.0,29.21,41.680946,-87.535198,9,50434.99442408794,75.0,0.8262705113907918,10.0,86.0,64.0,10.0,9.850000000000003,17.395491476820133,0.16495937549784812,64.59032977537039,0,0,0,1,0,0,0
6277,45660,86.0,64.0,75.0,9.85,23.0,10.1,1809,528,0.0,10,53.45788043478261,65.0,10.0,0.0,29.21,41.948167,-87.730698,9,50434.23383243071,75.0,0.8261388977381332,10.0,86.0,64.0,10.0,9.850000000000003,17.396384198789423,0.1649330997132833,64.59039503026443,0,0,1,0,0,0,0
6278,45660,86.0,64.0,75.0,9.85,23.0,10.1,1809,528,0.0,10,53.45788043478261,65.0,10.0,0.0,29.21,41.963976,-87.69181,9,50433.4734830387,75.0,0.826007326007326,10.0,86.0,64.0,10.0,9.850000000000003,17.39727663640707,0.16490683229813544,64.59046026437329,0,0,1,0,0,0,0
6279,45660,86.0,64.0,75.0,9.85,23.0,10.1,1809,528,0.0,10,53.45788043478261,65.0,10.0,0.0,29.21,41.925198,-87.746381,9,50432.71337579618,75.0,0.8258757961783442,10.0,86.0,64.0,10.0,9.850000000000003,17.398168789808913,0.16488057324840644,64.590525477707,0,0,1,0,0,0,0
6280,45660,86.0,64.0,75.0,9.85,23.0,10.1,1809,528,0.0,10,53.45788043478261,65.0,10.0,0.0,29.21,41.973845,-87.805059,9,50431.95351058749,75.0,0.8257443082311734,10.0,86.0,64.0,10.0,9.850000000000003,17.39906065913071,0.1648543225601007,64.59059067027543,0,0,1,0,0,0,0
6281,45660,86.0,64.0,75.0,9.85,23.0,10.1,1809,528,0.0,10,53.45788043478261,65.0,10.0,0.0,29.21,41.973845,-87.805059,9,50431.19388729704,75.0,0.8256128621458134,10.0,86.0,64.0,10.0,9.850000000000003,17.399952244508118,0.16482808022922518,64.59065584208851,0,0,0,1,0,0,0
6282,45660,86.0,64.0,75.0,9.85,23.0,10.1,1809,528,0.0,10,53.45788043478261,65.0,10.0,0.0,29.21,41.94722700000001,-87.67145699999998,9,50430.434505809324,75.0,0.8254814579022759,10.0,86.0,64.0,10.0,9.850000000000003,17.400843546076715,0.16480184625178934,64.59072099315614,0,0,1,0,0,0,0
6283,45660,86.0,64.0,75.0,9.85,23.0,10.1,1809,528,0.0,10,53.45788043478261,65.0,10.0,0.0,29.21,41.793818,-87.654234,9,50429.675366008916,75.0,0.8253500954805856,10.0,86.0,64.0,10.0,9.850000000000003,17.401734563971992,0.1647756206238053,64.59078612348823,0,0,1,0,0,0,0
6284,45660,86.0,64.0,75.0,9.85,23.0,10.1,1809,528,0.0,10,53.45788043478261,65.0,10.0,0.0,29.21,41.728495,-87.60096300000002,9,50428.91646778043,75.0,0.8252187748607797,10.0,86.0,64.0,10.0,9.850000000000003,17.402625298329355,0.1647494033412876,64.59085123309467,0,0,1,0,0,0,0
6285,45660,86.0,64.0,75.0,9.85,23.0,10.1,1809,528,0.0,10,53.45788043478261,65.0,10.0,0.0,29.21,41.904194,-87.756155,9,50428.15781100858,75.0,0.8250874960229081,10.0,86.0,64.0,10.0,9.850000000000003,17.403515749284125,0.16472319440025335,64.59091632198536,0,0,1,0,0,0,0
6286,45660,86.0,64.0,75.0,9.85,23.0,10.1,1809,528,0.0,10,53.45788043478261,65.0,10.0,0.0,29.21,41.904194,-87.756155,9,50427.399395578184,75.0,0.8249562589470336,10.0,86.0,64.0,10.0,9.850000000000003,17.404405916971527,0.1646969937967222,64.5909813901702,0,0,0,1,0,0,0
6287,45660,86.0,64.0,75.0,9.85,23.0,10.1,1809,528,0.0,10,53.45788043478261,65.0,10.0,0.0,29.21,41.98728,-87.666066,9,50426.641221374055,75.0,0.8248250636132316,10.0,86.0,64.0,10.0,9.850000000000003,17.405295801526716,0.16467080152671634,64.59104643765903,0,0,1,0,0,0,0
6288,45660,86.0,64.0,75.0,9.85,23.0,10.1,1809,528,0.0,10,53.45788043478261,65.0,10.0,0.0,29.21,41.912563,-87.66805500000002,9,50425.88328828113,75.0,0.8246939100015901,10.0,86.0,64.0,10.0,9.850000000000003,17.406185403084752,0.16464461758626053,64.59111146446176,0,0,0,1,0,0,0
6289,45660,86.0,64.0,75.0,9.85,23.0,10.1,1809,528,0.0,10,53.45788043478261,65.0,10.0,0.0,29.21,42.009876,-87.807277,9,50425.125596184414,75.0,0.8245627980922099,10.0,86.0,64.0,10.0,9.850000000000003,17.407074721780607,0.16461844197138195,64.59117647058825,0,1,0,0,0,0,0
6290,45660,86.0,64.0,75.0,9.85,23.0,10.1,1809,528,0.0,10,53.45788043478261,65.0,10.0,0.0,29.21,42.009876,-87.807277,9,50424.368144969005,75.0,0.8244317278652042,10.0,86.0,64.0,10.0,9.850000000000003,17.407963757749165,0.1645922746781104,64.59124145604832,0,0,1,0,0,0,0
6291,45660,86.0,64.0,75.0,9.85,23.0,10.1,1809,528,0.0,10,53.45788043478261,65.0,10.0,0.0,29.21,42.009876,-87.807277,9,50423.61093452002,75.0,0.8243006993006993,10.0,86.0,64.0,10.0,9.850000000000003,17.40885251112524,0.16456611570247814,64.59130642085188,0,0,0,1,0,0,0
6292,45660,86.0,64.0,75.0,9.85,23.0,10.1,1809,528,0.0,10,53.45788043478261,65.0,10.0,0.0,29.21,41.776428,-87.627096,9,50422.853964722715,75.0,0.8241697123788336,10.0,86.0,64.0,10.0,9.850000000000003,17.409740982043537,0.16453996504052004,64.59137136500874,0,0,1,0,0,0,0
6293,45660,86.0,64.0,75.0,9.85,23.0,10.1,1809,528,0.0,10,53.45788043478261,65.0,10.0,0.0,29.21,41.776428,-87.627096,9,50422.097235462345,75.0,0.8240387670797585,10.0,86.0,64.0,10.0,9.850000000000003,17.410629170638703,0.16451382268827336,64.59143628852875,0,0,0,0,0,0,1
6294,45660,86.0,64.0,75.0,9.85,23.0,10.1,1809,528,0.0,10,53.45788043478261,65.0,10.0,0.0,29.21,41.994679,-87.770899,9,50421.340746624315,75.0,0.8239078633836379,10.0,86.0,64.0,10.0,9.850000000000003,17.411517077045275,0.164487688641778,64.59150119142177,0,0,1,0,0,0,0
6295,45660,86.0,64.0,75.0,9.85,23.0,10.1,1809,528,0.0,10,53.45788043478261,65.0,10.0,0.0,29.21,41.994679,-87.770899,9,50420.58449809403,75.0,0.8237770012706479,10.0,86.0,64.0,10.0,9.850000000000003,17.412404701397712,0.16446156289707636,64.59156607369759,0,0,0,1,0,0,0
6296,45660,86.0,64.0,75.0,9.85,23.0,10.1,1809,528,0.0,10,53.45788043478261,65.0,10.0,0.0,29.21,41.738903,-87.69544300000004,9,50419.828489757034,75.0,0.8236461807209783,10.0,86.0,64.0,10.0,9.850000000000003,17.413292043830396,0.1644354454502132,64.59163093536604,0,0,1,0,0,0,0
6297,45660,86.0,64.0,75.0,9.85,23.0,10.1,1809,528,0.0,10,53.45788043478261,65.0,10.0,0.0,29.21,41.753391,-87.707394,9,50419.07272149889,75.0,0.8235154017148301,10.0,86.0,64.0,10.0,9.850000000000003,17.414179104477608,0.16440933629723606,64.59169577643696,0,0,1,0,0,0,0
6298,45660,86.0,64.0,75.0,9.85,23.0,10.1,1809,528,0.0,10,53.45788043478261,65.0,10.0,0.0,29.21,41.753391,-87.707394,9,50418.31719320527,75.0,0.8233846642324179,10.0,86.0,64.0,10.0,9.850000000000003,17.415065883473567,0.16438323543419472,64.59176059692015,0,0,0,1,0,0,0
6299,45660,86.0,64.0,75.0,9.85,23.0,10.1,1809,528,0.0,10,53.45788043478261,65.0,10.0,0.0,29.21,41.753391,-87.707394,9,50417.561904761904,75.0,0.8232539682539682,10.0,86.0,64.0,10.0,9.850000000000003,17.41595238095238,0.16435714285714167,64.5918253968254,0,0,0,0,0,0,1
6300,45660,86.0,64.0,75.0,9.85,23.0,10.1,1809,528,0.0,10,53.45788043478261,65.0,10.0,0.0,29.21,41.974689,-87.890615,9,50416.80685605459,75.0,0.8231233137597207,10.0,86.0,64.0,10.0,9.850000000000003,17.416838597048088,0.16433105856213182,64.59189017616251,0,1,0,0,0,0,0
6301,45660,86.0,64.0,75.0,9.85,23.0,10.1,1809,528,0.0,10,53.45788043478261,65.0,10.0,0.0,29.21,41.974689,-87.890615,9,50416.052046969206,75.0,0.8229927007299269,10.0,86.0,64.0,10.0,9.850000000000003,17.417724531894642,0.16430498254522255,64.59195493494128,0,0,1,0,0,0,0
6302,45660,86.0,64.0,75.0,9.85,23.0,10.1,1809,528,0.0,10,53.45788043478261,65.0,10.0,0.0,29.21,41.974689,-87.890615,9,50415.297477391716,75.0,0.8228621291448517,10.0,86.0,64.0,10.0,9.850000000000003,17.41861018562589,0.16427891480247386,64.5920196731715,0,0,0,1,0,0,0
6303,45660,86.0,64.0,75.0,9.85,23.0,10.1,1809,528,0.0,10,53.45788043478261,65.0,10.0,0.0,29.21,41.957799,-87.930995,9,50414.543147208125,75.0,0.8227315989847716,10.0,86.0,64.0,10.0,9.850000000000003,17.419495558375633,0.16425285532994804,64.59208439086295,0,1,0,0,0,0,0
6304,45660,86.0,64.0,75.0,9.85,23.0,10.1,1809,528,0.0,10,53.45788043478261,65.0,10.0,0.0,29.21,41.957799,-87.930995,9,50413.78905630452,75.0,0.8226011102299762,10.0,86.0,64.0,10.0,9.850000000000003,17.420380650277558,0.16422680412371016,64.59214908802538,0,0,1,0,0,0,0
6305,45660,86.0,64.0,75.0,9.85,23.0,10.1,1809,528,0.0,10,53.45788043478261,65.0,10.0,0.0,29.21,41.957799,-87.930995,9,50413.03520456708,75.0,0.8224706628607675,10.0,86.0,64.0,10.0,9.850000000000003,17.42126546146527,0.16420076117982754,64.59221376466857,0,0,0,1,0,0,0
6306,44880,58.5,47.0,53.0,2.0,10.5,3.5,1760,532,12.0,-12,53.45788043478261,47.0,0.0,0.0,29.62,41.95469,-87.800991,9,50412.15791977169,75.0,0.8242429047090535,10.0,86.0,64.0,10.0,9.850000000000003,17.420168067226893,0.16417472649437015,64.58942444902489,0,0,1,0,0,0,0
6307,44880,58.5,47.0,53.0,2.0,10.5,3.5,1760,532,12.0,-12,53.45788043478261,47.0,0.0,0.0,29.62,41.964242,-87.757639,9,50411.28091312619,75.0,0.8260145846544071,10.0,86.0,64.0,10.0,9.850000000000003,17.41907102092581,0.16414870006341034,64.58663601775523,0,1,0,0,0,0,0
6308,44880,58.5,47.0,53.0,2.0,10.5,3.5,1760,532,12.0,-12,53.45788043478261,47.0,0.0,0.0,29.62,42.008314,-87.77792099999998,9,50410.40418449834,75.0,0.8277857029640197,10.0,86.0,64.0,10.0,9.850000000000003,17.417974322396578,0.16412268188302306,64.58384847043904,0,0,1,0,0,0,0
6309,44880,58.5,47.0,53.0,2.0,10.5,3.5,1760,532,12.0,-12,53.45788043478261,47.0,0.0,0.0,29.62,41.944869,-87.832763,9,50409.527733755946,75.0,0.8295562599049129,10.0,86.0,64.0,10.0,9.850000000000003,17.416877971473852,0.16409667194928568,64.58106180665611,0,1,0,0,0,0,0
6310,44880,58.5,47.0,53.0,2.0,10.5,3.5,1760,532,12.0,-12,53.45788043478261,47.0,0.0,0.0,29.62,41.944869,-87.832763,9,50408.65156076691,75.0,0.8313262557439391,10.0,86.0,64.0,10.0,9.850000000000003,17.415781967992395,0.164070670258278,64.57827602598637,0,0,1,0,0,0,0
6311,44880,58.5,47.0,53.0,2.0,10.5,3.5,1760,532,12.0,-12,53.45788043478261,47.0,0.0,0.0,29.62,41.991429,-87.747113,9,50407.77566539924,75.0,0.833095690747782,10.0,86.0,64.0,10.0,9.850000000000003,17.414686311787072,0.16404467680608248,64.57549112801014,0,0,1,0,0,0,0
6312,44880,58.5,47.0,53.0,2.0,10.5,3.5,1760,532,12.0,-12,53.45788043478261,47.0,0.0,0.0,29.62,41.923738,-87.785288,9,50406.90004752098,75.0,0.8348645651829558,10.0,86.0,64.0,10.0,9.850000000000003,17.413591002692858,0.16401869158878388,64.57270711230794,0,1,0,0,0,0,0
6313,44880,58.5,47.0,53.0,2.0,10.5,3.5,1760,532,12.0,-12,53.45788043478261,47.0,0.0,0.0,29.62,41.923738,-87.785288,9,50406.024707000324,53.0,0.8366328793158061,0.0,58.5,64.0,-12.0,9.850000000000003,17.41249604054482,0.16399271460246953,64.56992397846057,0,0,1,0,0,0,0
6314,44880,58.5,47.0,53.0,2.0,10.5,3.5,1760,532,12.0,-12,53.45788043478261,47.0,0.0,0.0,29.62,41.923738,-87.785288,9,50405.14964370547,53.0,0.8384006334125099,0.0,58.5,64.0,-12.0,9.850000000000003,17.411401425178152,0.16396674584322926,64.56714172604909,0,0,0,1,0,0,0
6315,44880,58.5,47.0,53.0,2.0,10.5,3.5,1760,532,12.0,-12,53.45788043478261,47.0,0.0,0.0,29.62,41.960616,-87.777189,9,50404.274857504744,53.0,0.8401678277390754,0.0,58.5,64.0,-12.0,9.850000000000003,17.410307156428118,0.16394078530715525,64.56436035465485,0,0,1,0,0,0,0
6316,44880,58.5,47.0,53.0,2.0,10.5,3.5,1760,532,12.0,-12,53.45788043478261,47.0,0.0,0.0,29.62,41.960616,-87.777189,9,50403.40034826658,53.0,0.8419344625613424,0.0,58.5,47.0,-12.0,9.850000000000003,17.409213234130124,0.16391483299034235,64.56157986385942,0,0,0,0,0,1,0
6317,44880,58.5,47.0,53.0,2.0,10.5,3.5,1760,532,12.0,-12,53.45788043478261,47.0,0.0,0.0,29.62,41.98480900000001,-87.728492,9,50402.52611585945,53.0,0.8437005381449826,0.0,58.5,47.0,-12.0,9.850000000000003,17.40811965811966,0.1638888888888877,64.55880025324471,0,0,1,0,0,0,0
6318,44880,58.5,47.0,53.0,2.0,10.5,3.5,1760,532,12.0,-12,53.45788043478261,47.0,0.0,0.0,29.62,41.98480900000001,-87.728492,9,50401.65216015191,53.0,0.8454660547554993,0.0,58.5,47.0,-12.0,9.850000000000003,17.407026428232314,0.16386295299889106,64.55602152239278,0,0,0,1,0,0,0
6319,44880,58.5,47.0,53.0,2.0,10.5,3.5,1760,532,12.0,-12,53.45788043478261,47.0,0.0,0.0,29.62,41.986921,-87.689778,9,50400.77848101267,53.0,0.8472310126582279,0.0,58.5,47.0,-12.0,9.850000000000003,17.405933544303792,0.16383702531645453,64.55324367088608,0,1,0,0,0,0,0
6320,44880,58.5,47.0,53.0,2.0,10.5,3.5,1760,532,12.0,-12,53.45788043478261,47.0,0.0,0.0,29.62,41.986921,-87.689778,9,50399.9050783104,53.0,0.8489954121183357,0.0,58.5,47.0,-12.0,9.850000000000003,17.40484100616991,0.16381110583768274,64.55046669830723,0,0,1,0,0,0,0
6321,44880,58.5,47.0,53.0,2.0,10.5,3.5,1760,532,12.0,-12,53.45788043478261,47.0,0.0,0.0,29.62,41.89923,-87.716788,9,50399.031951913945,53.0,0.8507592534008225,0.0,58.5,47.0,-12.0,9.850000000000003,17.40374881366656,0.1637851945586828,64.54769060423916,0,1,0,0,0,0,0
6322,44880,58.5,47.0,53.0,2.0,10.5,3.5,1760,532,12.0,-12,53.45788043478261,47.0,0.0,0.0,29.62,41.89923,-87.716788,9,50398.159101692225,53.0,0.8525225367705204,0.0,58.5,47.0,-12.0,9.850000000000003,17.402656966629767,0.16375929147556426,64.54491538826507,0,0,1,0,0,0,0
6323,44880,58.5,47.0,53.0,2.0,10.5,3.5,1760,532,12.0,-12,53.45788043478261,47.0,0.0,0.0,29.62,41.89923,-87.716788,9,50397.28652751423,53.0,0.8542852624920936,0.0,58.5,47.0,-12.0,9.850000000000003,17.401565464895636,0.16373339658443906,64.54214104996838,0,0,0,1,0,0,0
6324,44880,58.5,47.0,53.0,2.0,10.5,3.5,1760,532,12.0,-12,53.45788043478261,47.0,0.0,0.0,29.62,41.89923,-87.716788,9,50396.41422924901,53.0,0.8560474308300395,0.0,58.5,47.0,-12.0,9.850000000000003,17.400474308300396,0.16370750988142174,64.5393675889328,0,0,0,0,0,1,0
6325,44880,58.5,47.0,53.0,2.0,10.5,3.5,1760,532,12.0,-12,53.45788043478261,47.0,0.0,0.0,29.62,41.801498,-87.763416,9,50395.542206765735,53.0,0.8578090420486879,0.0,58.5,47.0,-12.0,9.850000000000003,17.399383496680368,0.16368163136262925,64.53659500474235,0,0,1,0,0,0,0
6326,44880,58.5,47.0,53.0,2.0,10.5,3.5,1760,532,12.0,-12,53.45788043478261,47.0,0.0,0.0,29.62,41.801498,-87.763416,9,50394.670459933615,53.0,0.8595700964122017,0.0,58.5,47.0,-12.0,9.850000000000003,17.398293029871972,0.1636557610241809,64.5338232969812,0,0,0,1,0,0,0
6327,44880,58.5,47.0,53.0,2.0,10.5,3.5,1760,532,12.0,-12,53.45788043478261,47.0,0.0,0.0,29.62,41.906638,-87.701431,9,50393.798988622,53.0,0.8613305941845765,0.0,58.5,47.0,-12.0,9.850000000000003,17.39720290771176,0.16362989886219856,64.53105246523388,0,0,1,0,0,0,0
6328,44880,58.5,47.0,53.0,2.0,10.5,3.5,1760,532,12.0,-12,53.45788043478261,47.0,0.0,0.0,29.62,41.906638,-87.701431,9,50392.92779270028,53.0,0.8630905356296413,0.0,58.5,47.0,-12.0,9.850000000000003,17.39611313003634,0.16360404487280653,64.52828250908516,0,0,0,1,0,0,0
6329,44880,58.5,47.0,53.0,2.0,10.5,3.5,1760,532,12.0,-12,53.45788043478261,47.0,0.0,0.0,29.62,41.836644,-87.677737,9,50392.05687203792,53.0,0.8648499210110584,0.0,58.5,47.0,-12.0,9.850000000000003,17.395023696682465,0.16357819905213153,64.52551342812006,0,0,0,1,0,0,0
6330,44880,58.5,47.0,53.0,2.0,10.5,3.5,1760,532,12.0,-12,53.45788043478261,47.0,0.0,0.0,29.62,41.763733,-87.742302,9,50391.1862265045,53.0,0.8666087505923235,0.0,58.5,47.0,-12.0,9.850000000000003,17.39393460748697,0.16355236139630272,64.52274522192387,0,0,0,1,0,0,0
6331,44880,58.5,47.0,53.0,2.0,10.5,3.5,1760,532,12.0,-12,53.45788043478261,47.0,0.0,0.0,29.62,41.857402,-87.694991,9,50390.315855969675,53.0,0.8683670246367656,0.0,58.5,47.0,-12.0,9.850000000000003,17.392845862286798,0.16352653190145175,64.51997789008212,0,0,1,0,0,0,0
6332,44880,58.5,47.0,53.0,2.0,10.5,3.5,1760,532,12.0,-12,53.45788043478261,47.0,0.0,0.0,29.62,41.891118,-87.65449100000002,9,50389.445760303184,53.0,0.8701247434075478,0.0,58.5,47.0,-12.0,9.850000000000003,17.391757460918996,0.1635007105637127,64.51721143218064,0,1,0,0,0,0,0
6333,44880,58.5,47.0,53.0,2.0,10.5,3.5,1760,532,12.0,-12,53.45788043478261,47.0,0.0,0.0,29.62,41.891118,-87.65449100000002,9,50388.5759393748,53.0,0.8718819071676666,0.0,58.5,47.0,-12.0,9.850000000000003,17.390669403220713,0.16347489737922205,64.51444584780549,0,0,1,0,0,0,0
6334,44880,58.5,47.0,53.0,2.0,10.5,3.5,1760,532,12.0,-12,53.45788043478261,47.0,0.0,0.0,29.62,41.868142,-87.696269,9,50387.70639305446,53.0,0.8736385161799527,0.0,58.5,47.0,-12.0,2.000000000000004,17.389581689029203,0.16344909234411878,64.51168113654303,0,1,0,0,0,0,0
6335,44880,58.5,47.0,53.0,2.0,10.5,3.5,1760,532,12.0,-12,53.45788043478261,47.0,0.0,0.0,29.62,41.868142,-87.696269,9,50386.83712121212,53.0,0.8753945707070707,0.0,58.5,47.0,-12.0,2.000000000000004,17.388494318181817,0.1634232954545443,64.50891729797979,0,0,1,0,0,0,0
6336,44880,58.5,47.0,53.0,2.0,10.5,3.5,1760,532,12.0,-12,53.45788043478261,47.0,0.0,0.0,29.62,41.868142,-87.696269,9,50385.96812371785,53.0,0.8771500710115196,0.0,58.5,47.0,-12.0,2.000000000000004,17.387407290516016,0.16339750670664235,64.5061543317027,0,0,0,1,0,0,0
6337,44880,58.5,47.0,53.0,2.0,10.5,3.5,1760,532,12.0,-12,53.45788043478261,47.0,0.0,0.0,29.62,41.867108,-87.654224,9,50385.09940044178,53.0,0.8789050173556326,0.0,58.5,47.0,-12.0,2.000000000000004,17.386320605869358,0.16337172609655926,64.50339223729883,0,0,1,0,0,0,0
6338,44880,58.5,47.0,53.0,2.0,10.5,3.5,1760,532,12.0,-12,53.45788043478261,47.0,0.0,0.0,29.62,41.867108,-87.654224,9,50384.23095125414,53.0,0.8806594100015775,0.0,58.5,47.0,-12.0,2.000000000000004,17.385234264079507,0.16334595362044368,64.50063101435558,0,0,0,1,0,0,0
6339,44880,58.5,47.0,53.0,2.0,10.5,3.5,1760,532,12.0,-12,53.45788043478261,47.0,0.0,0.0,29.62,41.896282,-87.655232,9,50383.36277602524,53.0,0.8824132492113564,0.0,58.5,47.0,-12.0,2.000000000000004,17.384148264984223,0.16332018927444678,64.49787066246057,0,0,1,0,0,0,0
6340,44880,58.5,47.0,53.0,2.0,10.5,3.5,1760,532,12.0,-12,53.45788043478261,47.0,0.0,0.0,29.62,41.896282,-87.655232,9,50382.49487462545,53.0,0.8841665352468066,0.0,58.5,47.0,-12.0,2.000000000000004,17.383062608421387,0.16329443305472205,64.49511118120172,0,0,0,1,0,0,0
6341,44880,58.5,47.0,53.0,2.0,10.5,3.5,1760,532,12.0,-12,53.45788043478261,47.0,0.0,0.0,29.62,41.921965,-87.632085,9,50381.627246925265,53.0,0.8859192683695994,0.0,58.5,47.0,-12.0,2.000000000000004,17.38197729422895,0.1632686849574255,64.49235257016714,0,0,1,0,0,0,0
6342,44880,58.5,47.0,53.0,2.0,10.5,3.5,1760,532,12.0,-12,53.45788043478261,47.0,0.0,0.0,29.62,41.801179,-87.679447,9,50380.759892795206,53.0,0.8876714488412423,0.0,58.5,47.0,-12.0,2.000000000000004,17.380892322244996,0.16324294497871553,64.4895948289453,0,0,0,1,0,0,0
6343,44880,58.5,47.0,53.0,2.0,10.5,3.5,1760,532,12.0,-12,53.45788043478261,47.0,0.0,0.0,29.62,41.800737,-87.71188000000002,9,50379.89281210593,53.0,0.8894230769230769,0.0,58.5,47.0,-12.0,2.000000000000004,17.379807692307693,0.16321721311475293,64.48683795712485,0,0,1,0,0,0,0
6344,44880,58.5,47.0,53.0,2.0,10.5,3.5,1760,532,12.0,-12,53.45788043478261,47.0,0.0,0.0,29.62,41.82561,-87.726549,9,50379.02600472813,53.0,0.8911741528762805,0.0,58.5,47.0,-12.0,2.000000000000004,17.378723404255318,0.16319148936170094,64.48408195429472,0,0,1,0,0,0,0
6345,44880,58.5,47.0,53.0,2.0,10.5,3.5,1760,532,12.0,-12,53.45788043478261,47.0,0.0,0.0,29.62,41.82561,-87.726549,9,50378.15947053262,53.0,0.8929246769618657,0.0,58.5,47.0,-12.0,2.000000000000004,17.377639457926257,0.16316577371572527,64.48132682004412,0,0,0,1,0,0,0
6346,44880,58.5,47.0,53.0,2.0,10.5,3.5,1760,532,12.0,-12,53.45788043478261,47.0,0.0,0.0,29.62,41.82561,-87.726549,9,50377.29320939026,53.0,0.8946746494406806,0.0,58.5,47.0,-12.0,2.000000000000004,17.376555853158973,0.16314006617299395,64.47857255396251,0,0,0,0,0,1,0
6347,44880,58.5,47.0,53.0,2.0,10.5,3.5,1760,532,12.0,-12,53.45788043478261,47.0,0.0,0.0,29.62,41.778297,-87.752411,9,50376.42722117202,53.0,0.8964240705734089,0.0,58.5,47.0,-12.0,2.000000000000004,17.37547258979206,0.16311436672967747,64.47581915563957,0,1,0,0,0,0,0
6348,44880,58.5,47.0,53.0,2.0,10.5,3.5,1760,532,12.0,-12,53.45788043478261,47.0,0.0,0.0,29.62,41.778297,-87.752411,9,50375.56150574893,53.0,0.8981729406205702,0.0,58.5,47.0,-12.0,2.000000000000004,17.3743896676642,0.16308867538194874,64.47306662466531,0,0,1,0,0,0,0
6349,44880,58.5,47.0,53.0,2.0,10.5,3.5,1760,532,12.0,-12,53.45788043478261,47.0,0.0,0.0,29.62,41.778297,-87.752411,9,50374.696062992116,53.0,0.8999212598425197,0.0,58.5,47.0,-12.0,2.000000000000004,17.373307086614172,0.16306299212598308,64.47031496062992,0,0,0,1,0,0,0
6350,44880,58.5,47.0,53.0,2.0,10.5,3.5,1760,532,12.0,-12,53.45788043478261,47.0,0.0,0.0,29.62,41.77166,-87.703047,9,50373.830892772785,53.0,0.9016690284994489,0.0,58.5,47.0,-12.0,2.000000000000004,17.37222484648087,0.1630373169579582,64.46756416312392,0,0,1,0,0,0,0
6351,44880,58.5,47.0,53.0,2.0,10.5,3.5,1760,532,12.0,-12,53.45788043478261,47.0,0.0,0.0,29.62,41.77166,-87.703047,9,50372.965994962215,53.0,0.9034162468513854,0.0,58.5,47.0,-12.0,2.000000000000004,17.371142947103273,0.16301164987405425,64.46481423173803,0,0,0,1,0,0,0
6352,44880,58.5,47.0,53.0,2.0,10.5,3.5,1760,532,12.0,-12,53.45788043478261,47.0,0.0,0.0,29.62,41.768388,-87.678649,9,50372.101369431766,53.0,0.9051629151581929,0.0,58.5,47.0,-12.0,2.000000000000004,17.37006138832048,0.16298599087045373,64.46206516606328,0,0,1,0,0,0,0
6353,44880,58.5,47.0,53.0,2.0,10.5,3.5,1760,532,12.0,-12,53.45788043478261,47.0,0.0,0.0,29.62,41.822536,-87.66634300000004,9,50371.23701605288,53.0,0.906909033679572,0.0,58.5,47.0,-12.0,2.000000000000004,17.36898016997167,0.1629603399433416,64.4593169656909,0,0,1,0,0,0,0
6354,44880,58.5,47.0,53.0,2.0,10.5,3.5,1760,532,12.0,-12,53.45788043478261,47.0,0.0,0.0,29.62,41.822536,-87.66634300000004,9,50370.37293469709,53.0,0.9086546026750592,0.0,58.5,47.0,-12.0,2.000000000000004,17.367899291896144,0.1629346970889052,64.45656963021243,0,0,0,1,0,0,0
6355,44880,58.5,47.0,53.0,2.0,10.5,3.5,1760,532,12.0,-12,53.45788043478261,47.0,0.0,0.0,29.62,41.766202,-87.562889,9,50369.50912523599,53.0,0.9103996224040276,0.0,58.5,47.0,-12.0,2.000000000000004,17.366818753933288,0.16290906230333427,64.45382315921964,0,0,0,1,0,0,0
6356,44880,58.5,47.0,53.0,2.0,10.5,3.5,1760,532,12.0,-12,53.45788043478261,47.0,0.0,0.0,29.62,41.754676,-87.612922,9,50368.6455875413,53.0,0.9121440931256882,0.0,58.5,47.0,-12.0,2.000000000000004,17.365738555922604,0.16288343558282092,64.45107755230454,0,1,0,0,0,0,0
6357,44880,58.5,47.0,53.0,2.0,10.5,3.5,1760,532,12.0,-12,53.45788043478261,47.0,0.0,0.0,29.62,41.754676,-87.612922,9,50367.782321484745,53.0,0.9138880150990878,0.0,58.5,47.0,-12.0,2.000000000000004,17.364658697703682,0.1628578169235597,64.44833280905945,0,0,1,0,0,0,0
6358,44880,58.5,47.0,53.0,2.0,10.5,3.5,1760,532,12.0,-12,53.45788043478261,47.0,0.0,0.0,29.62,41.821582,-87.62779599999998,9,50366.9193269382,53.0,0.9156313885831106,0.0,58.5,47.0,-12.0,2.000000000000004,17.363579179116215,0.16283220632174752,64.4455889290769,0,0,1,0,0,0,0
6359,44880,58.5,47.0,53.0,2.0,10.5,3.5,1760,532,12.0,-12,53.45788043478261,47.0,0.0,0.0,29.62,41.803423,-87.642984,9,50366.056603773584,53.0,0.917374213836478,0.0,58.5,47.0,-12.0,2.000000000000004,17.3625,0.16280660377358375,64.44284591194969,0,0,1,0,0,0,0
6360,44880,58.5,47.0,53.0,2.0,10.5,3.5,1760,532,12.0,-12,53.45788043478261,47.0,0.0,0.0,29.62,41.754292,-87.590773,9,50365.19415186292,53.0,0.9191164911177488,0.0,58.5,47.0,-12.0,2.000000000000004,17.361421160194936,0.16278100927527,64.44010375727088,0,0,1,0,0,0,0
6361,44880,58.5,47.0,53.0,2.0,10.5,3.5,1760,532,12.0,-12,53.45788043478261,47.0,0.0,0.0,29.62,41.868077,-87.666901,9,50364.331971078274,53.0,0.9208582206853192,0.0,58.5,47.0,-12.0,2.000000000000004,17.360342659541026,0.16275542282301045,64.43736246463376,0,0,1,0,0,0,0
6362,44880,58.5,47.0,53.0,2.0,10.5,3.5,1760,532,12.0,-12,53.45788043478261,47.0,0.0,0.0,29.62,41.720848,-87.666014,9,50363.470061291846,53.0,0.9225994027974226,0.0,58.5,47.0,-12.0,2.000000000000004,17.359264497878357,0.16272984441301155,64.43462203363194,0,1,0,0,0,0,0
6363,44880,58.5,47.0,53.0,2.0,10.5,3.5,1760,532,12.0,-12,53.45788043478261,47.0,0.0,0.0,29.62,41.720848,-87.666014,9,50362.60842237586,53.0,0.9243400377121308,0.0,58.5,47.0,-12.0,2.000000000000004,17.35818667504714,0.16270427404148216,64.43188246385921,0,0,1,0,0,0,0
6364,44880,58.5,47.0,53.0,2.0,10.5,3.5,1760,532,12.0,-12,53.45788043478261,47.0,0.0,0.0,29.62,41.733643,-87.55551,9,50361.747054202664,53.0,0.9260801256873528,0.0,58.5,47.0,-12.0,2.000000000000004,17.357109190887662,0.16267871170463355,64.42914375490966,0,1,0,0,0,0,0
6365,44880,58.5,47.0,53.0,2.0,10.5,3.5,1760,532,12.0,-12,53.45788043478261,47.0,0.0,0.0,29.62,41.798697,-87.736812,9,50360.88595664468,53.0,0.9278196669808356,0.0,58.5,47.0,-12.0,2.000000000000004,17.35603204524034,0.16265315739867933,64.42640590637762,0,1,0,0,0,0,0
6366,44880,58.5,47.0,53.0,2.0,10.5,3.5,1760,532,12.0,-12,53.45788043478261,47.0,0.0,0.0,29.62,41.798697,-87.736812,9,50360.025129574366,53.0,0.9295586618501648,0.0,58.5,47.0,-12.0,2.000000000000004,17.354955237945653,0.16262761111983548,64.42366891785771,0,0,1,0,0,0,0
6367,44880,58.5,47.0,53.0,2.0,10.5,3.5,1760,532,12.0,-12,53.45788043478261,47.0,0.0,0.0,29.62,41.798697,-87.736812,9,50359.16457286432,53.0,0.931297110552764,0.0,58.5,47.0,-12.0,2.000000000000004,17.353878768844222,0.16260207286432046,64.42093278894473,0,0,0,1,0,0,0
6368,44880,58.5,47.0,53.0,2.0,10.5,3.5,1760,532,12.0,-12,53.45788043478261,47.0,0.0,0.0,29.62,41.673408,-87.599862,9,50358.30428638719,53.0,0.9330350133458942,0.0,58.5,47.0,-12.0,2.000000000000004,17.35280263777673,0.16257654262835494,64.41819751923379,0,1,0,0,0,0,0
6369,44880,58.5,47.0,53.0,2.0,10.5,3.5,1760,532,12.0,-12,53.45788043478261,47.0,0.0,0.0,29.62,41.673408,-87.599862,9,50357.4442700157,53.0,0.9347723704866562,0.0,58.5,47.0,-12.0,2.000000000000004,17.351726844583983,0.1625510204081621,64.41546310832024,0,0,1,0,0,0,0
6370,44880,58.5,47.0,53.0,2.0,10.5,3.5,1760,532,12.0,-12,53.45788043478261,47.0,0.0,0.0,29.62,41.704572,-87.56566600000002,9,50356.58452362267,53.0,0.9365091822319886,0.0,58.5,47.0,-12.0,2.000000000000004,17.35065138910689,0.16252550619996745,64.41272955579971,0,0,1,0,0,0,0
6371,44880,58.5,47.0,53.0,2.0,10.5,3.5,1760,532,12.0,-12,53.45788043478261,47.0,0.0,0.0,29.62,41.662014,-87.72460799999998,9,50355.725047080974,53.0,0.9382454488386692,0.0,58.5,47.0,-12.0,2.000000000000004,17.34957627118644,0.16249999999999884,64.40999686126804,0,0,0,1,0,0,0
6372,44880,58.5,47.0,53.0,2.0,10.5,3.5,1760,532,12.0,-12,53.45788043478261,47.0,0.0,0.0,29.62,41.72646500000001,-87.585413,9,50354.865840263614,53.0,0.9399811705633141,0.0,58.5,47.0,-12.0,2.000000000000004,17.348501490663732,0.1624745018044865,64.40726502432136,0,1,0,0,0,0,0
6373,44880,58.5,47.0,53.0,2.0,10.5,3.5,1760,532,12.0,-12,53.45788043478261,47.0,0.0,0.0,29.62,41.72646500000001,-87.585413,9,50354.00690304361,53.0,0.9417163476623784,0.0,58.5,47.0,-12.0,2.000000000000004,17.34742704737998,0.1624490116096631,64.40453404455603,0,0,1,0,0,0,0
6374,44880,58.5,47.0,53.0,2.0,10.5,3.5,1760,532,12.0,-12,53.45788043478261,47.0,0.0,0.0,29.62,41.72646500000001,-87.585413,9,50353.148235294124,53.0,0.9434509803921568,0.0,58.5,47.0,-12.0,2.000000000000004,17.346352941176473,0.16242352941176352,64.40180392156863,0,0,0,1,0,0,0
6375,44880,58.5,47.0,53.0,2.0,10.5,3.5,1760,532,12.0,-12,53.45788043478261,47.0,0.0,0.0,29.62,41.878114,-87.629798,9,50352.28983688833,53.0,0.945185069008783,0.0,58.5,47.0,-12.0,2.000000000000004,17.345279171894607,0.1623980552070252,64.39907465495607,0,0,1,0,0,0,0
6376,44880,58.5,47.0,53.0,2.0,10.5,3.5,1760,532,12.0,-12,53.45788043478261,47.0,0.0,0.0,29.62,41.932094,-87.700117,9,50351.43170769954,53.0,0.9469186137682296,0.0,58.5,47.0,-12.0,2.000000000000004,17.344205739375884,0.16237258899168772,64.39634624431551,0,0,1,0,0,0,0
6377,44880,58.5,47.0,53.0,2.0,10.5,3.5,1760,532,12.0,-12,53.45788043478261,47.0,0.0,0.0,29.62,41.916265,-87.800515,9,50350.57384760113,53.0,0.9486516149263092,0.0,58.5,47.0,-12.0,2.000000000000004,17.3431326434619,0.1623471307619932,64.39361868924428,0,0,1,0,0,0,0
6378,44880,58.5,47.0,53.0,2.0,10.5,3.5,1760,532,12.0,-12,53.45788043478261,47.0,0.0,0.0,29.62,41.916265,-87.800515,9,50349.71625646653,53.0,0.9503840727386738,0.0,58.5,47.0,-12.0,2.000000000000004,17.342059883994356,0.162321680514186,64.39089198934002,0,0,0,1,0,0,0
6379,44880,58.5,47.0,53.0,2.0,10.5,3.5,1760,532,12.0,-12,53.45788043478261,47.0,0.0,0.0,29.62,41.846075,-87.716277,9,50348.85893416928,53.0,0.952115987460815,0.0,58.5,47.0,-12.0,2.000000000000004,17.340987460815047,0.16229623824451295,64.38816614420062,0,1,0,0,0,0,0
6380,44880,58.5,47.0,53.0,2.0,10.5,3.5,1760,532,12.0,-12,53.45788043478261,47.0,0.0,0.0,29.62,41.846075,-87.716277,9,50348.001880582975,53.0,0.9538473593480644,0.0,58.5,47.0,-12.0,2.000000000000004,17.339915373765866,0.16227080394922308,64.38544115342421,0,0,1,0,0,0,0
6381,44880,58.5,47.0,53.0,2.0,10.5,3.5,1760,532,12.0,-12,53.45788043478261,47.0,0.0,0.0,29.62,41.682587,-87.707973,9,50347.14509558132,53.0,0.955578188655594,0.0,58.5,47.0,-12.0,2.000000000000004,17.338843622688813,0.16224537762456792,64.38271701660922,0,0,0,1,0,0,0
6382,44880,58.5,47.0,53.0,2.0,10.5,3.5,1760,532,12.0,-12,53.45788043478261,47.0,0.0,0.0,29.62,41.678618,-87.559308,9,50346.28857903807,53.0,0.9573084756384146,0.0,58.5,47.0,-12.0,2.000000000000004,17.337772207425974,0.16221995926680127,64.37999373335423,0,0,1,0,0,0,0
6383,44880,58.5,47.0,53.0,2.0,10.5,3.5,1760,532,12.0,-12,53.45788043478261,47.0,0.0,0.0,29.62,41.678618,-87.559308,9,50345.43233082707,53.0,0.9590382205513784,0.0,58.5,47.0,-12.0,2.000000000000004,17.33670112781955,0.1621945488721793,64.37727130325814,0,0,0,1,0,0,0
6384,44880,58.5,47.0,53.0,2.0,10.5,3.5,1760,532,12.0,-12,53.45788043478261,47.0,0.0,0.0,29.62,41.740641,-87.546587,9,50344.57635082224,53.0,0.9607674236491778,0.0,58.5,47.0,-12.0,2.000000000000004,17.335630383711823,0.16216914643696045,64.37454972592012,0,0,0,0,0,1,0
6385,44880,58.5,47.0,53.0,2.0,10.5,3.5,1760,532,12.0,-12,53.45788043478261,47.0,0.0,0.0,29.62,41.948167,-87.730698,9,50343.72063889759,53.0,0.9624960851863452,0.0,58.5,47.0,-12.0,2.000000000000004,17.334559974945194,0.16214375195740566,64.37182900093956,0,0,1,0,0,0,0
6386,44880,58.5,47.0,53.0,2.0,10.5,3.5,1760,532,12.0,-12,53.45788043478261,47.0,0.0,0.0,29.62,41.659112,-87.53869300000002,9,50342.865194927195,53.0,0.9642242054172538,0.0,58.5,47.0,-12.0,2.000000000000004,17.333489901362142,0.16211836542977806,64.36910912791608,0,0,1,0,0,0,0
6387,44880,58.5,47.0,53.0,2.0,10.5,3.5,1760,532,12.0,-12,53.45788043478261,47.0,0.0,0.0,29.62,41.659112,-87.53869300000002,9,50342.010018785215,53.0,0.9659517845961176,0.0,58.5,47.0,-12.0,2.000000000000004,17.33242016280526,0.16209298685034326,64.3663901064496,0,0,0,1,0,0,0
6388,44880,58.5,47.0,53.0,2.0,10.5,3.5,1760,532,12.0,-12,53.45788043478261,47.0,0.0,0.0,29.62,41.925198,-87.746381,9,50341.155110345906,53.0,0.9676788229769916,0.0,58.5,47.0,-12.0,2.000000000000004,17.33135075911723,0.16206761621536903,64.36367193614024,0,0,1,0,0,0,0
6389,44880,58.5,47.0,53.0,2.0,10.5,3.5,1760,532,12.0,-12,53.45788043478261,47.0,0.0,0.0,29.62,41.973845,-87.805059,9,50340.30046948356,53.0,0.9694053208137716,0.0,58.5,47.0,-12.0,2.000000000000004,17.330281690140847,0.16204225352112558,64.36095461658842,0,0,1,0,0,0,0
6390,44880,58.5,47.0,53.0,2.0,10.5,3.5,1760,532,12.0,-12,53.45788043478261,47.0,0.0,0.0,29.62,41.973845,-87.805059,9,50339.4460960726,53.0,0.9711312783601941,0.0,58.5,47.0,-12.0,2.000000000000004,17.32921295571898,0.16201689876388556,64.35823814739477,0,0,0,1,0,0,0
6391,44880,58.5,47.0,53.0,2.0,10.5,3.5,1760,532,12.0,-12,53.45788043478261,47.0,0.0,0.0,29.62,41.743402,-87.731435,9,50338.59198998749,53.0,0.9728566958698373,0.0,58.5,47.0,-12.0,2.000000000000004,17.328144555694617,0.16199155193992373,64.3555225281602,0,0,1,0,0,0,0
6392,44880,58.5,47.0,53.0,2.0,10.5,3.5,1760,532,12.0,-12,53.45788043478261,47.0,0.0,0.0,29.62,41.743402,-87.731435,9,50337.73815110277,53.0,0.9745815735961209,0.0,58.5,47.0,-12.0,2.000000000000004,17.32707648991084,0.16196621304551734,64.35280775848584,0,0,0,1,0,0,0
6393,44880,58.5,47.0,53.0,2.0,10.5,3.5,1760,532,12.0,-12,53.45788043478261,47.0,0.0,0.0,29.62,41.793818,-87.654234,9,50336.88457929309,53.0,0.9763059117923052,0.0,58.5,47.0,-12.0,2.000000000000004,17.326008758210822,0.16194088207694596,64.3500938379731,0,0,1,0,0,0,0
6394,44880,58.5,47.0,53.0,2.0,10.5,3.5,1760,532,12.0,-12,53.45788043478261,47.0,0.0,0.0,29.62,41.793818,-87.654234,9,50336.03127443315,53.0,0.9780297107114934,0.0,58.5,47.0,-12.0,2.000000000000004,17.32494136043784,0.1619155590304914,64.34738076622361,0,0,0,1,0,0,0
6395,44880,58.5,47.0,53.0,2.0,10.5,3.5,1760,532,12.0,-12,53.45788043478261,47.0,0.0,0.0,29.62,41.728495,-87.60096300000002,9,50335.178236397755,53.0,0.9797529706066292,0.0,58.5,47.0,-12.0,2.000000000000004,17.32387429643527,0.16189024390243786,64.34466854283927,0,0,1,0,0,0,0
6396,44880,58.5,47.0,53.0,2.0,10.5,3.5,1760,532,12.0,-12,53.45788043478261,47.0,0.0,0.0,29.62,41.728495,-87.60096300000002,9,50334.325465061745,53.0,0.9814756917304986,0.0,58.5,47.0,-12.0,2.000000000000004,17.322807566046585,0.16186493668907184,64.34195716742222,0,0,0,1,0,0,0
6397,44880,58.5,47.0,53.0,2.0,10.5,3.5,1760,532,12.0,-12,53.45788043478261,47.0,0.0,0.0,29.62,41.951866,-87.72505699999998,9,50333.472960300096,53.0,0.98319787433573,0.0,58.5,47.0,-12.0,2.000000000000004,17.32174116911535,0.16183963738668214,64.33924663957487,0,0,1,0,0,0,0
6398,44880,58.5,47.0,53.0,2.0,10.5,3.5,1760,532,12.0,-12,53.45788043478261,47.0,0.0,0.0,29.62,41.951866,-87.72505699999998,9,50332.62072198781,53.0,0.9849195186747928,0.0,58.5,47.0,-12.0,2.000000000000004,17.320675105485233,0.16181434599156005,64.33653695889983,0,0,0,1,0,0,0
6399,44880,58.5,47.0,53.0,2.0,10.5,3.5,1760,532,12.0,-12,53.45788043478261,47.0,0.0,0.0,29.62,41.904194,-87.756155,9,50331.76875,53.0,0.986640625,0.0,58.5,47.0,-12.0,2.000000000000004,17.319609375,0.16178906249999886,64.333828125,0,0,0,1,0,0,0
6400,44880,58.5,47.0,53.0,2.0,10.5,3.5,1760,532,12.0,-12,53.45788043478261,47.0,0.0,0.0,29.62,41.912563,-87.66805500000002,9,50330.917044211834,53.0,0.9883611935635056,0.0,58.5,47.0,-12.0,2.000000000000004,17.318543977503516,0.1617637869082944,64.33112013747852,0,0,1,0,0,0,0
6401,44880,58.5,47.0,53.0,2.0,10.5,3.5,1760,532,12.0,-12,53.45788043478261,47.0,0.0,0.0,29.62,41.912563,-87.66805500000002,9,50330.0656044986,53.0,0.9900812246173072,0.0,58.5,47.0,-12.0,2.000000000000004,17.31747891283974,0.16173851921274485,64.32841299593876,0,0,0,1,0,0,0
6402,44880,58.5,47.0,53.0,2.0,10.5,3.5,1760,532,12.0,-12,53.45788043478261,47.0,0.0,0.0,29.62,42.009876,-87.807277,9,50329.214430735585,53.0,0.9918007184132438,0.0,58.5,47.0,-12.0,2.000000000000004,17.316414180852725,0.16171325940965056,64.32570669998438,0,1,0,0,0,0,0
6403,44880,58.5,47.0,53.0,2.0,10.5,3.5,1760,532,12.0,-12,53.45788043478261,47.0,0.0,0.0,29.62,42.009876,-87.807277,9,50328.36352279825,53.0,0.993519675202998,0.0,58.5,47.0,-12.0,2.000000000000004,17.315349781386633,0.16168800749531426,64.32300124921923,0,0,1,0,0,0,0
6404,44880,58.5,47.0,53.0,2.0,10.5,3.5,1760,532,12.0,-12,53.45788043478261,47.0,0.0,0.0,29.62,42.009876,-87.807277,9,50327.51288056206,53.0,0.9952380952380953,0.0,58.5,47.0,-12.0,2.000000000000004,17.314285714285713,0.16166276346604097,64.32029664324746,0,0,0,1,0,0,0
6405,44880,58.5,47.0,53.0,2.0,10.5,3.5,1760,532,12.0,-12,53.45788043478261,47.0,0.0,0.0,29.62,41.776428,-87.627096,9,50326.66250390259,53.0,0.9969559787699032,0.0,58.5,47.0,-12.0,2.000000000000004,17.313221979394314,0.16163752731813807,64.31759288167343,0,0,1,0,0,0,0
6406,44880,58.5,47.0,53.0,2.0,10.5,3.5,1760,532,12.0,-12,53.45788043478261,47.0,0.0,0.0,29.62,41.776428,-87.627096,9,50325.81239269549,53.0,0.9986733260496332,0.0,58.5,47.0,-12.0,2.000000000000004,17.31215857655689,0.1616122990479152,64.31488996410177,0,0,0,1,0,0,0
6407,44880,58.5,47.0,53.0,2.0,10.5,3.5,1760,532,12.0,-12,53.45788043478261,47.0,0.0,0.0,29.62,41.994679,-87.770899,9,50324.96254681648,53.0,1.0003901373283397,0.0,58.5,47.0,-12.0,2.000000000000004,17.311095505617978,0.16158707865168426,64.31218789013732,0,0,1,0,0,0,0
6408,44880,58.5,47.0,53.0,2.0,10.5,3.5,1760,532,12.0,-12,53.45788043478261,47.0,0.0,0.0,29.62,41.738903,-87.69544300000004,9,50324.112966141365,53.0,1.0021064128569201,0.0,58.5,47.0,-12.0,2.000000000000004,17.310032766422218,0.16156186612575948,64.30948665938524,0,0,1,0,0,0,0
6409,44880,58.5,47.0,53.0,2.0,10.5,3.5,1760,532,12.0,-12,53.45788043478261,47.0,0.0,0.0,29.62,41.753391,-87.707394,9,50323.263650546025,53.0,1.0038221528861155,0.0,58.5,47.0,-12.0,2.000000000000004,17.308970358814353,0.16153666146645748,64.30678627145086,0,0,1,0,0,0,0
6410,44880,58.5,47.0,53.0,2.0,10.5,3.5,1760,532,12.0,-12,53.45788043478261,47.0,0.0,0.0,29.62,41.753391,-87.707394,9,50322.41459990641,53.0,1.0055373576665108,0.0,58.5,47.0,-12.0,2.000000000000004,17.307908282639215,0.1615114646700971,64.3040867259398,0,0,0,1,0,0,0
6411,44880,58.5,47.0,53.0,2.0,10.5,3.5,1760,532,12.0,-12,53.45788043478261,47.0,0.0,0.0,29.62,41.974689,-87.890615,9,50321.56581409856,53.0,1.0072520274485341,0.0,58.5,47.0,-12.0,2.000000000000004,17.306846537741734,0.16148627573299945,64.3013880224579,0,1,0,0,0,0,0
6412,44880,58.5,47.0,53.0,2.0,10.5,3.5,1760,532,12.0,-12,53.45788043478261,47.0,0.0,0.0,29.62,41.974689,-87.890615,9,50320.717292998605,53.0,1.0089661624824575,0.0,58.5,47.0,-12.0,2.000000000000004,17.305785123966945,0.161461094651488,64.29869016061126,0,0,1,0,0,0,0
6413,44880,58.5,47.0,53.0,2.0,10.5,3.5,1760,532,12.0,-12,53.45788043478261,47.0,0.0,0.0,29.62,41.974689,-87.890615,9,50319.86903648268,53.0,1.0106797630183972,0.0,58.5,47.0,-12.0,2.000000000000004,17.30472404115996,0.16143592142188845,64.29599314000623,0,0,0,1,0,0,0
6414,44880,58.5,47.0,53.0,2.0,10.5,3.5,1760,532,12.0,-12,53.45788043478261,47.0,0.0,0.0,29.62,41.957799,-87.930995,9,50319.02104442712,53.0,1.0123928293063134,0.0,58.5,47.0,-12.0,2.000000000000004,17.303663289166018,0.16141075604052885,64.29329696024942,0,1,0,0,0,0,0
6415,44880,58.5,47.0,53.0,2.0,10.5,3.5,1760,532,12.0,-12,53.45788043478261,47.0,0.0,0.0,29.62,41.957799,-87.930995,9,50318.173316708235,53.0,1.01410536159601,0.0,58.5,47.0,-12.0,2.000000000000004,17.302602867830426,0.16138559850373949,64.29060162094764,0,0,1,0,0,0,0
6416,44880,58.5,47.0,53.0,2.0,10.5,3.5,1760,532,12.0,-12,53.45788043478261,47.0,0.0,0.0,29.62,41.957799,-87.930995,9,50317.325853202434,53.0,1.0158173601371356,0.0,58.5,47.0,-12.0,2.000000000000004,17.3015427769986,0.16136044880785294,64.28790712170796,0,0,0,1,0,0,0
6417,43680,62.0,48.0,55.0,5.0,36.0,6.7,1748,540,10.0,-6,53.45788043478261,50.0,0.0,0.01,29.355,41.95469,-87.800991,9,50316.291679650974,53.0,1.0172172016204426,0.0,58.5,47.0,-12.0,2.000000000000004,17.304456216889996,0.1613368650669979,64.28568089747584,0,0,1,0,0,0,0
6418,43680,62.0,48.0,55.0,5.0,36.0,6.7,1748,540,10.0,-6,53.45788043478261,50.0,0.0,0.01,29.355,41.95469,-87.800991,9,50315.25782832217,53.0,1.0186166069481228,0.0,58.5,47.0,-12.0,2.000000000000004,17.307368749026327,0.16131328867424716,64.28345536687958,0,0,0,1,0,0,0
6419,43680,62.0,48.0,55.0,5.0,36.0,6.7,1748,540,10.0,-6,53.45788043478261,50.0,0.0,0.01,29.355,41.964242,-87.757639,9,50314.22429906542,53.0,1.0200155763239875,0.0,58.5,47.0,-12.0,2.000000000000004,17.310280373831777,0.16128971962616706,64.28123052959502,0,0,1,0,0,0,0
6420,43680,62.0,48.0,55.0,5.0,36.0,6.7,1748,540,10.0,-6,53.45788043478261,50.0,0.0,0.01,29.355,42.008314,-87.77792099999998,9,50313.19109173027,53.0,1.0214141099517209,0.0,58.5,47.0,-12.0,2.000000000000004,17.31319109173026,0.16126615791932605,64.27900638529825,0,0,1,0,0,0,0
6421,43680,62.0,48.0,55.0,5.0,36.0,6.7,1748,540,10.0,-6,53.45788043478261,50.0,0.0,0.01,29.355,41.98196400000001,-87.812827,9,50312.15820616631,53.0,1.02281220803488,0.0,58.5,47.0,-12.0,2.000000000000004,17.316100903145436,0.16124260355029468,64.27678293366553,0,0,1,0,0,0,0
6422,43680,62.0,48.0,55.0,5.0,36.0,6.7,1748,540,10.0,-6,53.45788043478261,50.0,0.0,0.01,29.355,41.99247800000001,-87.862995,9,50311.12564222326,53.0,1.0242098707768956,0.0,58.5,47.0,-12.0,2.000000000000004,17.319009808500702,0.16121905651564572,64.27456017437335,0,0,1,0,0,0,0
6423,43680,62.0,48.0,55.0,5.0,36.0,6.7,1748,540,10.0,-6,53.45788043478261,50.0,0.0,0.01,29.355,41.944869,-87.832763,9,50310.093399750935,53.0,1.025607098381071,0.0,58.5,47.0,-12.0,2.000000000000004,17.32191780821918,0.16119551681195401,64.27233810709838,0,0,1,0,0,0,0
6424,43680,62.0,48.0,55.0,5.0,36.0,6.7,1748,540,10.0,-6,53.45788043478261,50.0,0.0,0.01,29.355,41.944869,-87.832763,9,50309.06147859922,55.0,1.0270038910505837,0.0,62.0,47.0,-6.0,2.000000000000004,17.324824902723734,0.1611719844357965,64.27011673151749,0,0,0,1,0,0,0
6425,43680,62.0,48.0,55.0,5.0,36.0,6.7,1748,540,10.0,-6,53.45788043478261,50.0,0.0,0.01,29.355,41.923738,-87.785288,9,50308.029878618116,55.0,1.0284002489884845,0.0,62.0,47.0,-6.0,2.000000000000004,17.327731092436974,0.16114845938375233,64.26789604730781,0,1,0,0,0,0,0
6426,43680,62.0,48.0,55.0,5.0,36.0,6.7,1748,540,10.0,-6,53.45788043478261,50.0,0.0,0.01,29.355,41.923738,-87.785288,9,50306.998599657694,55.0,1.0297961723976972,0.0,62.0,47.0,-6.0,2.000000000000004,17.330636377781232,0.16112494165240274,64.26567605414657,0,0,1,0,0,0,0
6427,43680,62.0,48.0,55.0,5.0,36.0,6.7,1748,540,10.0,-6,53.45788043478261,50.0,0.0,0.01,29.355,41.923738,-87.785288,9,50305.96764156813,55.0,1.0311916614810206,0.0,62.0,48.0,-6.0,2.000000000000004,17.33354075917859,0.16110143123833112,64.26345675171126,0,0,0,1,0,0,0
6428,43680,62.0,48.0,55.0,5.0,36.0,6.7,1748,540,10.0,-6,53.45788043478261,50.0,0.0,0.01,29.355,41.960616,-87.777189,9,50304.93700419972,55.0,1.0325867164411262,0.0,62.0,48.0,-6.0,2.000000000000004,17.336444237050866,0.16107792813812294,64.26123813967958,0,0,1,0,0,0,0
6429,43680,62.0,48.0,55.0,5.0,36.0,6.7,1748,540,10.0,-6,53.45788043478261,50.0,0.0,0.01,29.355,41.960616,-87.777189,9,50303.9066874028,55.0,1.0339813374805602,0.0,62.0,48.0,-6.0,2.000000000000004,17.339346811819595,0.16105443234836586,64.2590202177294,0,0,0,0,1,0,0
6430,43680,62.0,48.0,55.0,5.0,36.0,6.7,1748,540,10.0,-6,53.45788043478261,50.0,0.0,0.01,29.355,41.98480900000001,-87.728492,9,50302.87669102784,55.0,1.0353755248017416,0.0,62.0,48.0,-6.0,2.000000000000004,17.34224848390608,0.16103094386564956,64.2568029855388,0,0,1,0,0,0,0
6431,43680,62.0,48.0,55.0,5.0,36.0,6.7,1748,540,10.0,-6,53.45788043478261,50.0,0.0,0.01,29.355,41.98480900000001,-87.728492,9,50301.84701492537,55.0,1.0367692786069649,0.0,62.0,48.0,-6.0,2.000000000000004,17.345149253731346,0.16100746268656602,64.25458644278606,0,0,0,0,0,0,1
6432,43680,62.0,48.0,55.0,5.0,36.0,6.7,1748,540,10.0,-6,53.45788043478261,50.0,0.0,0.01,29.355,41.986921,-87.689778,9,50300.817658946056,55.0,1.038162599098399,0.0,62.0,48.0,-6.0,2.000000000000004,17.34804912171615,0.16098398880770906,64.25237058914969,0,0,1,0,0,0,0
6433,43680,62.0,48.0,55.0,5.0,36.0,6.7,1748,540,10.0,-6,53.45788043478261,50.0,0.0,0.01,29.355,41.801498,-87.763416,9,50299.788622940636,55.0,1.0395554864780852,0.0,62.0,48.0,-6.0,2.000000000000004,17.350948088281008,0.16096052222567492,64.25015542430836,0,0,1,0,0,0,0
6434,43680,62.0,48.0,55.0,5.0,36.0,6.7,1748,540,10.0,-6,53.45788043478261,50.0,0.0,0.01,29.355,41.801498,-87.763416,9,50298.759906759915,55.0,1.040947940947941,0.0,62.0,48.0,-6.0,2.000000000000004,17.353846153846153,0.16093706293706175,64.24794094794095,0,0,0,1,0,0,0
6435,43680,62.0,48.0,55.0,5.0,36.0,6.7,1748,540,10.0,-6,53.45788043478261,50.0,0.0,0.01,29.355,41.906638,-87.701431,9,50297.73151025482,55.0,1.0423399627097576,0.0,62.0,48.0,-6.0,2.000000000000004,17.356743318831573,0.16091361093846993,64.24572715972654,0,0,1,0,0,0,0
6436,43680,62.0,48.0,55.0,5.0,36.0,6.7,1748,540,10.0,-6,53.45788043478261,50.0,0.0,0.01,29.355,41.836644,-87.677737,9,50296.703433276365,55.0,1.0437315519652013,0.0,62.0,48.0,-6.0,2.000000000000004,17.359639583656982,0.16089016622650185,64.24351405934442,0,1,0,0,0,0,0
6437,43680,62.0,48.0,55.0,5.0,36.0,6.7,1748,540,10.0,-6,53.45788043478261,50.0,0.0,0.01,29.355,41.763733,-87.742302,9,50295.675675675666,55.0,1.0451227089158124,0.0,62.0,48.0,-6.0,2.000000000000004,17.362534948741846,0.1608667287977621,64.24130164647407,0,1,0,0,0,0,0
6438,43680,62.0,48.0,55.0,5.0,36.0,6.7,1748,540,10.0,-6,53.45788043478261,50.0,0.0,0.01,29.355,41.836644,-87.677737,9,50294.64823730393,55.0,1.0465134337630069,0.0,62.0,48.0,-6.0,2.000000000000004,17.365429414505357,0.16084329864885732,64.23908992079515,0,0,1,0,0,0,0
6439,43680,62.0,48.0,55.0,5.0,36.0,6.7,1748,540,10.0,-6,53.45788043478261,50.0,0.0,0.01,29.355,41.763733,-87.742302,9,50293.62111801242,55.0,1.0479037267080746,0.0,62.0,48.0,-6.0,2.000000000000004,17.36832298136646,0.16081987577639634,64.23687888198758,0,0,1,0,0,0,0
6440,43680,62.0,48.0,55.0,5.0,36.0,6.7,1748,540,10.0,-6,53.45788043478261,50.0,0.0,0.01,29.355,41.911824,-87.726737,9,50292.59431765254,55.0,1.0492935879521814,0.0,62.0,48.0,-6.0,2.000000000000004,17.371215649743828,0.16079646017698995,64.23466852973141,0,0,1,0,0,0,0
6441,43680,62.0,48.0,55.0,5.0,36.0,6.7,1748,540,10.0,-6,53.45788043478261,50.0,0.0,0.01,29.355,41.891118,-87.65449100000002,9,50291.56783607575,55.0,1.0506830176963675,0.0,62.0,48.0,-6.0,2.000000000000004,17.374107420055882,0.1607730518472512,64.23245886370692,0,0,1,0,0,0,0
6442,43680,62.0,48.0,55.0,5.0,36.0,6.7,1748,540,10.0,-6,53.45788043478261,50.0,0.0,0.01,29.355,41.867108,-87.654224,9,50290.54167313363,55.0,1.0520720161415489,0.0,62.0,48.0,-6.0,2.000000000000004,17.37699829272078,0.16074965078379516,64.2302498835946,0,0,1,0,0,0,0
6443,43680,62.0,48.0,55.0,5.0,36.0,6.7,1748,540,10.0,-6,53.45788043478261,50.0,0.0,0.01,29.355,41.867108,-87.654224,9,50289.51582867784,55.0,1.0534605834885165,0.0,62.0,48.0,-6.0,2.000000000000004,17.379888268156424,0.16072625698323906,64.2280415890751,0,0,0,1,0,0,0
6444,43680,62.0,48.0,55.0,5.0,36.0,6.7,1748,540,10.0,-6,53.45788043478261,50.0,0.0,0.01,29.355,41.896282,-87.655232,9,50288.490302560116,55.0,1.0548487199379364,0.0,62.0,48.0,-6.0,2.000000000000004,17.38277734678045,0.16070287044220205,64.22583397982933,0,0,1,0,0,0,0
6445,43680,62.0,48.0,55.0,5.0,36.0,6.7,1748,540,10.0,-6,53.45788043478261,50.0,0.0,0.01,29.355,41.921965,-87.632085,9,50287.46509463233,55.0,1.0562364256903507,0.0,62.0,48.0,-6.0,5.000000000000004,17.38566552901024,0.16067949115730565,64.22362705553832,0,0,1,0,0,0,0
6446,43680,62.0,48.0,55.0,5.0,36.0,6.7,1748,540,10.0,-6,53.45788043478261,50.0,0.0,0.01,29.355,41.921965,-87.632085,9,50286.440204746395,55.0,1.0576237009461764,0.0,62.0,48.0,-6.0,5.000000000000004,17.388552815262912,0.1606561191251733,64.22142081588336,0,0,0,1,0,0,0
6447,43680,62.0,48.0,55.0,5.0,36.0,6.7,1748,540,10.0,-6,53.45788043478261,50.0,0.0,0.01,29.355,41.801179,-87.679447,9,50285.415632754346,55.0,1.059010545905707,0.0,62.0,48.0,-6.0,5.000000000000004,17.391439205955336,0.16063275434243054,64.21921526054591,0,1,0,0,0,0,0
6448,43680,62.0,48.0,55.0,5.0,36.0,6.7,1748,540,10.0,-6,53.45788043478261,50.0,0.0,0.01,29.355,41.801179,-87.679447,9,50284.3913785083,55.0,1.0603969607691115,0.0,62.0,48.0,-6.0,5.000000000000004,17.394324701504107,0.1606093968057051,64.21701038920763,0,0,1,0,0,0,0
6449,43680,62.0,48.0,55.0,5.0,36.0,6.7,1748,540,10.0,-6,53.45788043478261,50.0,0.0,0.01,29.355,41.800737,-87.71188000000002,9,50283.36744186047,55.0,1.061782945736434,0.0,62.0,48.0,-6.0,5.000000000000004,17.39720930232558,0.1605860465116267,64.21480620155039,0,0,1,0,0,0,0
6450,43680,62.0,48.0,55.0,5.0,36.0,6.7,1748,540,10.0,-6,53.45788043478261,50.0,0.0,0.01,29.355,41.778297,-87.752411,9,50282.34382266316,55.0,1.0631685010075955,0.0,62.0,48.0,-6.0,5.000000000000004,17.40009300883584,0.1605627034568272,64.21260269725624,0,0,1,0,0,0,0
6451,43680,62.0,48.0,55.0,5.0,36.0,6.7,1748,540,10.0,-6,53.45788043478261,50.0,0.0,0.01,29.355,41.778297,-87.752411,9,50281.32052076876,55.0,1.064553626782393,0.0,62.0,48.0,-6.0,5.000000000000004,17.402975821450713,0.16053936763794052,64.21039987600743,0,0,0,1,0,0,0
6452,43680,62.0,48.0,55.0,5.0,36.0,6.7,1748,540,10.0,-6,53.45788043478261,50.0,0.0,0.01,29.355,41.77166,-87.703047,9,50280.297536029764,55.0,1.065938323260499,0.0,62.0,48.0,-6.0,5.000000000000004,17.405857740585773,0.1605160390516027,64.20819773748644,0,0,1,0,0,0,0
6453,43680,62.0,48.0,55.0,5.0,36.0,6.7,1748,540,10.0,-6,53.45788043478261,50.0,0.0,0.01,29.355,41.77166,-87.703047,9,50279.27486829873,55.0,1.0673225906414627,0.0,62.0,48.0,-6.0,5.000000000000004,17.408738766656338,0.16049271769445184,64.20599628137589,0,0,0,1,0,0,0
6454,43680,62.0,48.0,55.0,5.0,36.0,6.7,1748,540,10.0,-6,53.45788043478261,50.0,0.0,0.01,29.355,41.773215,-87.60088,9,50278.25251742835,55.0,1.0687064291247097,0.0,62.0,48.0,-6.0,5.000000000000004,17.41161890007746,0.16046940356312814,64.20379550735863,0,0,0,1,0,0,0
6455,43680,62.0,48.0,55.0,5.0,36.0,6.7,1748,540,10.0,-6,53.45788043478261,50.0,0.0,0.01,29.355,41.822536,-87.66634300000004,9,50277.23048327138,55.0,1.0700898389095417,0.0,62.0,48.0,-6.0,5.000000000000004,17.41449814126394,0.1604460966542739,64.20159541511772,0,0,1,0,0,0,0
6456,43680,62.0,48.0,55.0,5.0,36.0,6.7,1748,540,10.0,-6,53.45788043478261,50.0,0.0,0.01,29.355,41.822536,-87.66634300000004,9,50276.208765680654,55.0,1.0714728201951371,0.0,62.0,48.0,-6.0,5.000000000000004,17.417376490630325,0.1604227969645334,64.19939600433639,0,0,0,1,0,0,0
6457,43680,62.0,48.0,55.0,5.0,36.0,6.7,1748,540,10.0,-6,53.45788043478261,50.0,0.0,0.01,29.355,41.766202,-87.562889,9,50275.18736450913,55.0,1.0728553731805512,0.0,62.0,48.0,-6.0,5.000000000000004,17.420253948590894,0.16039950449055315,64.19719727469807,0,0,1,0,0,0,0
6458,43680,62.0,48.0,55.0,5.0,36.0,6.7,1748,540,10.0,-6,53.45788043478261,50.0,0.0,0.01,29.355,41.754676,-87.612922,9,50274.166279609846,55.0,1.0742374980647158,0.0,62.0,48.0,-6.0,5.000000000000004,17.423130515559684,0.1603762192289816,64.19499922588636,0,0,1,0,0,0,0
6459,43680,62.0,48.0,55.0,5.0,36.0,6.7,1748,540,10.0,-6,53.45788043478261,50.0,0.0,0.01,29.355,41.754676,-87.612922,9,50273.145510835915,55.0,1.0756191950464395,0.0,62.0,48.0,-6.0,5.000000000000004,17.426006191950464,0.16035294117646934,64.19280185758514,0,0,0,1,0,0,0
6460,43680,62.0,48.0,55.0,5.0,36.0,6.7,1748,540,10.0,-6,53.45788043478261,50.0,0.0,0.01,29.355,41.754292,-87.590773,9,50272.125058040554,55.0,1.077000464324408,0.0,62.0,48.0,-6.0,5.000000000000004,17.42888097817675,0.1603296703296691,64.1906051694784,0,0,0,1,0,0,0
6461,43680,62.0,48.0,55.0,5.0,36.0,6.7,1748,540,10.0,-6,53.45788043478261,50.0,0.0,0.01,29.355,41.723195,-87.64997,9,50271.10492107706,55.0,1.0783813060971836,0.0,62.0,48.0,-6.0,5.000000000000004,17.431754874651812,0.16030640668523555,64.18840916125039,0,0,1,0,0,0,0
6462,43680,62.0,48.0,55.0,5.0,36.0,6.7,1748,540,10.0,-6,53.45788043478261,50.0,0.0,0.01,29.355,41.868077,-87.666901,9,50270.085099798845,55.0,1.079761720563206,0.0,62.0,48.0,-6.0,5.000000000000004,17.434627881788646,0.16028315023982548,64.18621383258548,0,0,1,0,0,0,0
6463,43680,62.0,48.0,55.0,5.0,36.0,6.7,1748,540,10.0,-6,53.45788043478261,50.0,0.0,0.01,29.355,41.868077,-87.666901,9,50269.065594059415,55.0,1.081141707920792,0.0,62.0,48.0,-6.0,5.000000000000004,17.4375,0.1602599009900978,64.18401918316832,0,0,0,1,0,0,0
6464,43680,62.0,48.0,55.0,5.0,36.0,6.7,1748,540,10.0,-6,53.45788043478261,50.0,0.0,0.01,29.355,41.750498,-87.605294,9,50268.046403712295,55.0,1.0825212683681362,0.0,62.0,48.0,-6.0,5.000000000000004,17.440371229698375,0.16023665893271338,64.18182521268368,0,1,0,0,0,0,0
6465,43680,62.0,48.0,55.0,5.0,36.0,6.7,1748,540,10.0,-6,53.45788043478261,50.0,0.0,0.01,29.355,41.750498,-87.605294,9,50267.0275286112,55.0,1.0839004021033096,0.0,62.0,48.0,-6.0,5.000000000000004,17.44324157129601,0.1602134240643353,64.17963192081658,0,0,1,0,0,0,0
6466,43680,62.0,48.0,55.0,5.0,36.0,6.7,1748,540,10.0,-6,53.45788043478261,50.0,0.0,0.01,29.355,41.750498,-87.605294,9,50266.008968609865,55.0,1.0852791093242615,0.0,62.0,48.0,-6.0,5.000000000000004,17.446111025204885,0.1601901963816286,64.1774393072522,0,0,0,0,1,0,0
6467,43680,62.0,48.0,55.0,5.0,36.0,6.7,1748,540,10.0,-6,53.45788043478261,50.0,0.0,0.01,29.355,41.798697,-87.736812,9,50264.99072356215,55.0,1.0866573902288188,0.0,62.0,48.0,-6.0,5.000000000000004,17.448979591836732,0.16016697588126036,64.17524737167594,0,0,1,0,0,0,0
6468,43680,62.0,48.0,55.0,5.0,36.0,6.7,1748,540,10.0,-6,53.45788043478261,50.0,0.0,0.01,29.355,41.798697,-87.736812,9,50263.972793322,55.0,1.0880352450146855,0.0,62.0,48.0,-6.0,5.000000000000004,17.45184727160303,0.16014376255989984,64.17305611377338,0,0,0,1,0,0,0
6469,43680,62.0,48.0,55.0,5.0,36.0,6.7,1748,540,10.0,-6,53.45788043478261,50.0,0.0,0.01,29.355,41.673408,-87.599862,9,50262.955177743424,55.0,1.0894126738794436,0.0,62.0,48.0,-6.0,5.000000000000004,17.454714064914988,0.16012055641421824,64.1708655332303,0,0,1,0,0,0,0
6470,43680,62.0,48.0,55.0,5.0,36.0,6.7,1748,540,10.0,-6,53.45788043478261,50.0,0.0,0.01,29.355,41.673408,-87.599862,9,50261.937876680575,55.0,1.0907896770205532,0.0,62.0,48.0,-6.0,5.000000000000004,17.457579972183588,0.1600973574408889,64.16867562973265,0,0,0,1,0,0,0
6471,43680,62.0,48.0,55.0,5.0,36.0,6.7,1748,540,10.0,-6,53.45788043478261,50.0,0.0,0.01,29.355,41.704572,-87.56566600000002,9,50260.92088998764,55.0,1.0921662546353523,0.0,62.0,48.0,-6.0,5.000000000000004,17.46044499381953,0.16007416563658716,64.16648640296663,0,0,1,0,0,0,0
6472,43680,62.0,48.0,55.0,5.0,36.0,6.7,1748,540,10.0,-6,53.45788043478261,50.0,0.0,0.01,29.355,41.662014,-87.72460799999998,9,50259.904217518924,55.0,1.0935424069210566,0.0,62.0,48.0,-6.0,5.000000000000004,17.463309130233277,0.16005098099799042,64.16429785261857,0,0,1,0,0,0,0
6473,43680,62.0,48.0,55.0,5.0,36.0,6.7,1748,540,10.0,-6,53.45788043478261,50.0,0.0,0.01,29.355,41.72646500000001,-87.585413,9,50258.887859128816,55.0,1.094918134074761,0.0,62.0,48.0,-6.0,5.000000000000004,17.466172381835033,0.1600278035217782,64.16210997837503,0,0,1,0,0,0,0
6474,43680,62.0,48.0,55.0,5.0,36.0,6.7,1748,540,10.0,-6,53.45788043478261,50.0,0.0,0.01,29.355,41.878114,-87.629798,9,50257.87181467182,55.0,1.0962934362934362,0.0,62.0,48.0,-6.0,5.000000000000004,17.469034749034748,0.160004633204632,64.15992277992278,0,0,1,0,0,0,0
6475,43680,62.0,48.0,55.0,5.0,36.0,6.7,1748,540,10.0,-6,53.45788043478261,50.0,0.0,0.01,29.355,41.932094,-87.700117,9,50256.85608400247,55.0,1.0976683137739345,0.0,62.0,48.0,-6.0,5.000000000000004,17.471896232242123,0.15998147004323532,64.15773625694874,0,0,1,0,0,0,0
6476,43680,62.0,48.0,55.0,5.0,36.0,6.7,1748,540,10.0,-6,53.45788043478261,50.0,0.0,0.01,29.355,41.932094,-87.700117,9,50255.84066697546,55.0,1.0990427667129845,0.0,62.0,48.0,-6.0,5.000000000000004,17.474756831866607,0.15995831403427388,64.15555040914003,0,0,0,1,0,0,0
6477,43680,62.0,48.0,55.0,5.0,36.0,6.7,1748,540,10.0,-6,53.45788043478261,50.0,0.0,0.01,29.355,41.916265,-87.800515,9,50254.825563445505,55.0,1.1004167953071935,0.0,62.0,48.0,-6.0,5.000000000000004,17.477616548317382,0.15993516517443532,64.153365236184,0,1,0,0,0,0,0
6478,43680,62.0,48.0,55.0,5.0,36.0,6.7,1748,540,10.0,-6,53.45788043478261,50.0,0.0,0.01,29.355,41.916265,-87.800515,9,50253.81077326748,55.0,1.1017903997530485,0.0,62.0,48.0,-6.0,5.000000000000004,17.480475382003394,0.1599120234604093,64.15118073776817,0,0,1,0,0,0,0
6479,43680,62.0,48.0,55.0,5.0,36.0,6.7,1748,540,10.0,-6,53.45788043478261,50.0,0.0,0.01,29.355,41.916265,-87.800515,9,50252.7962962963,55.0,1.1031635802469135,0.0,62.0,48.0,-6.0,5.000000000000004,17.483333333333334,0.15988888888888764,64.14899691358025,0,0,0,1,0,0,0
6480,43680,62.0,48.0,55.0,5.0,36.0,6.7,1748,540,10.0,-6,53.45788043478261,50.0,0.0,0.01,29.355,41.846075,-87.716277,9,50251.78213238698,55.0,1.1045363369850332,0.0,62.0,48.0,-6.0,5.000000000000004,17.486190402715632,0.15986576145656411,64.14681376330813,0,0,0,1,0,0,0
6481,43680,62.0,48.0,55.0,5.0,36.0,6.7,1748,540,10.0,-6,53.45788043478261,50.0,0.0,0.01,29.355,41.776156,-87.778927,9,50250.76828139463,55.0,1.1059086701635297,0.0,62.0,48.0,-6.0,5.000000000000004,17.489046590558473,0.15984264116013452,64.14463128663992,0,0,1,0,0,0,0
6482,43680,62.0,48.0,55.0,5.0,36.0,6.7,1748,540,10.0,-6,53.45788043478261,50.0,0.0,0.01,29.355,41.682587,-87.707973,9,50249.75474317445,55.0,1.1072805799784051,0.0,62.0,48.0,-6.0,5.000000000000004,17.491901897269784,0.15981952799629676,64.14244948326392,0,0,1,0,0,0,0
